0.100692 0.899307 0.000002
0.000158 0.999842 -0.000000
0.513034 0.472547 0.014419
0.000000 1.000000 0.000000
0.000685 0.999315 0.000000
0.061066 0.938381 0.000553
0.926476 0.059804 0.013720
0.401655 0.000755 0.597591
0.013404 0.986590 0.000006
0.140520 0.815927 0.043553
0.303851 0.000003 0.696146
0.000221 0.000000 0.999779
0.000352 0.000000 0.999648
0.639144 0.360651 0.000205
0.000357 0.000000 0.999643
0.166749 0.000015 0.833236
0.024877 0.975063 0.000060
0.000082 0.999918 -0.000000
0.992829 0.000000 0.007170
0.790118 0.207753 0.002129
0.902263 0.008682 0.089055
0.033773 0.000002 0.966226
0.070829 0.918459 0.010713
0.712671 0.226750 0.060579
0.495803 0.496782 0.007415
0.001460 0.998540 0.000000
0.999056 0.000920 0.000025
0.618871 0.000125 0.381004
0.610328 0.041038 0.348634
0.955988 0.006360 0.037652
0.199910 0.000007 0.800084
0.877109 0.060749 0.062142
0.999892 0.000037 0.000071
0.668168 0.139128 0.192704
0.999844 0.000011 0.000145
0.297875 0.000049 0.702076
0.501875 0.001875 0.496250
0.359114 0.001222 0.639665
0.615212 0.373054 0.011734
0.000039 0.999961 0.000000
0.898246 0.092905 0.008850
0.132846 0.858078 0.009076
0.019645 0.980078 0.000277
0.376672 0.603939 0.019388
0.734749 0.174736 0.090515
0.363797 0.083806 0.552396
0.989697 0.000005 0.010298
0.675279 0.000242 0.324479
0.001937 0.998063 0.000000
0.172281 0.000068 0.827651
0.004384 0.995616 0.000000
0.665475 0.190267 0.144258
0.997334 0.000000 0.002666
0.997827 0.001852 0.000321
0.652091 0.340825 0.007084
0.998990 0.001008 0.000001
0.999842 0.000152 0.000006
0.695795 0.002181 0.302024
0.221764 0.772862 0.005374
0.560101 0.364406 0.075493
0.359659 0.581766 0.058575
0.037899 0.000000 0.962101
0.585703 0.401478 0.012819
0.000005 0.999995 0.000000
0.970415 0.011150 0.018435
0.993419 0.000131 0.006451
0.524427 0.409752 0.065821
0.060709 0.939287 0.000004
0.329622 0.663843 0.006535
0.470270 0.380210 0.149521
0.924270 0.072493 0.003237
0.141417 0.856850 0.001733
0.958787 0.000030 0.041182
0.499316 0.401161 0.099523
0.000075 0.000000 0.999925
0.088382 0.910465 0.001154
0.997791 0.000042 0.002166
0.000131 0.999869 0.000000
0.102871 0.896603 0.000525
0.741462 0.164248 0.094289
0.000038 0.999962 0.000000
0.106106 0.887557 0.006338
0.436253 0.000003 0.563745
0.941957 0.000117 0.057926
0.073672 0.925823 0.000505
0.799396 0.001159 0.199445
0.436253 0.000355 0.563391
0.000010 0.999990 -0.000000
0.076602 0.000000 0.923398
0.702755 0.260680 0.036566
0.045411 0.000001 0.954589
0.957884 0.024385 0.017731
0.931618 0.001817 0.066565
0.576168 0.066200 0.357632
0.037040 0.962904 0.000055
0.034281 0.965718 0.000001
0.568750 0.335008 0.096242
0.144369 0.074730 0.780902
0.103004 0.861696 0.035300
0.500918 0.000551 0.498531
0.365422 0.000385 0.634193
0.008076 0.991924 0.000000
0.018575 0.981424 0.000000
0.102474 0.000021 0.897505
0.000028 0.999972 0.000000
0.043677 0.956303 0.000020
0.398552 0.000066 0.601382
0.638942 0.152338 0.208720
0.636143 0.224050 0.139807
0.003307 0.000000 0.996693
0.686407 0.278324 0.035269
0.576842 0.000666 0.422493
0.003136 0.000000 0.996864
0.949338 0.005137 0.045525
0.941698 0.040517 0.017785
0.852354 0.002513 0.145133
0.526706 0.472307 0.000988
0.451730 0.111105 0.437165
0.053664 0.946147 0.000189
0.000172 0.000000 0.999828
0.004586 0.995401 0.000014
0.024804 0.000007 0.975189
0.763759 0.000411 0.235830
0.936734 0.002553 0.060712
0.234612 0.759489 0.005899
0.743448 0.246534 0.010019
0.876889 0.010397 0.112714
0.622425 0.110440 0.267134
0.508874 0.475291 0.015835
0.361124 0.636529 0.002348
0.326450 0.672934 0.000616
0.092775 0.907204 0.000021
0.027907 0.970974 0.001119
0.477269 0.000051 0.522680
0.000044 0.999956 0.000000
0.952980 0.033485 0.013535
0.028634 0.971360 0.000006
0.652640 0.230930 0.116430
0.563107 0.380924 0.055969
0.333438 0.666545 0.000017
0.311083 0.000010 0.688907
0.156998 0.480765 0.362237
0.461013 0.007781 0.531206
0.497624 0.426829 0.075547
0.727318 0.010894 0.261788
0.665781 0.270667 0.063552
0.020163 0.000000 0.979837
0.142437 0.014232 0.843331
0.057224 0.942769 0.000007
0.423668 0.527229 0.049103
0.265779 0.731921 0.002300
0.509740 0.000636 0.489624
0.440363 0.410905 0.148732
0.811968 0.000037 0.187996
0.003977 0.995993 0.000031
0.966657 0.005613 0.027730
0.015471 0.984529 0.000000
0.642296 0.225557 0.132147
0.063892 0.884535 0.051573
0.185113 0.000004 0.814884
0.411397 0.000177 0.588426
0.601734 0.317482 0.080784
0.690851 0.307236 0.001913
0.000088 0.000000 0.999912
0.566291 0.430367 0.003343
0.567236 0.009948 0.422816
0.001438 0.998562 0.000000
0.957306 0.006914 0.035781
0.965735 0.010837 0.023428
0.970551 0.007493 0.021955
0.999659 0.000021 0.000320
0.021110 0.978859 0.000031
0.019659 0.980340 0.000001
0.997522 0.002478 0.000000
0.000556 0.999443 0.000000
0.419866 0.578573 0.001560
0.584796 0.000357 0.414847
0.386800 0.005990 0.607210
0.003087 0.996913 0.000000
0.130804 0.000164 0.869032
0.162663 0.000013 0.837325
0.311995 0.679412 0.008593
0.820132 0.033539 0.146329
0.331849 0.399418 0.268733
0.211653 0.788171 0.000176
0.026162 0.973834 0.000004
0.167843 0.303678 0.528478
0.416916 0.505766 0.077318
0.914260 0.000140 0.085600
0.017968 0.982030 0.000002
0.941268 0.000000 0.058732
0.234366 0.000024 0.765611
0.100303 0.843014 0.056684
0.999730 0.000183 0.000087
0.000657 0.999343 0.000000
0.822046 0.037973 0.139981
0.172025 0.352925 0.475050
0.000003 0.999997 -0.000000
0.000014 0.999986 0.000000
0.473799 0.214034 0.312168
0.066700 0.927019 0.006281
0.852954 0.001454 0.145592
0.884473 0.002210 0.113318
0.004230 0.995769 0.000001
0.774107 0.000018 0.225875
0.679085 0.306811 0.014104
0.878822 0.009032 0.112145
0.339717 0.648213 0.012070
0.000882 0.999118 0.000000
0.515891 0.195186 0.288923
0.000387 0.999613 0.000000
0.000003 0.999997 -0.000000
0.002747 0.997253 0.000000
0.976482 0.012741 0.010777
0.500147 0.379945 0.119908
0.271125 0.728138 0.000737
0.958049 0.000033 0.041918
0.481754 0.000068 0.518178
0.000974 0.999026 0.000000
0.304579 0.688493 0.006927
0.012431 0.987568 0.000000
0.891323 0.000710 0.107966
0.071519 0.000009 0.928472
0.032996 0.000015 0.966989
0.002025 0.997975 0.000000
0.544833 0.000117 0.455050
0.023576 0.000000 0.976423
0.999820 0.000005 0.000175
0.189350 0.806400 0.004250
0.827316 0.031101 0.141583
0.720751 0.202784 0.076465
0.999359 0.000570 0.000071
0.640473 0.316480 0.043047
0.911301 0.006070 0.082629
0.680101 0.295561 0.024338
0.546829 0.002405 0.450766
0.914954 0.000495 0.084550
0.745482 0.025501 0.229017
0.633279 0.015497 0.351224
0.676263 0.316640 0.007098
0.136729 0.000030 0.863240
0.455654 0.000032 0.544315
0.000491 0.000000 0.999509
0.957007 0.010611 0.032382
0.940881 0.002521 0.056598
0.046873 0.953125 0.000001
0.882502 0.011241 0.106257
0.001560 0.998440 0.000000
0.787726 0.008125 0.204149
0.728796 0.034626 0.236578
0.185932 0.041928 0.772140
0.404660 0.595258 0.000081
0.727710 0.126762 0.145528
0.023169 0.000000 0.976831
0.803996 0.001750 0.194255
0.685790 0.000408 0.313802
0.999926 0.000023 0.000051
0.943840 0.046747 0.009413
0.000000 1.000000 -0.000000
0.962597 0.004639 0.032763
0.923385 0.072193 0.004423
0.000194 0.999806 0.000000
0.000028 0.999972 0.000000
0.000026 -0.000000 0.999974
0.979273 0.000094 0.020633
0.504909 0.148887 0.346204
0.358057 0.508620 0.133322
0.950642 0.015911 0.033447
0.478876 0.365624 0.155500
0.972450 0.010270 0.017280
0.629605 0.002357 0.368038
0.174371 0.000071 0.825558
0.003200 0.000000 0.996800
0.426887 0.334495 0.238617
0.958746 0.032160 0.009094
0.013518 0.986452 0.000030
0.971238 0.000001 0.028761
0.644805 0.163933 0.191261
0.000000 1.000000 -0.000000
0.016257 0.983743 0.000000
0.935005 0.002237 0.062758
0.761274 0.004264 0.234462
0.479232 0.333279 0.187489
0.868597 0.027852 0.103551
0.855484 0.000599 0.143917
0.644387 0.335217 0.020396
0.000106 0.999894 0.000000
0.519064 0.453533 0.027403
0.015235 0.984759 0.000006
0.008085 0.991915 0.000000
0.016161 0.000000 0.983839
0.778625 0.090219 0.131156
0.835758 0.004334 0.159908
0.000601 0.999399 0.000000
0.385145 0.001323 0.613532
0.216147 0.447315 0.336537
0.970056 0.016249 0.013695
0.949889 0.006259 0.043852
0.000000 1.000000 0.000000
0.391449 0.395301 0.213251
0.946467 0.028047 0.025486
0.352231 0.640336 0.007434
0.787393 0.000437 0.212169
0.913505 0.000418 0.086077
0.003641 0.000000 0.996359
0.026352 0.973648 0.000001
0.402934 0.596756 0.000310
0.974673 0.000046 0.025281
0.046579 0.952532 0.000889
0.881663 0.003265 0.115072
0.015356 0.000000 0.984644
0.788048 0.210729 0.001223
0.022358 0.977639 0.000003
0.124769 0.000001 0.875231
0.721798 0.000000 0.278202
0.062026 0.933036 0.004938
0.000000 1.000000 0.000000
0.437970 0.530514 0.031516
0.000258 0.999742 0.000000
0.491424 0.505420 0.003156
0.747607 0.122543 0.129850
0.943520 0.003256 0.053224
0.000005 -0.000000 0.999995
0.000116 0.999884 0.000000
0.114617 0.885380 0.000002
0.861399 0.136413 0.002189
0.849449 0.005062 0.145489
0.024697 0.000000 0.975303
0.016356 0.000000 0.983644
0.918762 0.072740 0.008498
0.999299 0.000631 0.000070
0.999131 0.000054 0.000816
0.000018 0.000000 0.999982
0.870613 0.000036 0.129352
0.295192 0.041173 0.663635
0.013340 0.986660 0.000000
0.283107 0.539616 0.177277
0.025876 0.000001 0.974123
0.810572 0.094708 0.094719
0.385519 0.614355 0.000126
0.645122 0.000112 0.354766
0.567761 0.279108 0.153131
0.000007 0.999993 -0.000000
0.502372 0.439334 0.058294
0.001413 0.998587 0.000000
0.002025 0.000000 0.997975
0.903135 0.001765 0.095099
0.002776 0.000000 0.997224
0.572539 0.426135 0.001326
0.312613 0.100523 0.586865
0.856260 0.002525 0.141215
0.340016 0.653204 0.006780
0.001932 0.998068 0.000000
0.819006 0.180994 0.000000
0.611348 0.383155 0.005498
0.185566 0.000147 0.814286
0.739779 0.174771 0.085450
0.132857 0.001870 0.865273
0.359621 0.638886 0.001493
0.236575 0.171103 0.592322
0.916564 0.001326 0.082110
0.279800 0.719483 0.000717
0.478916 0.511770 0.009314
0.067740 0.000003 0.932256
0.001128 0.998871 0.000000
0.929601 0.000001 0.070397
0.923473 0.004573 0.071953
0.542126 0.437329 0.020545
0.000508 0.000000 0.999492
0.000028 0.999972 0.000000
0.837803 0.000673 0.161524
0.499998 0.350474 0.149528
0.000074 0.999926 0.000000
0.000243 0.999757 0.000000
0.000270 0.000000 0.999730
0.349165 0.000236 0.650599
0.999607 0.000008 0.000385
0.861962 0.004249 0.133789
0.000303 0.999697 0.000000
0.000545 0.999455 0.000000
0.857612 0.139642 0.002746
0.356832 0.339373 0.303795
0.980585 0.019415 0.000000
0.393209 0.483712 0.123079
0.050511 0.000004 0.949485
0.867081 0.023046 0.109873
0.997361 0.000149 0.002490
0.000000 1.000000 -0.000000
0.024014 0.975985 0.000000
0.000143 0.000000 0.999857
0.878762 0.003627 0.117611
0.495337 0.498955 0.005708
0.315328 0.050567 0.634105
0.274067 0.692267 0.033666
0.038503 0.000000 0.961497
0.098936 0.000000 0.901064
0.966888 0.019268 0.013845
0.003843 0.996157 0.000000
0.922252 0.071874 0.005874
0.039982 0.960017 0.000000
0.000011 0.999989 0.000000
0.387582 0.226167 0.386250
0.068933 0.000006 0.931060
0.058524 0.941027 0.000449
0.341214 0.000179 0.658607
0.057804 0.000006 0.942190
0.310211 0.661928 0.027861
0.064108 0.935695 0.000196
0.312022 0.000008 0.687969
0.075921 0.923543 0.000536
0.310893 0.645961 0.043146
0.167794 0.460655 0.371550
0.333101 0.539682 0.127217
0.032299 0.967672 0.000029
0.999768 0.000006 0.000226
0.341408 0.180178 0.478414
0.997819 0.000011 0.002170
0.000314 0.999686 0.000000
0.930197 0.002246 0.067557
0.445636 0.396971 0.157393
0.000580 0.999420 0.000000
0.311299 0.649457 0.039244
0.938894 0.001672 0.059434
0.173938 0.820660 0.005402
0.198037 0.000059 0.801904
0.200717 0.001104 0.798179
0.231393 0.000002 0.768605
0.999490 0.000507 0.000003
0.015383 0.984616 0.000001
0.000001 0.000000 0.999999
0.774411 0.001703 0.223886
0.019562 0.000000 0.980438
0.266906 0.728309 0.004785
0.450158 0.516648 0.033194
0.141070 0.858918 0.000012
0.085985 0.000009 0.914006
0.152707 0.000004 0.847289
0.706314 0.038107 0.255579
0.009255 0.000000 0.990745
0.025987 0.000000 0.974012
0.998867 0.000015 0.001118
0.627133 0.001411 0.371456
0.999879 0.000087 0.000034
0.000796 0.999204 0.000000
0.848853 0.002038 0.149109
0.999777 0.000041 0.000182
0.284297 0.082016 0.633687
0.163673 0.000040 0.836287
0.000543 0.999457 0.000000
0.417786 0.110388 0.471826
0.495130 0.499769 0.005100
0.645241 0.000365 0.354394
0.002708 0.000000 0.997292
0.999897 0.000008 0.000095
0.000000 1.000000 -0.000000
0.000025 0.000000 0.999975
0.957480 0.025856 0.016663
0.004619 0.000000 0.995381
0.710681 0.259853 0.029466
0.006222 0.000000 0.993778
0.701593 0.295197 0.003210
0.720006 0.182331 0.097663
0.592943 0.252115 0.154942
0.002101 0.997899 0.000000
0.005511 0.994489 0.000000
0.088851 0.881313 0.029836
0.111686 0.000001 0.888313
0.296908 0.702776 0.000317
0.000000 1.000000 -0.000000
0.076459 0.923538 0.000004
0.040379 0.000000 0.959620
0.610955 0.010544 0.378502
0.438207 0.113412 0.448381
0.001167 0.998833 0.000000
0.021660 0.978263 0.000077
0.224117 0.155725 0.620158
0.003555 0.996445 0.000000
0.851918 0.146538 0.001543
0.651594 0.052569 0.295836
0.019123 0.980496 0.000381
0.134591 0.651566 0.213844
0.789146 0.075495 0.135359
0.014701 0.000000 0.985299
0.769214 0.000017 0.230769
0.999865 0.000119 0.000015
0.079919 0.919651 0.000430
0.632426 0.326920 0.040654
0.900027 0.001920 0.098053
0.820677 0.044616 0.134707
0.322280 0.677670 0.000050
0.450445 0.541698 0.007857
0.148639 0.000001 0.851360
0.015773 0.000000 0.984227
0.381484 0.000280 0.618236
0.611976 0.313486 0.074538
0.578753 0.208852 0.212395
0.169543 0.668810 0.161647
0.432481 0.183074 0.384445
0.672590 0.239603 0.087807
0.663148 0.009154 0.327698
0.006539 0.993461 0.000000
0.049245 0.950624 0.000132
0.127618 0.829523 0.042858
0.260641 0.008477 0.730881
0.451973 0.545280 0.002746
0.671201 0.306033 0.022766
0.566951 0.427290 0.005759
0.102689 0.003909 0.893402
0.073750 0.000000 0.926249
0.467468 0.509909 0.022623
0.899649 0.072291 0.028060
0.719809 0.148341 0.131850
0.857726 0.016376 0.125898
0.554707 0.394688 0.050605
0.732191 0.000608 0.267201
0.701124 0.012966 0.285910
0.095670 0.000243 0.904087
0.001080 0.998920 0.000000
0.685518 0.239013 0.075469
0.309740 0.690256 0.000004
0.004638 0.995361 0.000001
0.596037 0.248265 0.155698
0.002138 0.000000 0.997862
0.536550 0.007672 0.455778
0.112153 0.000006 0.887841
0.045198 0.944155 0.010647
0.000240 0.999760 0.000000
0.320415 0.000033 0.679552
0.999609 0.000345 0.000046
0.213047 0.786106 0.000847
0.001112 0.998887 0.000001
0.000063 0.999937 0.000000
0.991979 0.000024 0.007997
0.816605 0.053359 0.130036
0.895999 0.000000 0.104001
0.262751 0.000008 0.737241
0.114151 0.135568 0.750281
0.949106 0.005671 0.045223
0.131783 0.842350 0.025867
0.000100 0.000000 0.999900
0.373830 0.485731 0.140439
0.665386 0.320812 0.013801
0.999717 0.000114 0.000170
0.400484 0.510811 0.088705
0.312576 0.687211 0.000214
0.048345 0.948395 0.003260
0.000881 0.999119 0.000000
0.279544 0.701122 0.019334
0.034187 0.000000 0.965813
0.994943 0.004995 0.000062
0.770093 0.140932 0.088975
0.167610 0.782251 0.050139
0.001817 0.998183 0.000000
0.947251 0.003107 0.049642
0.001484 0.000000 0.998516
0.919322 0.033477 0.047201
0.901476 0.045606 0.052918
0.369115 0.630185 0.000700
0.000008 0.999992 -0.000000
0.084492 0.000548 0.914960
0.000527 0.999473 0.000000
0.419699 0.576355 0.003945
0.764223 0.235236 0.000542
0.035250 0.000002 0.964747
0.005981 0.000000 0.994019
0.168878 0.831116 0.000006
0.271202 0.680714 0.048084
0.018209 0.981787 0.000004
0.991223 0.000016 0.008761
0.415960 0.566489 0.017551
0.895530 0.100347 0.004124
0.596768 0.000298 0.402934
0.929085 0.001197 0.069718
0.007103 0.992897 0.000000
0.298829 0.701046 0.000125
0.501390 0.483890 0.014720
0.008852 0.991142 0.000006
0.000328 0.999672 0.000000
0.999424 0.000531 0.000044
0.486385 0.513178 0.000437
0.023353 0.000000 0.976647
0.001791 0.000000 0.998209
0.658878 0.190840 0.150282
0.000133 0.000000 0.999867
0.993622 0.006340 0.000039
0.997100 0.002898 0.000002
0.804651 0.195349 0.000000
0.018569 0.981430 0.000001
0.045789 0.953598 0.000612
0.305892 0.693648 0.000460
0.121358 0.877018 0.001624
0.095951 0.000000 0.904049
0.708682 0.289922 0.001396
0.017231 0.982761 0.000007
0.704971 0.248028 0.047001
0.000001 0.999999 0.000000
0.728337 0.003773 0.267890
0.932757 0.003062 0.064181
0.000699 0.000000 0.999301
0.069612 0.930232 0.000156
0.627684 0.365805 0.006512
0.204542 0.524412 0.271045
0.478704 0.520130 0.001166
0.857192 0.016938 0.125869
0.002376 0.997624 0.000000
0.095108 0.904814 0.000078
0.075552 0.860094 0.064354
0.357723 0.012956 0.629321
0.234495 0.750133 0.015372
0.611806 0.001293 0.386901
0.358925 0.427843 0.213232
0.171334 0.000080 0.828586
0.806320 0.001378 0.192301
0.028345 0.971173 0.000482
0.026645 0.973354 0.000000
0.440885 0.479093 0.080022
0.462287 0.496471 0.041242
0.010207 0.000000 0.989793
0.124080 0.000000 0.875920
0.090865 0.673219 0.235916
0.133958 0.866020 0.000021
0.241298 0.319991 0.438710
0.045304 0.000000 0.954696
0.030630 0.000001 0.969368
0.951173 0.003978 0.044849
0.035186 0.000000 0.964814
0.015609 0.983986 0.000405
0.033794 0.966195 0.000012
0.838055 0.002801 0.159144
0.826087 0.032656 0.141257
0.001150 0.998849 0.000001
0.026511 0.973473 0.000016
0.016703 0.983297 0.000000
0.001671 0.998329 0.000000
0.384665 0.366375 0.248959
0.694046 0.207578 0.098376
0.179861 0.739521 0.080619
0.886201 0.000202 0.113597
0.118824 0.000029 0.881147
0.000144 0.999856 0.000000
0.746301 0.107780 0.145919
0.787025 0.001231 0.211743
0.907427 0.077863 0.014710
0.717342 0.281853 0.000805
0.224914 0.774985 0.000102
0.524534 0.369964 0.105502
0.473361 0.515699 0.010939
0.160563 0.839075 0.000362
0.904981 0.006887 0.088131
0.866391 0.080949 0.052660
0.000247 0.999753 0.000000
0.692106 0.012170 0.295724
0.928294 0.004303 0.067404
0.722898 0.007559 0.269543
0.312306 0.000066 0.687628
0.772196 0.120943 0.106861
0.104259 0.881440 0.014300
0.670355 0.003629 0.326017
0.027066 0.972914 0.000020
0.150597 0.596504 0.252899
0.911888 0.001375 0.086737
0.540316 0.423130 0.036554
0.071850 0.913089 0.015060
0.000065 0.999935 0.000000
0.000132 0.999868 0.000000
0.873140 0.017317 0.109543
0.785274 0.002694 0.212032
0.272481 0.000006 0.727513
0.005143 0.994857 0.000000
0.654407 0.001725 0.343868
0.167271 0.832726 0.000003
0.015670 0.984330 0.000000
0.881940 0.018424 0.099636
0.855881 0.007041 0.137078
0.000194 0.999806 0.000000
0.086219 0.000135 0.913645
0.572451 0.143234 0.284316
0.152465 0.847146 0.000389
0.548774 0.134601 0.316624
0.963111 0.005481 0.031407
0.916727 0.003297 0.079976
0.000297 0.999703 0.000000
0.486167 0.000907 0.512926
0.937742 0.000031 0.062226
0.080841 0.918904 0.000255
0.057733 0.000000 0.942267
0.458045 0.520975 0.020980
0.950192 0.043860 0.005948
0.001436 0.998564 0.000000
0.993782 0.000016 0.006202
0.114926 0.000005 0.885069
0.936109 0.002558 0.061333
0.788082 0.002363 0.209555
0.000215 0.999785 0.000000
0.170957 0.824608 0.004435
0.035047 0.000001 0.964952
0.001671 0.998329 0.000000
0.010181 0.989818 0.000002
0.692625 0.256900 0.050475
0.022803 0.977196 0.000001
0.396063 0.603838 0.000099
0.020298 0.000000 0.979702
0.998896 0.000042 0.001062
0.645343 0.014082 0.340575
0.021037 0.978660 0.000303
0.000014 0.999986 0.000000
0.007674 0.992262 0.000064
0.812433 0.007232 0.180335
0.303750 0.644099 0.052152
0.416349 0.583200 0.000451
0.026019 0.973980 0.000001
0.056842 0.943158 0.000001
0.104049 0.895552 0.000399
0.758429 0.241263 0.000308
0.951283 0.000609 0.048108
0.428234 0.571317 0.000448
0.085186 0.914084 0.000730
0.042323 0.957306 0.000370
0.001160 0.998840 0.000000
0.999113 0.000059 0.000828
0.087963 0.000020 0.912017
0.327654 0.644402 0.027944
0.330011 0.000518 0.669471
0.002449 0.997551 0.000000
0.861756 0.129377 0.008867
0.959229 0.018356 0.022416
0.016462 0.983516 0.000022
0.000282 0.999718 0.000000
0.826488 0.000282 0.173230
0.826460 0.016853 0.156687
0.504410 0.000110 0.495480
0.010538 0.989462 0.000000
0.000000 1.000000 0.000000
0.312307 0.686249 0.001443
0.655378 0.000363 0.344258
0.341994 0.653599 0.004407
0.002760 0.997240 0.000000
0.563051 0.405526 0.031424
0.004203 0.000000 0.995797
0.471538 0.000147 0.528314
0.687110 0.312373 0.000517
0.946437 0.047413 0.006150
0.000114 0.999886 0.000000
0.399447 0.153958 0.446595
0.005663 0.000000 0.994337
0.216157 0.021168 0.762675
0.019262 0.000000 0.980738
0.183072 0.151590 0.665338
0.202621 0.000100 0.797279
0.952228 0.010606 0.037166
0.000002 0.999998 0.000000
0.381709 0.618110 0.000181
0.946820 0.006086 0.047094
0.226165 0.000171 0.773664
0.998525 0.001474 0.000001
0.002279 0.997720 0.000001
0.294805 0.704684 0.000511
0.001595 0.998405 0.000000
0.359014 0.640470 0.000516
0.992370 0.007629 0.000001
0.209423 0.000009 0.790568
0.000000 1.000000 -0.000000
0.834405 0.163756 0.001839
0.031157 0.968777 0.000066
0.045003 0.954901 0.000095
0.742294 0.074099 0.183607
0.415976 0.159023 0.425001
0.396493 0.376416 0.227091
0.166150 0.830924 0.002927
0.930682 0.044285 0.025033
0.050968 0.948339 0.000694
0.017511 0.982488 0.000001
0.821383 0.000024 0.178593
0.253563 0.000000 0.746437
0.801075 0.003833 0.195092
0.879271 0.035583 0.085146
0.229486 0.000433 0.770081
0.550387 0.012803 0.436810
0.999028 0.000028 0.000944
0.000006 0.999994 -0.000000
0.352198 0.647082 0.000720
0.890711 0.092255 0.017034
0.000547 0.000000 0.999453
0.670374 0.327961 0.001665
0.770755 0.081927 0.147318
0.493513 0.496512 0.009975
0.738173 0.114742 0.147086
0.000757 0.000000 0.999243
0.000071 0.000000 0.999929
0.742503 0.039975 0.217523
0.808778 0.000006 0.191216
0.066269 0.000007 0.933724
0.659423 0.000391 0.340186
0.012123 0.000000 0.987877
0.154543 0.000055 0.845402
0.371067 0.448095 0.180838
0.068885 0.931114 0.000001
0.003412 0.996584 0.000003
0.371895 0.405454 0.222651
0.486194 0.179863 0.333944
0.046621 0.953379 0.000000
0.619565 0.099808 0.280626
0.133502 0.000007 0.866491
0.001780 0.998219 0.000001
0.000035 0.999965 0.000000
0.499194 0.369527 0.131279
0.203827 0.795637 0.000536
0.001773 0.998227 0.000000
0.583807 0.400665 0.015529
0.001507 0.000000 0.998493
0.737117 0.109068 0.153815
0.609411 0.052058 0.338530
0.229854 0.769657 0.000489
0.299738 0.000006 0.700256
0.580770 0.407669 0.011561
0.208167 0.790695 0.001138
0.468889 0.354472 0.176639
0.839695 0.014506 0.145799
0.643225 0.173948 0.182828
0.506093 0.000246 0.493662
0.021277 0.000000 0.978723
0.010136 0.000000 0.989864
0.069062 0.930938 0.000000
0.291691 0.000015 0.708294
0.895603 0.001696 0.102701
0.342170 0.485978 0.171852
0.290518 0.000151 0.709331
0.992554 0.007446 0.000000
0.999863 0.000086 0.000050
0.192674 0.793811 0.013516
0.706212 0.000606 0.293183
0.001180 0.000000 0.998820
0.518556 0.469649 0.011795
0.173828 0.630981 0.195191
0.441918 0.539876 0.018207
0.000176 0.999824 -0.000000
0.236821 0.002168 0.761011
0.059712 0.934518 0.005770
0.325180 0.004880 0.669940
0.374761 0.623526 0.001713
0.694187 0.060819 0.244994
0.811279 0.035717 0.153004
0.009666 0.990321 0.000013
0.923250 0.073401 0.003349
0.205879 0.757203 0.036917
0.099093 0.888463 0.012444
0.345152 0.653521 0.001326
0.262708 0.737292 0.000000
0.012667 0.987332 0.000001
0.997206 0.000000 0.002794
0.008186 0.991812 0.000001
0.019336 0.980639 0.000025
0.490525 0.000200 0.509275
0.871920 0.125789 0.002291
0.068137 0.000000 0.931863
0.000023 0.999977 -0.000000
0.884406 0.000013 0.115581
0.776996 0.013957 0.209047
0.785978 0.000014 0.214008
0.412561 0.557222 0.030217
0.744499 0.149356 0.106146
0.101406 0.898573 0.000021
0.006185 0.993812 0.000002
0.891427 0.007007 0.101566
0.000202 0.000000 0.999798
0.260815 0.000239 0.738946
0.000313 0.999687 0.000000
0.491247 0.495236 0.013517
0.150562 0.000000 0.849438
0.542222 0.002911 0.454867
0.998766 0.001234 0.000001
0.791445 0.001932 0.206623
0.007259 0.992741 0.000000
0.388925 0.069500 0.541575
0.167476 0.832507 0.000016
0.629028 0.243116 0.127856
0.045379 0.000003 0.954618
0.139749 0.673976 0.186275
0.046114 0.000000 0.953886
0.582683 0.022547 0.394770
0.337306 0.566341 0.096353
0.821120 0.002711 0.176170
0.109583 0.000014 0.890404
0.026646 0.973353 0.000001
0.746869 0.252345 0.000786
0.764997 0.209171 0.025832
0.999761 0.000126 0.000113
0.853764 0.131748 0.014488
0.735041 0.203580 0.061379
0.000550 0.000000 0.999450
0.331057 0.662984 0.005959
0.167908 0.000094 0.831998
0.037529 0.962465 0.000006
0.064689 0.000003 0.935308
0.010470 0.989491 0.000039
0.064305 0.935694 0.000001
0.135105 0.648844 0.216051
0.008293 0.000000 0.991707
0.611078 0.000370 0.388552
0.887107 0.090631 0.022262
0.906012 0.050577 0.043411
0.267100 0.567564 0.165336
0.825589 0.168825 0.005586
0.802517 0.001294 0.196189
0.389116 0.000737 0.610147
0.000693 0.999307 0.000000
0.293509 0.706106 0.000385
0.705966 0.275358 0.018677
0.000631 0.999369 0.000000
0.106781 0.886636 0.006583
0.744682 0.000023 0.255295
0.144231 0.000003 0.855765
0.949300 0.035712 0.014988
0.227465 0.772335 0.000200
0.332537 0.000000 0.667463
0.771287 0.016080 0.212633
0.454304 0.028887 0.516809
0.135544 0.000090 0.864367
0.006979 0.993021 0.000000
0.230230 0.741363 0.028407
0.084443 0.915555 0.000001
0.000160 0.000000 0.999840
0.623595 0.184769 0.191636
0.262724 0.735887 0.001389
0.765734 0.075744 0.158521
0.000000 1.000000 -0.000000
0.640178 0.349204 0.010618
0.489845 0.001855 0.508301
0.266381 0.065064 0.668554
0.444950 0.552895 0.002155
0.999866 0.000031 0.000103
0.022187 0.977811 0.000002
0.488231 0.436810 0.074960
0.000021 -0.000000 0.999979
0.114373 0.883804 0.001823
0.838229 0.002336 0.159434
0.000517 0.999483 0.000000
0.735446 0.235934 0.028620
0.037843 0.962154 0.000003
0.047283 0.952629 0.000088
0.974275 0.009880 0.015845
0.834597 0.000541 0.164861
0.960393 0.034530 0.005077
0.869362 0.023815 0.106823
0.007910 0.000000 0.992090
0.863116 0.000141 0.136743
0.000039 0.999961 0.000000
0.429415 0.564206 0.006379
0.313989 0.660488 0.025523
0.006658 0.993332 0.000010
0.692057 0.278978 0.028965
0.805790 0.024549 0.169661
0.314461 0.684922 0.000616
0.532426 0.013371 0.454203
0.971698 0.000020 0.028282
0.222233 0.000031 0.777736
0.707067 0.068531 0.224402
0.415031 0.210651 0.374317
0.026358 0.973226 0.000417
0.100514 0.000001 0.899486
0.899424 0.099422 0.001154
0.250978 0.744553 0.004469
0.455017 0.543795 0.001189
0.000159 0.999841 0.000000
0.228471 0.000001 0.771528
0.271966 0.023962 0.704072
0.551010 0.422976 0.026014
0.280539 0.691155 0.028306
0.413138 0.555895 0.030967
0.148568 0.839023 0.012409
0.824900 0.018314 0.156786
0.348242 0.651128 0.000630
0.783988 0.056988 0.159024
0.042811 0.955698 0.001491
0.539401 0.000087 0.460511
0.041564 0.958435 0.000001
0.289806 0.505734 0.204461
0.492665 0.500740 0.006595
0.872242 0.001173 0.126585
0.513076 0.324434 0.162490
0.593191 0.340405 0.066403
0.831581 0.006439 0.161980
0.063785 0.935803 0.000412
0.089981 0.000018 0.910001
0.918295 0.000077 0.081628
0.937861 0.003991 0.058148
0.573383 0.401853 0.024764
0.918575 0.068373 0.013053
0.449084 0.499981 0.050935
0.784019 0.021555 0.194426
0.041777 0.958174 0.000049
0.999840 0.000124 0.000036
0.511709 0.000441 0.487850
0.001193 0.998807 0.000000
0.522259 0.475746 0.001995
0.884436 0.000126 0.115438
0.601133 0.012432 0.386435
0.957747 0.038181 0.004072
0.992592 0.007403 0.000005
0.010776 0.000000 0.989224
0.122498 0.875739 0.001763
0.958066 0.038470 0.003463
0.001593 0.000000 0.998407
0.725167 0.000270 0.274563
0.982404 0.000004 0.017593
0.997216 0.002783 0.000001
0.025407 0.974590 0.000003
0.064642 0.000008 0.935350
0.156749 0.000006 0.843246
0.000320 0.000000 0.999680
0.806514 0.193486 0.000000
0.025470 0.974522 0.000008
0.000407 0.000000 0.999593
0.153291 0.842885 0.003824
0.005759 0.994049 0.000192
0.291048 0.000026 0.708926
0.054809 0.000000 0.945191
0.000225 -0.000000 0.999775
0.484291 0.366192 0.149517
0.965905 0.000006 0.034089
0.387746 0.504146 0.108107
0.276906 0.102835 0.620259
0.332734 0.666032 0.001234
0.151619 0.848363 0.000018
0.760158 0.110544 0.129298
0.164478 0.834873 0.000649
0.085959 0.914041 0.000000
0.916931 0.014757 0.068313
0.000008 0.999992 -0.000000
0.000544 0.999456 0.000001
0.967954 0.013691 0.018354
0.999736 0.000254 0.000010
0.000016 0.999984 0.000000
0.000005 -0.000000 0.999995
0.877879 0.008277 0.113844
0.913548 0.012795 0.073657
0.230598 0.769019 0.000383
0.057039 0.937820 0.005141
0.733077 0.088086 0.178837
0.795124 0.005118 0.199758
0.466203 0.038522 0.495275
0.982820 0.000013 0.017167
0.292130 0.707834 0.000035
0.023917 0.976056 0.000027
0.616776 0.001924 0.381300
0.633256 0.309059 0.057685
0.836889 0.000962 0.162149
0.724907 0.253370 0.021723
0.670537 0.000220 0.329243
0.327924 0.671059 0.001017
0.821535 0.177660 0.000804
0.135850 0.862613 0.001537
0.000016 0.999984 -0.000000
0.700730 0.000201 0.299069
0.790639 0.033113 0.176248
0.079592 0.915515 0.004893
0.023841 0.976158 0.000001
0.999637 0.000026 0.000338
0.670163 0.015133 0.314704
0.999684 0.000007 0.000308
0.013955 0.986045 0.000000
0.425012 0.567823 0.007164
0.549304 0.000254 0.450442
0.000000 1.000000 0.000000
0.072703 0.000134 0.927163
0.984411 0.000000 0.015589
0.086681 0.913033 0.000286
0.786391 0.002809 0.210800
0.879418 0.004723 0.115859
0.371435 0.412844 0.215721
0.005252 0.994748 0.000000
0.438105 0.561763 0.000132
0.996729 0.000001 0.003270
0.078039 0.921854 0.000108
0.372722 0.000763 0.626515
0.965196 0.000497 0.034308
0.578187 0.405006 0.016807
0.942827 0.005339 0.051833
0.968120 0.026148 0.005732
0.928879 0.000000 0.071121
0.222729 0.000269 0.777002
0.776080 0.204624 0.019295
0.782498 0.216964 0.000537
0.318894 0.000035 0.681071
0.964627 0.000609 0.034764
0.002926 0.997074 0.000000
0.876200 0.000354 0.123447
0.138381 0.861496 0.000123
0.554293 0.361985 0.083721
0.651706 0.000357 0.347937
0.379680 0.610925 0.009395
0.998735 0.001207 0.000058
0.538663 0.000077 0.461260
0.000358 0.999642 0.000000
0.231770 0.000502 0.767727
0.529229 0.030581 0.440189
0.976808 0.000284 0.022908
0.936723 0.006746 0.056531
0.716405 0.219640 0.063955
0.132547 0.000000 0.867453
0.567785 0.391867 0.040348
0.086195 0.893870 0.019935
0.000046 0.999954 0.000000
0.001490 0.000000 0.998510
0.724659 0.001521 0.273820
0.972804 0.010949 0.016247
0.999677 0.000005 0.000318
0.013816 0.986184 0.000000
0.021676 0.977860 0.000464
0.005745 0.994254 0.000001
0.756076 0.000006 0.243918
0.355876 0.000751 0.643372
0.499028 0.476121 0.024851
0.763981 0.000104 0.235915
0.001365 0.998635 0.000000
0.119886 0.880050 0.000064
0.085238 0.000007 0.914755
0.059007 0.940986 0.000007
0.618136 0.003661 0.378203
0.090771 0.000013 0.909216
0.644855 0.245561 0.109584
0.859896 0.095364 0.044740
0.000000 -0.000000 1.000000
0.978574 0.000001 0.021426
0.007821 0.992166 0.000013
0.886428 0.010507 0.103065
0.499866 0.003051 0.497083
0.784024 0.000000 0.215976
0.037431 0.962035 0.000534
0.274777 0.680102 0.045121
0.000307 -0.000000 0.999693
0.998918 0.000166 0.000916
0.000310 0.999690 0.000000
0.000054 0.999946 0.000000
0.662492 0.244047 0.093462
0.332573 0.000062 0.667365
0.982932 0.000599 0.016470
0.519849 0.063363 0.416788
0.821164 0.000076 0.178760
0.675358 0.000078 0.324563
0.725508 0.090817 0.183675
0.008680 0.000000 0.991320
0.472473 0.489902 0.037625
0.599760 0.318730 0.081510
0.726789 0.198825 0.074386
0.075721 0.924274 0.000005
0.034591 0.000001 0.965408
0.833305 0.000951 0.165744
0.005693 0.994307 0.000000
0.879852 0.003981 0.116167
0.297671 0.689035 0.013294
0.499110 0.495789 0.005102
0.655832 0.212266 0.131902
0.356323 0.367416 0.276261
0.000001 0.999999 0.000000
0.125679 0.795746 0.078574
0.568099 0.427071 0.004830
0.856831 0.000020 0.143150
0.937445 0.035202 0.027353
0.229668 0.000003 0.770328
0.281957 0.066870 0.651172
0.816372 0.021430 0.162198
0.733952 0.144831 0.121217
0.626578 0.006593 0.366829
0.469809 0.525107 0.005084
0.768882 0.004707 0.226412
0.512818 0.483443 0.003739
0.052917 0.947082 0.000001
0.720574 0.207751 0.071675
0.013614 0.986386 0.000001
0.107192 0.009184 0.883623
0.964105 0.029601 0.006294
0.223006 0.374869 0.402125
0.440822 0.236755 0.322422
0.717578 0.277966 0.004455
0.000000 1.000000 0.000000
0.018545 0.000000 0.981455
0.022537 0.977458 0.000005
0.214336 0.482483 0.303181
0.759732 0.011888 0.228380
0.000003 0.999997 0.000000
0.076700 0.923046 0.000253
0.016598 0.983388 0.000013
0.852650 0.008353 0.138997
0.017222 0.982768 0.000010
0.796206 0.003105 0.200689
0.000005 -0.000000 0.999995
0.274871 0.021062 0.704067
0.989107 0.000009 0.010884
0.271733 0.023522 0.704745
0.884816 0.087061 0.028123
0.175920 0.820992 0.003089
0.098496 0.864897 0.036608
0.405836 0.272173 0.321991
0.151932 0.847564 0.000503
0.455744 0.132466 0.411791
0.545505 0.001175 0.453319
0.000001 0.999999 0.000000
0.451256 0.455219 0.093525
0.523514 0.464653 0.011833
0.055587 0.944404 0.000010
0.994278 0.005721 0.000001
0.923915 0.002035 0.074050
0.370088 0.006601 0.623311
0.992633 0.000005 0.007362
0.749650 0.006203 0.244146
0.461898 0.152556 0.385545
0.176932 0.001750 0.821318
0.021171 0.978387 0.000443
0.007645 0.000000 0.992355
0.369419 0.562841 0.067740
0.959058 0.000124 0.040818
0.991660 0.000000 0.008340
0.310067 0.689911 0.000022
0.492795 0.000508 0.506697
0.002279 0.000000 0.997721
0.169809 0.751728 0.078463
0.000965 0.999035 0.000000
0.001687 0.998313 0.000000
0.000687 0.999313 0.000000
0.999748 0.000032 0.000221
0.588342 0.062849 0.348809
0.500230 0.483241 0.016529
0.521061 0.277320 0.201619
0.736979 0.000223 0.262798
0.715752 0.125837 0.158412
0.012680 0.987236 0.000084
0.701391 0.247952 0.050657
0.296260 0.681247 0.022493
0.099906 0.900053 0.000041
0.447456 0.000010 0.552534
0.885416 0.091553 0.023031
0.005493 0.000000 0.994507
0.021857 0.978143 0.000000
0.998911 0.000021 0.001068
0.211957 0.174666 0.613376
0.236813 0.000002 0.763185
0.210208 0.770956 0.018836
0.010924 0.989069 0.000008
0.076963 0.923029 0.000008
0.880757 0.001481 0.117762
0.000039 0.999961 0.000000
0.007785 0.992210 0.000005
0.091249 0.000124 0.908627
0.370660 0.612833 0.016508
0.999402 0.000595 0.000003
0.112989 0.884752 0.002258
0.923532 0.005013 0.071455
0.093174 0.906418 0.000408
0.961392 0.007835 0.030774
0.339281 0.593203 0.067516
0.009940 0.990059 0.000001
0.335395 0.001018 0.663587
0.966904 0.020545 0.012551
0.982250 0.000103 0.017647
0.834874 0.001706 0.163420
0.657021 0.326538 0.016441
0.901928 0.080002 0.018069
0.110636 0.889242 0.000123
0.966697 0.027020 0.006283
0.848006 0.142389 0.009605
0.998980 0.001007 0.000013
0.130176 0.869585 0.000239
0.003796 0.996199 0.000005
0.592825 0.024162 0.383013
0.205733 0.030885 0.763382
0.958404 0.000235 0.041361
0.039284 0.960715 0.000000
0.526256 0.422445 0.051299
0.898108 0.007938 0.093953
0.673795 0.000899 0.325307
0.945458 0.014014 0.040529
0.429307 0.564146 0.006547
0.002948 0.997052 0.000000
0.152995 0.776121 0.070883
0.701592 0.001066 0.297342
0.927859 0.003000 0.069142
0.053849 0.945262 0.000889
0.903034 0.000614 0.096352
0.905271 0.062255 0.032474
0.238118 0.000037 0.761845
0.013216 0.000000 0.986784
0.998784 0.000001 0.001215
0.000008 -0.000000 0.999992
0.356921 0.437905 0.205174
0.926571 0.071416 0.002012
0.631943 0.347766 0.020290
0.000710 0.999290 0.000000
0.000102 0.999898 0.000000
0.916301 0.009519 0.074180
0.602375 0.000250 0.397375
0.052423 0.000017 0.947560
0.945369 0.044640 0.009991
0.019185 0.980811 0.000005
0.000784 0.999216 0.000000
0.214622 0.000341 0.785036
0.177003 0.722879 0.100118
0.994803 0.000798 0.004400
0.620991 0.322119 0.056889
0.000801 0.999199 0.000000
0.681859 0.297672 0.020470
0.931501 0.000625 0.067874
0.000026 0.999974 -0.000000
0.853310 0.000016 0.146674
0.779333 0.000525 0.220141
0.615867 0.195897 0.188236
0.947276 0.025834 0.026890
0.071481 0.928480 0.000039
0.852332 0.113883 0.033786
0.000002 0.999998 0.000000
0.003729 0.996271 0.000000
0.390496 0.000353 0.609151
0.002775 0.000000 0.997225
0.271276 0.067089 0.661635
0.045861 0.949798 0.004341
0.640340 0.224357 0.135304
0.915012 0.005590 0.079398
0.988654 0.000000 0.011346
0.172505 0.827375 0.000120
0.012332 0.000000 0.987668
0.948150 0.002858 0.048992
0.000529 0.999471 0.000000
0.539099 0.385715 0.075186
0.579405 0.126811 0.293784
0.995111 0.000000 0.004889
0.001204 0.998796 0.000000
0.186217 0.000002 0.813781
0.958471 0.000946 0.040584
0.770788 0.217444 0.011767
0.878488 0.012174 0.109338
0.434098 0.223801 0.342100
0.000131 0.999869 0.000000
0.000358 0.999642 0.000000
0.000012 0.999988 0.000000
0.956849 0.000001 0.043151
0.738193 0.026224 0.235583
0.403825 0.367000 0.229175
0.102937 0.007071 0.889992
0.000006 0.000000 0.999994
0.949251 0.040531 0.010219
0.028721 0.968092 0.003186
0.373292 0.124489 0.502218
0.014544 0.985456 0.000000
0.908945 0.070373 0.020682
0.007955 0.992045 0.000000
0.042130 0.957815 0.000055
0.330285 0.186015 0.483701
0.814164 0.020518 0.165319
0.093024 0.864993 0.041983
0.559739 0.000406 0.439856
0.354873 0.216572 0.428556
0.521457 0.477947 0.000597
0.202279 0.212898 0.584823
0.000002 0.000000 0.999998
0.940909 0.029635 0.029456
0.243879 0.666015 0.090106
0.714185 0.072149 0.213666
0.000001 0.999999 -0.000000
0.637347 0.093759 0.268894
0.413392 0.460267 0.126342
0.827358 0.022609 0.150033
0.108859 0.777686 0.113455
0.667234 0.021372 0.311394
0.617227 0.368135 0.014638
0.091334 0.904335 0.004331
0.394730 0.192839 0.412431
0.999903 0.000056 0.000041
0.823246 0.000627 0.176127
0.248505 0.600842 0.150653
0.452686 0.007442 0.539872
0.167922 0.000075 0.832003
0.064197 0.000000 0.935803
0.795463 0.047656 0.156881
0.999891 0.000010 0.000099
0.039237 0.000000 0.960763
0.563172 0.317585 0.119243
0.833880 0.164147 0.001973
0.139079 0.857298 0.003623
0.006244 0.993756 0.000000
0.624698 0.013963 0.361340
0.089720 0.874161 0.036119
0.001542 0.998458 0.000000
0.839451 0.044655 0.115894
0.014460 0.985539 0.000001
0.000174 0.999826 0.000000
0.037893 0.961824 0.000283
0.014270 0.985721 0.000009
0.001746 0.998254 0.000000
0.822480 0.161883 0.015637
0.405388 0.299390 0.295222
0.667138 0.258045 0.074817
0.037686 0.000001 0.962313
0.000097 0.999903 0.000000
0.239324 0.685906 0.074770
0.902036 0.001109 0.096855
0.360049 0.167771 0.472180
0.000007 0.999993 0.000000
0.001811 0.998189 0.000000
0.069375 0.923358 0.007266
0.393632 0.508616 0.097752
0.857905 0.000157 0.141939
0.132945 0.867032 0.000023
0.015400 0.984591 0.000009
0.060026 0.939942 0.000033
0.618175 0.002914 0.378911
0.528573 0.124571 0.346855
0.000001 0.999999 0.000000
0.692722 0.045894 0.261384
0.569243 0.000001 0.430756
0.615376 0.058431 0.326193
0.006494 0.993506 0.000000
0.042867 0.957133 0.000000
0.356073 0.375411 0.268515
0.661308 0.338044 0.000648
0.001522 0.998478 0.000000
0.049637 0.948146 0.002217
0.670300 0.005451 0.324249
0.907978 0.091986 0.000037
0.264613 0.731475 0.003912
0.822815 0.001835 0.175350
0.949739 0.002463 0.047798
0.418566 0.004294 0.577139
0.119244 0.000011 0.880745
0.931711 0.037936 0.030353
0.228464 0.771503 0.000033
0.981625 0.000001 0.018375
0.044872 0.955070 0.000058
0.050232 0.000004 0.949764
0.416038 0.575921 0.008041
0.000303 0.999697 0.000000
0.925247 0.069548 0.005205
0.000001 0.999999 0.000000
0.999818 0.000065 0.000117
0.843640 0.004017 0.152343
0.985282 0.000077 0.014642
0.091020 0.902066 0.006914
0.417859 0.548282 0.033858
0.001422 0.998578 0.000000
0.413523 0.262117 0.324360
0.594296 0.000281 0.405424
0.747726 0.023635 0.228640
0.000078 0.999922 -0.000000
0.953164 0.008554 0.038282
0.389957 0.000004 0.610039
0.439049 0.534486 0.026465
0.000171 0.999829 0.000000
0.000037 0.999963 0.000000
0.001961 0.000000 0.998039
0.000197 0.999803 0.000000
0.893337 0.102843 0.003820
0.816008 0.021205 0.162787
0.966286 0.000528 0.033186
0.998416 0.000345 0.001239
0.739040 0.120005 0.140955
0.979234 0.000035 0.020730
0.003675 0.996325 0.000000
0.000001 0.999999 0.000000
0.081220 0.918066 0.000714
0.537256 0.064456 0.398287
0.030210 0.000000 0.969790
0.027838 0.972162 0.000001
0.999622 0.000370 0.000008
0.034687 0.965311 0.000003
0.009883 0.000000 0.990117
0.814488 0.000657 0.184855
0.630548 0.001446 0.368005
0.005698 0.994290 0.000011
0.273835 0.000003 0.726162
0.019312 0.980679 0.000009
0.948088 0.004181 0.047731
0.116023 0.834923 0.049053
0.961240 0.024686 0.014074
0.002680 0.997313 0.000006
0.100173 0.899825 0.000001
0.000014 0.999986 0.000000
0.968828 0.011381 0.019791
0.315087 0.681644 0.003269
0.101706 0.000049 0.898245
0.999692 0.000305 0.000003
0.602372 0.266436 0.131192
