0.034899 0.001012 0.200329 0.763719 0.000041
0.001658 0.007327 0.469477 0.197283 0.324254
0.010257 0.001221 0.200977 0.763944 0.023601
0.978634 0.000288 0.012943 0.007890 0.000246
0.978499 0.000292 0.012961 0.007993 0.000255
0.535558 0.003968 0.195433 0.250113 0.014928
0.005203 0.019951 0.292992 0.422977 0.258877
0.002568 0.924102 0.045742 0.026059 0.001529
0.927173 0.005657 0.034601 0.029267 0.003302
0.950550 0.001333 0.016793 0.029187 0.002136
0.001813 0.056143 0.290853 0.581938 0.069253
0.006390 0.608253 0.157491 0.218802 0.009064
0.000868 0.840021 0.149553 0.009554 0.000005
0.013484 0.006447 0.112370 0.862096 0.005604
0.001660 0.953072 0.031292 0.013963 0.000012
0.888839 0.001151 0.038767 0.070315 0.000928
0.967589 0.000026 0.024676 0.006395 0.001314
0.038215 0.000875 0.226118 0.731555 0.003236
0.000003 0.006091 0.065539 0.026650 0.901717
0.008323 0.001663 0.286879 0.606424 0.096711
0.009579 0.004678 0.072235 0.882803 0.030706
0.000000 0.430713 0.562477 0.006782 0.000029
0.964588 0.000732 0.014880 0.018614 0.001185
0.000452 0.010386 0.161296 0.169656 0.658210
0.020398 0.001280 0.131150 0.847097 0.000075
0.932681 0.005010 0.034205 0.025712 0.002392
0.074052 0.010763 0.102710 0.723148 0.089327
0.000430 0.129820 0.084128 0.774924 0.010698
0.007583 0.320254 0.237188 0.265607 0.169369
0.000682 0.011054 0.085138 0.900892 0.002233
0.024134 0.455784 0.115381 0.400707 0.003993
0.006471 0.002765 0.064788 0.925862 0.000114
0.000068 0.018471 0.040302 0.931104 0.010054
0.000110 0.163183 0.132287 0.704036 0.000385
0.000003 0.005661 0.064768 0.026766 0.902802
0.000494 0.551684 0.132392 0.313897 0.001534
0.050423 0.343806 0.368024 0.149625 0.088121
0.000000 0.330665 0.606294 0.012568 0.050473
0.015864 0.001246 0.114427 0.860188 0.008276
0.971762 0.000018 0.023385 0.004281 0.000555
0.000869 0.092545 0.239941 0.623078 0.043567
0.381370 0.053420 0.299144 0.250637 0.015429
0.924265 0.006025 0.034806 0.031124 0.003780
0.000000 0.006066 0.585571 0.183041 0.225321
0.020181 0.004663 0.105778 0.842262 0.027115
0.002399 0.562032 0.199967 0.231749 0.003853
0.000062 0.006616 0.063602 0.168739 0.760981
0.013736 0.008291 0.104143 0.860701 0.013129
0.947812 0.000048 0.031061 0.020993 0.000086
0.000000 0.387728 0.568771 0.007654 0.035847
0.002825 0.003310 0.418051 0.560285 0.015529
0.018120 0.126467 0.108805 0.742216 0.004392
0.000003 0.005815 0.065041 0.026724 0.902416
0.003740 0.339907 0.125347 0.494027 0.036978
0.027049 0.015117 0.137670 0.818338 0.001826
0.003658 0.001729 0.053527 0.911271 0.029814
0.000003 0.005653 0.064819 0.026769 0.902757
0.102686 0.234941 0.157108 0.454007 0.051257
0.035883 0.141549 0.410748 0.404391 0.007428
0.047060 0.016903 0.337142 0.548164 0.050731
0.110005 0.112795 0.576785 0.139244 0.061170
0.000626 0.705055 0.138783 0.154454 0.001081
0.000000 0.098138 0.819848 0.019656 0.062357
0.166258 0.043935 0.704856 0.070963 0.013988
0.000005 0.006802 0.071977 0.026543 0.894673
0.593720 0.000702 0.076482 0.325655 0.003441
0.028794 0.084408 0.149611 0.733528 0.003659
0.032369 0.005748 0.219407 0.739974 0.002503
0.068938 0.007789 0.426774 0.463084 0.033416
0.222090 0.145525 0.219719 0.376206 0.036459
0.000000 0.081674 0.042550 0.287533 0.588244
0.008859 0.159883 0.554356 0.274620 0.002283
0.000005 0.008175 0.069312 0.026093 0.896414
0.153498 0.145952 0.277145 0.276845 0.146561
0.970499 0.007686 0.013019 0.007489 0.001307
0.041338 0.096204 0.745716 0.116712 0.000029
0.000024 0.066576 0.078437 0.854495 0.000467
0.971746 0.000018 0.023390 0.004289 0.000557
0.006562 0.005287 0.313547 0.673852 0.000752
0.684567 0.000640 0.064764 0.247418 0.002611
0.978626 0.000288 0.012944 0.007896 0.000246
0.957650 0.000883 0.015850 0.023973 0.001644
0.132039 0.014295 0.269573 0.583937 0.000156
0.000000 0.146081 0.578591 0.032787 0.242540
0.023094 0.018092 0.881976 0.076839 0.000000
0.008616 0.156546 0.072807 0.756984 0.005047
0.024535 0.405176 0.022635 0.287926 0.259728
0.978632 0.000288 0.012943 0.007891 0.000246
0.956052 0.007509 0.015100 0.019111 0.002228
0.019408 0.071896 0.116025 0.788368 0.004304
0.002559 0.967956 0.024068 0.005006 0.000412
0.006219 0.002307 0.061624 0.900334 0.029516
0.013614 0.017892 0.202166 0.693086 0.073243
0.860878 0.005922 0.028969 0.095974 0.008256
0.009848 0.143973 0.597944 0.246631 0.001604
0.201134 0.135602 0.215931 0.376276 0.071057
0.001286 0.011274 0.231558 0.708728 0.047154
0.945221 0.000422 0.031072 0.016434 0.006851
0.954341 0.000068 0.028748 0.013051 0.003792
0.008556 0.518382 0.144964 0.327381 0.000718
0.000000 0.334641 0.517634 0.015213 0.132512
0.011374 0.028256 0.407506 0.549216 0.003649
0.000000 0.003592 0.779087 0.131371 0.085950
0.000000 0.408917 0.554877 0.005822 0.030384
0.978629 0.000288 0.012943 0.007894 0.000246
0.004004 0.000000 0.959550 0.016659 0.019786
0.004196 0.396077 0.128906 0.458895 0.011926
0.000118 0.171280 0.137233 0.690991 0.000377
0.012235 0.004491 0.344419 0.545877 0.092978
0.819987 0.116309 0.030536 0.022207 0.010960
0.013284 0.001786 0.101561 0.874200 0.009170
0.000017 0.031802 0.112438 0.019921 0.835822
0.000000 0.287086 0.685881 0.026992 0.000041
0.000118 0.031719 0.046404 0.911665 0.010094
0.003574 0.009083 0.056162 0.923806 0.007375
0.050025 0.173032 0.121679 0.636870 0.018394
0.104195 0.157078 0.130003 0.449037 0.159687
0.001581 0.077420 0.860217 0.060781 0.000000
0.908580 0.007858 0.035934 0.041256 0.006371
0.002562 0.973462 0.021359 0.002346 0.000271
0.970998 0.000019 0.023621 0.004668 0.000694
0.964761 0.000472 0.024919 0.006191 0.003656
0.000063 0.187912 0.097637 0.713963 0.000425
0.000129 0.036157 0.047698 0.905879 0.010137
0.007954 0.175871 0.514164 0.299121 0.002890
0.000029 0.006751 0.181067 0.028347 0.783806
0.006905 0.113245 0.068592 0.806094 0.005164
0.000111 0.202325 0.130479 0.666704 0.000382
0.016125 0.001711 0.404649 0.506646 0.070869
0.020286 0.001292 0.467611 0.455168 0.055643
0.046298 0.001498 0.188431 0.748533 0.015239
0.000000 0.030422 0.462167 0.498525 0.008886
0.967077 0.000027 0.024834 0.006653 0.001409
0.016927 0.074185 0.130406 0.769465 0.009017
0.000418 0.048727 0.353942 0.596792 0.000121
0.005674 0.063567 0.066419 0.859091 0.005249
0.002055 0.090617 0.445057 0.461584 0.000686
0.006387 0.118761 0.137224 0.737628 0.000000
0.000916 0.152130 0.245856 0.599250 0.001848
0.026350 0.001058 0.159537 0.812994 0.000060
0.000460 0.053977 0.145285 0.102508 0.697770
0.944775 0.003758 0.017236 0.031544 0.002688
0.012006 0.456897 0.439587 0.088746 0.002763
0.001482 0.009626 0.255415 0.690801 0.042676
0.066564 0.226395 0.126404 0.563878 0.016759
0.050370 0.047635 0.170296 0.293141 0.438558
0.001969 0.418226 0.578494 0.000828 0.000482
0.000874 0.778224 0.189341 0.031552 0.000010
0.007128 0.009297 0.889380 0.069857 0.024339
0.005844 0.231666 0.416022 0.342338 0.004131
0.027889 0.096333 0.545959 0.237473 0.092347
0.883694 0.000410 0.050375 0.048043 0.017478
0.004465 0.041526 0.727787 0.136090 0.090132
0.000165 0.018885 0.084695 0.151211 0.745044
0.977851 0.000309 0.013051 0.008491 0.000298
0.002728 0.010401 0.051335 0.927946 0.007590
0.000000 0.003581 0.780725 0.130917 0.084777
0.000134 0.130282 0.151132 0.718087 0.000366
0.965643 0.000995 0.014685 0.017540 0.001137
0.000029 0.056618 0.157517 0.013694 0.772143
0.057573 0.302923 0.083679 0.423458 0.132367
0.013356 0.003190 0.362065 0.536431 0.084958
0.000034 0.006377 0.208658 0.028920 0.756011
0.970496 0.007686 0.013020 0.007491 0.001307
0.000744 0.006728 0.237201 0.180756 0.574571
0.001534 0.503458 0.178542 0.311316 0.005150
0.932691 0.005009 0.034205 0.025705 0.002390
0.003480 0.001847 0.052571 0.930769 0.011333
0.005946 0.019982 0.068381 0.903262 0.002429
0.000005 0.007011 0.070662 0.026460 0.895862
0.000000 0.079922 0.173181 0.677501 0.069396
0.000000 0.031911 0.952137 0.006432 0.009521
0.060189 0.043852 0.265755 0.628693 0.001512
0.002024 0.001052 0.045252 0.940517 0.011155
0.971675 0.000018 0.023412 0.004325 0.000570
0.024753 0.694086 0.230686 0.048575 0.001900
0.003660 0.244213 0.191136 0.554371 0.006620
0.001603 0.825940 0.056204 0.116200 0.000053
0.041613 0.063555 0.852933 0.041450 0.000448
0.002560 0.957482 0.029240 0.010039 0.000679
0.002552 0.953653 0.031105 0.011911 0.000779
0.916716 0.001971 0.021549 0.055398 0.004366
0.007069 0.025597 0.075607 0.883957 0.007770
0.000395 0.199905 0.760121 0.037842 0.001737
0.016052 0.471434 0.314890 0.197578 0.000047
0.019455 0.000811 0.329646 0.639885 0.010203
0.942028 0.000314 0.032205 0.018490 0.006964
0.059986 0.016340 0.389284 0.492404 0.041987
0.008484 0.033686 0.076148 0.879219 0.002462
0.040455 0.582369 0.336304 0.040008 0.000863
0.000033 0.095947 0.083046 0.820517 0.000457
0.063994 0.446446 0.344093 0.086196 0.059272
0.958409 0.001221 0.015684 0.023065 0.001621
0.002783 0.200241 0.416075 0.380880 0.000021
0.000000 0.033509 0.934562 0.008537 0.023393
0.000285 0.290163 0.501038 0.049074 0.159440
0.941478 0.000290 0.032409 0.018859 0.006964
0.038601 0.000992 0.217998 0.742375 0.000033
0.978631 0.000288 0.012943 0.007892 0.000246
0.017628 0.390401 0.229842 0.361447 0.000682
0.960535 0.000043 0.026854 0.009958 0.002610
0.006005 0.025541 0.069578 0.890936 0.007941
0.001546 0.136212 0.094587 0.752227 0.015428
0.977801 0.000310 0.013058 0.008530 0.000301
0.020309 0.092682 0.098082 0.275282 0.513644
0.000553 0.007296 0.188272 0.176362 0.627517
0.010464 0.039489 0.082398 0.865198 0.002452
0.000000 0.036984 0.871747 0.091213 0.000056
0.001371 0.068985 0.895160 0.015649 0.018835
0.052335 0.154110 0.474358 0.314603 0.004594
0.971703 0.000018 0.023403 0.004310 0.000565
0.000418 0.048727 0.353953 0.596781 0.000121
0.066886 0.001358 0.253569 0.669972 0.008215
0.002815 0.001464 0.047268 0.948339 0.000114
0.002700 0.361348 0.387329 0.060590 0.188033
0.165744 0.001163 0.311344 0.521684 0.000065
0.000030 0.087216 0.081682 0.830612 0.000460
0.002539 0.914529 0.050372 0.030780 0.001781
0.054225 0.127028 0.527165 0.291366 0.000215
0.111014 0.101790 0.080676 0.500079 0.206441
0.001203 0.013568 0.971374 -0.000000 0.013855
0.000042 0.121501 0.087265 0.790745 0.000448
0.000000 0.431259 0.485906 0.006286 0.076549
0.964291 0.007609 0.013913 0.012484 0.001703
0.000651 0.034990 0.946843 0.017203 0.000313
0.008167 0.494241 0.146543 0.350292 0.000757
0.000000 0.447016 0.480727 0.004832 0.067425
0.000068 0.018501 0.040309 0.931067 0.010055
0.000000 0.052935 0.866678 0.013410 0.066977
0.002115 0.150634 0.104926 0.727455 0.014869
0.000413 0.040291 0.084338 0.866196 0.008762
0.000000 0.127147 0.584819 0.034544 0.253491
0.040272 0.013632 0.310365 0.581507 0.054223
0.006088 0.000000 0.129829 0.856516 0.007567
0.005263 0.082546 0.172738 0.726967 0.012486
0.000000 0.274345 0.537893 0.020743 0.167019
0.110260 0.016838 0.109233 0.677844 0.085825
0.010788 0.170932 0.080047 0.733335 0.004898
0.044910 0.287147 0.384580 0.181316 0.102046
0.002619 0.007002 0.160451 0.828222 0.001706
0.000000 0.409832 0.492942 0.008264 0.088962
0.000374 0.043769 0.127621 0.116460 0.711776
0.015832 0.757008 0.067166 0.159084 0.000911
0.001571 0.078976 0.075397 0.844055 0.000000
0.007207 0.003604 0.064740 0.893996 0.030453
0.000399 0.049507 0.341003 0.608954 0.000138
0.000184 0.049433 0.054438 0.885793 0.010153
0.041098 0.577792 0.340626 0.039663 0.000821
0.002979 0.594641 0.092152 0.144466 0.165761
0.000014 0.020289 0.107230 0.023156 0.849310
0.935667 0.006946 0.018085 0.035796 0.003505
0.000258 0.055513 0.242225 0.701743 0.000261
0.000097 0.138889 0.125024 0.735592 0.000398
0.002285 0.139666 0.839391 0.018657 0.000000
0.005605 0.251407 0.053713 0.687298 0.001977
0.001416 0.433616 0.204221 0.353301 0.007446
0.000056 0.005912 0.062400 0.169754 0.761877
0.006334 0.061333 0.068925 0.858205 0.005203
0.000000 0.033447 0.934791 0.008520 0.023242
0.000105 0.027997 0.044853 0.916969 0.010076
0.012210 0.000000 0.095654 0.853832 0.038304
0.433827 0.039130 0.322857 0.196444 0.007743
0.000000 0.033450 0.934781 0.008521 0.023248
0.002562 0.973480 0.021351 0.002338 0.000270
0.002685 0.001511 0.048579 0.935928 0.011297
0.004166 0.713193 0.112180 0.170392 0.000068
0.072764 0.248256 0.334149 0.339153 0.005677
0.012382 0.014213 0.197847 0.702635 0.072923
0.024638 0.217027 0.121932 0.634967 0.001436
0.000005 0.006730 0.071439 0.026556 0.895270
0.043916 0.295004 0.379251 0.179918 0.101912
0.000432 0.573418 0.350402 0.014393 0.061353
0.002562 0.973094 0.021540 0.002524 0.000280
0.014415 0.098432 0.736318 0.150835 0.000000
0.003052 0.007978 0.053222 0.928352 0.007396
0.002658 0.006528 0.969529 0.021285 0.000000
0.000028 0.080385 0.080598 0.838526 0.000462
0.000120 0.162017 0.138998 0.698489 0.000377
0.971768 0.000018 0.023383 0.004277 0.000553
0.033824 0.005696 0.227651 0.730565 0.002265
0.000005 0.009503 0.072731 0.025756 0.892004
0.092630 0.207767 0.157147 0.488301 0.054155
0.002509 0.000000 0.856813 0.041305 0.099372
0.001238 0.018645 0.106454 0.871427 0.002236
0.000000 0.181078 0.703722 0.025660 0.089540
0.002828 0.008509 0.168545 0.818435 0.001683
0.565563 0.003481 0.201487 0.219393 0.010075
0.003683 0.009123 0.201718 0.783982 0.001493
0.975634 0.000367 0.013359 0.010195 0.000445
0.000415 0.048861 0.351719 0.598881 0.000124
0.000186 0.576699 0.158873 0.263948 0.000293
0.000016 0.013883 0.121373 0.025258 0.839469
0.005305 0.229768 0.053620 0.709289 0.002018
0.070553 0.000000 0.913561 -0.000000 0.015886
0.000262 0.363404 0.595570 0.038631 0.002134
0.796115 0.053972 0.040011 0.088308 0.021594
0.000602 0.008267 0.082098 0.906830 0.002203
0.000092 0.008934 0.070092 0.165579 0.755304
0.034356 0.005678 0.230666 0.727122 0.002178
0.000000 0.159766 0.700704 0.017738 0.121792
0.000205 0.151135 0.125369 0.720635 0.002656
0.036348 0.172208 0.396699 0.394195 0.000550
0.000668 0.020274 0.155990 0.759146 0.063922
0.000107 0.011837 0.072731 0.161259 0.754066
0.002562 0.973040 0.021567 0.002550 0.000282
0.004062 0.000000 0.963260 0.015671 0.017007
0.000259 0.055606 0.242657 0.701218 0.000261
0.000227 0.006491 0.103854 0.827496 0.061932
0.963936 0.000033 0.025806 0.008244 0.001981
0.005179 0.021616 0.064986 0.900373 0.007846
0.002561 0.971614 0.022268 0.003239 0.000318
0.000000 0.042712 0.207138 0.724715 0.025434
0.000000 0.045334 0.577942 0.361971 0.014754
0.049955 0.208038 0.204915 0.534436 0.002656
0.009806 0.042610 0.090745 0.848518 0.008321
0.961326 0.000040 0.026611 0.009560 0.002463
0.933354 0.004931 0.034157 0.025277 0.002281
0.008184 0.061476 0.336510 0.589283 0.004547
0.933235 0.004945 0.034166 0.025354 0.002301
0.003889 0.006234 0.209806 0.778678 0.001394
0.052524 0.041266 0.163530 0.402067 0.340613
0.003980 0.002235 0.055089 0.927229 0.011467
0.002562 0.973482 0.021349 0.002336 0.000270
0.978611 0.000289 0.012946 0.007907 0.000247
0.030606 0.005809 0.209412 0.751383 0.002791
0.000000 0.083045 0.055598 0.293037 0.568319
0.000049 0.140913 0.091529 0.767069 0.000440
0.209901 0.504338 0.159866 0.104535 0.021361
0.496356 0.081762 0.179468 0.193987 0.048426
0.007041 0.132802 0.063998 0.794050 0.002109
0.024827 0.155326 0.410380 0.267549 0.141918
0.001769 0.006956 0.045976 0.937754 0.007546
0.821130 0.116501 0.030416 0.021215 0.010738
0.001207 0.021680 0.105172 0.869644 0.002297
0.004114 0.921328 0.052092 0.021250 0.001216
0.019811 0.430155 0.371847 0.178158 0.000029
0.002027 0.037662 0.914436 0.045875 -0.000000
0.002560 0.970334 0.022898 0.003857 0.000351
0.042963 0.180813 0.430054 0.226542 0.119628
0.044917 0.012541 0.196271 0.744942 0.001329
0.012035 0.052483 0.103165 0.823779 0.008537
0.000000 0.112970 0.374156 0.510584 0.002290
0.061331 0.043585 0.269922 0.623729 0.001434
0.171867 0.107057 0.205754 0.503324 0.011999
0.002684 0.006202 0.970961 0.020154 -0.000000
0.002562 0.973236 0.021470 0.002455 0.000276
0.000040 0.114802 0.086503 0.798205 0.000450
0.000188 0.583659 0.159974 0.255888 0.000291
0.003334 0.006153 0.188247 0.800744 0.001523
0.006379 0.895923 0.071927 0.024469 0.001303
0.000000 0.101454 0.152690 0.716889 0.028967
0.086864 0.162230 0.387512 0.357982 0.005411
0.002683 0.006215 0.970899 0.020203 -0.000000
0.003487 0.072057 0.137984 0.772409 0.014063
0.020332 0.181455 0.672351 0.122650 0.003213
0.002556 0.950803 0.032524 0.013266 0.000850
0.011502 0.003338 0.088826 0.896228 0.000106
0.002624 0.956564 0.029902 0.010223 0.000686
0.001077 0.006898 0.321931 0.186710 0.483384
0.009081 0.877516 0.089716 0.022585 0.001102
0.000006 0.010691 0.074453 0.025434 0.889417
0.014664 0.000889 0.262633 0.704904 0.016910
0.003393 0.287202 0.462239 0.063680 0.183485
0.030679 0.740410 0.130697 0.094886 0.003328
0.978412 0.000294 0.012973 0.008061 0.000260
0.493473 0.063425 0.065179 0.303754 0.074168
0.005612 0.000000 0.125994 0.860838 0.007556
0.006885 0.058879 0.301080 0.627979 0.005176
0.002235 0.811589 0.135207 0.049378 0.001591
0.933341 0.004932 0.034158 0.025286 0.002283
0.000222 0.065601 0.058952 0.864906 0.010320
0.001992 0.419601 0.478460 0.099924 0.000023
0.000000 0.000000 0.203435 0.661177 0.135388
0.020060 0.427421 0.375611 0.176880 0.000028
0.002562 0.973450 0.021365 0.002352 0.000271
0.000000 0.561908 0.211527 0.196306 0.030260
0.000056 0.005935 0.062433 0.169721 0.761855
0.001253 0.000000 0.777037 0.063413 0.158296
0.978574 0.000290 0.012951 0.007936 0.000250
0.948302 0.000047 0.030999 0.020571 0.000082
0.000000 0.083416 0.056269 0.293185 0.567129
0.000371 0.219080 0.739410 0.039286 0.001853
0.000005 0.005690 0.073792 0.026903 0.893610
0.003289 0.344330 0.436591 0.055739 0.160051
0.002559 0.967333 0.024374 0.005306 0.000428
0.001244 0.019385 0.106674 0.870449 0.002248
0.592303 0.000700 0.076665 0.326879 0.003453
0.971768 0.000018 0.023383 0.004277 0.000553
0.029710 0.000947 0.609733 0.336423 0.023188
0.002562 0.973465 0.021358 0.002345 0.000271
0.001797 0.112420 0.154898 0.723278 0.007606
0.035561 0.001731 0.154459 0.789179 0.019070
0.002448 0.825619 0.067225 0.104661 0.000047
0.002608 0.072031 0.921825 0.002828 0.000709
0.025664 0.233985 0.467983 0.229982 0.042386
0.000836 0.803812 0.170953 0.024391 0.000009
0.002770 0.008603 0.051613 0.929536 0.007478
0.002104 0.089417 0.453484 0.454362 0.000633
0.008501 0.001897 0.068848 0.892411 0.028343
0.037131 0.001000 0.210980 0.750853 0.000037
0.971766 0.000018 0.023384 0.004278 0.000554
0.000708 0.123156 0.791773 0.000000 0.084363
0.000000 0.419097 0.548199 0.004942 0.027762
0.961927 0.000037 0.026429 0.009262 0.002345
0.009890 0.607456 0.138447 0.243633 0.000574
0.002558 0.966444 0.024812 0.005735 0.000451
0.411361 0.007941 0.170175 0.374815 0.035708
0.032522 0.130602 0.731116 0.096919 0.008840
0.000000 0.352310 0.511751 0.013588 0.122351
0.963661 0.000684 0.015021 0.019392 0.001242
0.086786 0.182659 0.383491 0.341920 0.005144
0.942559 0.003883 0.017534 0.033184 0.002840
0.002323 0.115928 0.877772 0.003120 0.000857
0.213994 0.000931 0.372174 0.412869 0.000033
0.006381 0.095360 0.017248 0.510808 0.370203
0.000326 0.296310 0.664751 0.036724 0.001889
0.003446 0.058374 0.058549 0.874228 0.005403
0.971715 0.000018 0.023400 0.004304 0.000563
0.003770 0.015515 0.057134 0.915861 0.007719
0.017497 0.004703 0.423747 0.477912 0.076141
0.044787 0.080055 0.778673 0.096467 0.000017
0.000000 0.079275 0.870474 0.013125 0.037127
0.004023 0.003026 0.221130 0.656271 0.115549
0.000000 0.055390 0.944610 0.000000 0.000000
0.011098 0.687141 0.132701 0.168615 0.000446
0.932511 0.007218 0.018501 0.038043 0.003728
0.000150 0.464775 0.141188 0.393556 0.000331
0.000024 0.065446 0.078389 0.855674 0.000467
0.002654 0.006573 0.969312 0.021460 0.000000
0.032106 0.776716 0.127681 0.060799 0.002699
0.001036 0.205653 0.785871 0.005654 0.001786
0.814337 0.115359 0.031133 0.027111 0.012060
0.022909 0.001262 0.507170 0.421840 0.046818
0.017715 0.002033 0.428461 0.485156 0.066635
0.086110 0.006030 0.496133 0.390220 0.021507
0.012045 0.749456 0.128229 0.109925 0.000345
0.000163 0.505686 0.147651 0.346183 0.000317
0.027497 0.100494 0.112979 0.266032 0.492997
0.002561 0.972357 0.021903 0.002880 0.000299
0.000000 0.944562 0.019299 0.033369 0.002770
0.002526 0.850579 0.081881 0.061595 0.003418
0.234193 0.037482 0.131660 0.522893 0.073772
0.018662 0.001810 0.125872 0.853493 0.000163
0.971635 0.000018 0.023425 0.004345 0.000578
0.000049 0.142844 0.090993 0.765674 0.000440
0.000000 0.045892 0.129832 0.793813 0.030464
0.000000 0.326824 0.546264 0.013104 0.113808
0.007553 0.783301 0.081487 0.116108 0.011551
0.565348 0.003484 0.201444 0.219614 0.010110
0.000000 0.271685 0.703137 0.025115 0.000063
0.002499 0.000000 0.862429 0.042493 0.092579
0.000000 0.185590 0.185076 0.602481 0.026853
0.001659 0.952318 0.031431 0.014579 0.000013
0.000406 0.006722 0.074564 0.916086 0.002221
0.971768 0.000018 0.023383 0.004277 0.000553
0.000188 0.585089 0.160200 0.254232 0.000291
0.017082 0.059044 0.056408 0.703025 0.164441
0.969642 0.007676 0.013142 0.008178 0.001362
0.000000 0.100173 0.081383 0.297464 0.520980
0.031975 0.773381 0.127958 0.063930 0.002756
0.023808 0.014442 0.127085 0.832757 0.001908
0.000405 0.046527 0.083212 0.860915 0.008941
0.018203 0.298570 0.249947 0.432492 0.000787
0.002831 0.003307 0.418786 0.559652 0.015423
0.206791 0.134378 0.220945 0.372010 0.065876
0.889061 0.013044 0.036980 0.051613 0.009302
0.000807 0.228494 0.711567 -0.000000 0.059132
0.039409 0.161114 0.419640 0.379340 0.000497
0.000000 0.029623 0.956882 0.005938 0.007557
0.014153 0.056129 0.352196 0.572520 0.005002
0.147052 0.549184 0.142685 0.153025 0.008054
0.000319 0.391131 0.443271 0.037597 0.127682
0.002690 0.488092 0.241603 0.262172 0.005443
0.978404 0.000294 0.012974 0.008066 0.000261
0.940862 0.000060 0.031945 0.026980 0.000152
0.929343 0.006015 0.019117 0.041678 0.003847
0.000417 0.048786 0.352969 0.597705 0.000123
0.000561 0.004547 0.144453 0.795560 0.054880
0.083269 0.239645 0.135538 0.525940 0.015609
0.974865 0.000389 0.013465 0.010783 0.000496
0.948546 0.000159 0.030400 0.015708 0.005187
0.009573 0.004052 0.083130 0.891862 0.011384
0.966427 0.000473 0.024398 0.005329 0.003372
0.008429 0.036500 0.083075 0.863809 0.008187
0.000056 0.005910 0.062435 0.169760 0.761839
0.003164 0.036356 0.958460 0.001715 0.000305
0.016757 0.000000 0.214748 0.762849 0.005646
0.000000 0.126414 0.029911 0.261437 0.582238
0.002375 0.000600 0.350129 0.628086 0.018811
0.000291 0.054121 0.264956 0.680399 0.000233
0.723993 0.030275 0.049158 0.159803 0.036770
0.002182 0.067696 0.334239 0.524891 0.070991
0.083123 0.118151 0.463337 0.277113 0.058276
0.010952 0.517650 0.060657 0.409325 0.001415
0.096854 0.003170 0.224589 0.675268 0.000120
0.000000 0.170877 0.280203 0.498976 0.049944
0.942768 0.000147 0.032232 0.018715 0.006138
0.004823 0.718611 0.119599 0.156907 0.000061
0.004711 0.093477 0.237323 0.658283 0.006205
0.002777 0.075122 0.615761 0.173325 0.133016
0.000000 0.030328 0.955416 0.006091 0.008165
0.000626 0.041214 0.937185 0.020480 0.000496
0.903448 0.000179 0.036708 0.059143 0.000521
0.002869 0.938363 0.039674 0.018004 0.001090
0.023665 0.000000 0.269646 0.702365 0.004324
0.024365 0.002368 0.119033 0.830777 0.023458
0.015816 0.007081 0.125571 0.846271 0.005262
0.002704 0.959446 0.028736 0.008521 0.000593
0.000000 0.430528 0.486144 0.006354 0.076975
0.003389 0.293633 0.459917 0.062688 0.180372
0.007285 0.345182 0.147225 0.466245 0.034064
0.020759 0.043283 0.115958 0.817796 0.002204
0.006545 0.089526 0.654945 0.248984 0.000000
0.024441 0.224259 0.305846 0.444709 0.000745
0.015043 0.242196 0.019833 0.405107 0.317821
0.007378 0.308649 0.057389 0.624748 0.001836
0.953052 0.000463 0.028583 0.012248 0.005655
0.001214 0.013009 0.973658 0.000000 0.012119
0.002510 0.015041 0.155972 0.824604 0.001873
0.917234 0.001897 0.021487 0.055056 0.004327
0.970989 0.000019 0.023624 0.004672 0.000695
0.000000 0.015328 0.437929 0.209400 0.337344
0.075935 0.534790 0.323815 0.031246 0.034214
0.000102 0.302053 0.117641 0.579821 0.000384
0.002555 0.959819 0.028071 0.008935 0.000620
0.969647 0.000599 0.014178 0.014728 0.000849
0.948410 0.000047 0.030985 0.020478 0.000081
0.004636 0.085707 0.235972 0.671054 0.002631
0.000496 0.373685 0.218940 0.087174 0.319705
0.056416 0.012046 0.233939 0.696581 0.001019
0.971581 0.000018 0.023441 0.004372 0.000587
0.933324 0.004934 0.034159 0.025296 0.002286
0.002248 0.001396 0.044557 0.951684 0.000115
0.001055 0.173396 0.817751 0.005954 0.001844
0.000116 0.013074 0.074688 0.159479 0.752642
0.000000 0.360335 0.586700 0.010030 0.042935
0.950086 0.006411 0.016096 0.024872 0.002536
0.006741 0.024790 0.070795 0.895230 0.002443
0.869667 0.014933 0.038424 0.064432 0.012544
0.968832 0.000475 0.023647 0.004085 0.002961
0.025088 0.214616 0.670813 0.087290 0.002192
0.014190 0.001478 0.101538 0.882705 0.000089
0.001108 0.001060 0.072916 0.889019 0.035897
0.147715 0.061043 0.554204 0.219769 0.017269
0.038630 0.162836 0.413996 0.384027 0.000512
0.963633 0.000035 0.025898 0.008394 0.002040
0.001415 0.016198 0.214651 0.764655 0.003081
0.000937 0.031296 0.912365 0.000000 0.055403
0.000628 0.707239 0.138875 0.152183 0.001075
0.002626 0.001799 0.200676 0.678730 0.116170
0.000342 0.044086 0.075009 0.871348 0.009216
0.850421 0.019562 0.039518 0.075017 0.015482
0.098727 0.005280 0.546974 0.336088 0.012931
0.003903 0.002458 0.052516 0.941006 0.000118
0.002562 0.973302 0.021438 0.002423 0.000275
0.006393 0.263440 0.174971 0.554103 0.001093
0.000000 0.140171 0.595078 0.031750 0.233001
0.012979 0.000911 0.239059 0.727789 0.019263
0.070661 0.011049 0.280614 0.637044 0.000632
0.954564 0.007486 0.015316 0.020311 0.002323
0.004149 0.000000 0.968788 0.014198 0.012866
0.000847 0.018282 0.141149 0.833691 0.006032
0.010567 0.001157 0.084237 0.903943 0.000096
0.002560 0.969192 0.023460 0.004409 0.000380
0.819058 0.116152 0.030635 0.023014 0.011141
0.002385 0.003526 0.364900 0.606050 0.023140
0.000000 0.078562 0.875761 0.012158 0.033519
0.924957 0.005917 0.034760 0.030698 0.003668
0.000000 0.130036 0.583714 0.034292 0.251957
0.032743 0.186271 0.369499 0.410877 0.000611
0.017793 0.010568 0.220305 0.683134 0.068200
0.000016 0.030577 0.110039 0.020233 0.839136
0.004268 0.003239 0.224716 0.652345 0.115432
0.007222 0.005069 0.339143 0.647971 0.000595
0.000300 0.053770 0.271412 0.674293 0.000225
0.100621 0.051928 0.137485 0.602815 0.107150
0.976891 0.000334 0.013184 0.009229 0.000362
0.001658 0.007327 0.469403 0.197279 0.324333
0.000000 0.077978 0.027793 0.282298 0.611931
0.326369 0.007055 0.153328 0.464596 0.048652
0.000185 0.572953 0.158282 0.268286 0.000295
0.002562 0.973265 0.021456 0.002441 0.000276
0.018309 0.129457 0.109354 0.738500 0.004379
0.000979 0.831714 0.111422 0.006468 0.049418
0.000004 0.005667 0.067705 0.026811 0.899813
0.012036 0.176176 0.048412 0.519168 0.244208
0.009001 0.001017 0.080119 0.900244 0.009619
0.163625 0.046005 0.699401 0.074607 0.016362
0.000627 0.040981 0.937674 0.020236 0.000483
0.010137 0.043764 0.392210 0.550273 0.003616
0.951325 0.000059 0.029711 0.014629 0.004276
0.000032 0.062329 0.168015 0.012298 0.757326
0.000138 0.061307 0.158171 0.780018 0.000367
0.975241 0.000377 0.013414 0.010497 0.000471
0.000446 0.031587 0.088833 0.870738 0.008397
0.024579 0.014384 0.900519 0.060518 0.000000
0.006770 0.389677 0.155352 0.447279 0.000922
0.007559 0.028967 0.073306 0.887717 0.002452
0.030898 0.136143 0.208190 0.614357 0.010411
0.023177 0.017802 0.883074 0.075946 0.000000
0.000643 0.006855 0.211331 0.178694 0.602477
0.936541 0.000208 0.034082 0.021692 0.007477
0.008359 0.065392 0.235832 0.680505 0.009912
0.019467 0.024263 0.224637 0.660307 0.071326
0.066909 0.001358 0.253642 0.669884 0.008207
0.000380 0.050350 0.327662 0.621453 0.000154
0.921834 0.000171 0.034363 0.043277 0.000355
0.000000 0.331863 0.522558 0.015034 0.130545
0.000524 0.072320 0.892707 0.033229 0.001221
0.001422 0.755941 0.067978 0.174581 0.000077
0.000000 0.155685 0.786423 0.013754 0.044137
0.000000 0.388006 0.568592 0.007629 0.035773
0.015307 0.343263 0.164216 0.467008 0.010206
0.973048 0.000438 0.013717 0.012180 0.000617
0.013827 0.036785 0.494396 0.453150 0.001843
0.005591 0.242482 0.421867 0.324748 0.005313
0.033182 0.070986 0.166202 0.726272 0.003358
0.002561 0.972241 0.021960 0.002936 0.000302
0.037190 0.000000 0.379891 0.573821 0.009099
0.958875 0.002485 0.015413 0.021543 0.001684
0.029973 0.005834 0.205825 0.755474 0.002894
0.773035 0.066715 0.040467 0.095404 0.024378
0.000181 0.561536 0.156477 0.281508 0.000298
0.000338 0.478807 0.508973 0.010924 0.000959
0.003170 0.012599 0.053793 0.922792 0.007646
0.012476 0.777689 0.126210 0.083325 0.000300
0.926111 0.005821 0.034672 0.029922 0.003473
0.095829 0.005453 0.535298 0.348519 0.014901
0.079977 0.177760 0.156557 0.528105 0.057602
0.008380 0.004794 0.074016 0.912689 0.000121
0.978407 0.000294 0.012974 0.008064 0.000261
0.043778 0.084625 0.769109 0.102467 0.000021
0.000411 0.049005 0.349336 0.601121 0.000127
0.000000 0.029804 0.956507 0.005977 0.007712
0.000000 0.174159 0.686791 0.017404 0.121646
0.000952 0.011600 0.191064 0.743298 0.053086
0.002790 0.079682 0.914745 0.002252 0.000532
0.005293 0.304189 0.160239 0.529214 0.001065
0.000921 0.777424 0.124132 0.016024 0.081499
0.565543 0.003481 0.201483 0.219414 0.010078
0.019326 0.006527 0.103059 0.841856 0.029232
0.008939 0.162666 0.073697 0.749673 0.005025
0.030911 0.021381 0.133660 0.446190 0.367859
0.000505 0.006346 0.176572 0.177008 0.639569
0.001295 0.007000 0.377362 0.190714 0.423628
0.023668 0.257632 0.294677 0.423303 0.000719
0.055863 0.009066 0.373937 0.518661 0.042473
0.188077 0.001054 0.339500 0.471318 0.000050
0.000000 0.096857 0.247668 0.652319 0.003156
0.001032 0.148574 0.842182 0.006289 0.001922
0.565492 0.003482 0.201473 0.219466 0.010087
0.000298 0.357442 0.460316 0.041914 0.140031
0.000138 0.038106 0.048770 0.902850 0.010136
0.000192 0.251530 0.679852 0.065169 0.003256
0.000486 0.543155 0.132043 0.322756 0.001559
0.005324 0.003135 0.131940 0.825504 0.034097
0.911712 0.000130 0.035657 0.052068 0.000433
0.022809 0.366704 0.048324 0.373949 0.188214
0.973303 0.000428 0.013683 0.011986 0.000600
0.946916 0.002920 0.017058 0.030618 0.002488
0.000006 0.010975 0.074990 0.025358 0.888670
0.000672 0.028140 0.118151 0.845882 0.007156
0.964353 0.000769 0.014908 0.018767 0.001203
0.003375 0.026937 0.968294 0.001251 0.000143
0.038213 0.000875 0.226107 0.731569 0.003236
0.006345 0.085940 0.654985 0.252730 0.000000
0.007609 0.048888 0.317928 0.375069 0.250505
0.002546 0.940230 0.037710 0.018391 0.001123
0.970904 0.000019 0.023650 0.004715 0.000711
0.006214 0.320868 0.219711 0.275422 0.177785
0.000088 0.007359 0.457001 0.032957 0.502594
0.000412 0.048987 0.349621 0.600853 0.000127
0.068407 0.033844 0.509124 0.307291 0.081335
0.007342 0.125418 0.069615 0.792491 0.005134
0.034349 0.005678 0.230629 0.727166 0.002179
0.917198 0.001197 0.035185 0.045734 0.000686
0.011573 0.357181 0.184937 0.433039 0.013269
0.001210 0.016643 0.188081 0.789927 0.004139
0.276178 0.032558 0.140529 0.485246 0.065489
0.000105 0.027599 0.044844 0.917384 0.010068
0.005648 0.097049 0.064768 0.827285 0.005251
0.015249 0.054498 0.374198 0.551979 0.004075
0.005456 0.428019 0.360399 0.206114 0.000013
0.004853 0.275604 0.162239 0.556194 0.001111
0.052426 0.104232 0.224288 0.618309 0.000745
0.000179 0.555071 0.155455 0.288994 0.000301
0.127976 0.001798 0.263754 0.606379 0.000093
0.000129 0.006376 0.080807 0.170288 0.742400
0.030341 0.000928 0.619240 0.328464 0.021027
0.002526 0.851212 0.081570 0.061290 0.003402
0.040384 0.693414 0.047408 0.125795 0.093000
0.000129 0.036338 0.047770 0.905624 0.010138
0.018761 0.298695 0.048177 0.425967 0.208400
0.971732 0.000018 0.023394 0.004296 0.000560
0.001167 0.100667 0.827839 0.022803 0.047524
0.000962 0.815751 0.115155 0.009278 0.058855
0.054190 0.127109 0.526909 0.291575 0.000216
0.001642 0.007313 0.465357 0.196987 0.328702
0.013059 0.002128 0.100454 0.874928 0.009431
0.425225 0.040832 0.319066 0.205844 0.009033
0.000065 0.006877 0.348317 0.031169 0.613572
0.063866 0.034480 0.243641 0.616219 0.041794
0.000413 0.006834 0.074802 0.915730 0.002222
0.019880 0.421286 0.161760 0.388379 0.008695
0.968233 0.000025 0.024477 0.006068 0.001197
0.971766 0.000018 0.023384 0.004279 0.000554
0.977123 0.000328 0.013152 0.009051 0.000346
0.000056 0.158973 0.094975 0.745563 0.000433
0.003135 0.293498 0.620409 0.082943 0.000016
0.037153 0.049497 0.181653 0.728612 0.003086
0.001381 0.016253 0.210246 0.768865 0.003256
0.001339 0.016320 0.204846 0.774025 0.003471
0.303071 0.053295 0.294480 0.344243 0.004911
0.010675 0.001015 0.088483 0.890571 0.009255
0.006556 0.025444 0.070161 0.895387 0.002453
0.032840 0.176201 0.371936 0.418401 0.000622
0.000000 0.039105 0.937472 0.007930 0.015493
0.970293 0.000509 0.014100 0.014297 0.000801
0.000000 0.028866 0.495760 0.468663 0.006711
0.000865 0.280070 0.203327 0.507865 0.007874
0.000000 0.918654 0.020970 0.056580 0.003796
0.000000 0.075841 0.807508 0.016897 0.099755
0.000000 0.817143 0.027601 0.147446 0.007810
0.005088 0.047528 0.621199 0.317622 0.008563
0.000000 0.062030 0.288472 0.646550 0.002948
0.003558 0.002248 0.214536 0.665123 0.114535
0.000000 0.034995 0.929029 0.008946 0.027030
0.933223 0.004946 0.034166 0.025362 0.002302
0.006768 0.029095 0.073825 0.882288 0.008024
0.003238 0.574015 0.097905 0.151955 0.172888
0.022311 0.367795 0.021963 0.314792 0.273139
0.969998 0.000021 0.023931 0.005174 0.000876
0.166257 0.043936 0.704855 0.070963 0.013988
0.070581 0.007114 0.433498 0.456687 0.032120
0.011152 0.008917 0.325376 0.543361 0.111193
0.397160 0.006317 0.167528 0.391647 0.037348
0.044702 0.080440 0.777869 0.096972 0.000017
0.866122 0.003458 0.028597 0.094085 0.007737
0.027634 0.022475 0.564655 0.284110 0.101126
0.017082 0.320337 0.096011 0.562100 0.004470
0.000147 0.060474 0.164283 0.774737 0.000359
0.000008 0.006121 0.087524 0.026997 0.879351
0.971749 0.000018 0.023389 0.004287 0.000557
0.001579 0.551188 0.244241 0.044237 0.158754
0.002562 0.972794 0.021688 0.002669 0.000288
0.003355 0.938835 0.041007 0.015845 0.000957
0.002561 0.971139 0.022502 0.003468 0.000330
0.774499 0.088861 0.037689 0.077101 0.021848
0.935291 0.000449 0.034148 0.021427 0.008685
0.006648 0.023001 0.070562 0.897357 0.002432
0.933352 0.004931 0.034157 0.025278 0.002281
0.024579 0.001071 0.151086 0.823200 0.000064
0.006867 0.025200 0.071189 0.894301 0.002443
0.002554 0.945832 0.034974 0.015662 0.000977
0.000024 0.065430 0.078655 0.855424 0.000467
0.978185 0.000300 0.013005 0.008235 0.000275
0.000000 0.061231 0.831499 0.016165 0.091105
0.001414 0.016199 0.214525 0.764775 0.003086
0.027150 0.676978 0.246842 0.047287 0.001743
0.000349 0.017851 0.398610 0.554056 0.029135
0.005237 0.496814 0.142463 0.344920 0.010565
0.978634 0.000288 0.012943 0.007890 0.000246
0.041098 0.050837 0.080012 0.679981 0.148072
0.161834 0.047440 0.695677 0.077075 0.017974
0.000628 0.040644 0.938063 0.020186 0.000479
0.000280 0.018681 0.114108 0.153557 0.713374
0.000667 0.133721 0.775579 -0.000000 0.090033
0.089576 0.199733 0.501739 0.139703 0.069249
0.045838 0.147913 0.466036 0.339841 0.000373
0.006595 0.069140 0.069515 0.849564 0.005185
0.968585 0.000556 0.014337 0.015607 0.000914
0.019615 0.047373 0.317124 0.615888 0.000000
0.014504 0.007653 0.087792 0.858088 0.031964
0.001886 0.677051 0.152415 0.165468 0.003180
0.000243 0.252388 0.121277 0.623681 0.002411
0.003883 0.851509 0.085799 0.055751 0.003057
0.000000 0.370236 0.580284 0.009158 0.040322
0.000777 0.571762 0.177872 0.051293 0.198296
0.000003 0.005710 0.064865 0.026753 0.902669
0.971767 0.000018 0.023384 0.004278 0.000554
0.004847 0.005718 0.246996 0.741278 0.001160
0.009070 0.239970 0.197497 0.552399 0.001064
0.970409 0.007685 0.013032 0.007561 0.001313
0.000580 0.006469 0.195387 0.178154 0.619410
0.017775 0.006583 0.098150 0.847682 0.029810
0.003870 0.007037 0.209044 0.778636 0.001412
0.000019 0.014914 0.134607 0.025173 0.825287
0.002562 0.973390 0.021395 0.002381 0.000273
0.012774 0.797200 0.124817 0.064941 0.000268
0.000014 0.019119 0.107585 0.023502 0.849780
0.000249 0.074279 0.062249 0.852848 0.010374
0.015339 0.615118 0.342969 0.025422 0.001151
0.011050 0.008833 0.323890 0.544972 0.111255
0.966852 0.000474 0.024266 0.005110 0.003299
0.002023 0.729669 0.145704 0.120046 0.002558
0.005286 0.312961 0.374588 0.303348 0.003817
0.006796 0.005170 0.322637 0.664702 0.000696
0.971195 0.000019 0.023561 0.004568 0.000658
0.069574 0.122600 0.538419 0.265860 0.003547
0.016107 0.406408 0.216577 0.360213 0.000695
0.032829 0.005731 0.222017 0.736996 0.002427
0.000109 0.209509 0.128656 0.661343 0.000383
0.774654 0.108724 0.035326 0.061520 0.019776
0.978283 0.000297 0.012991 0.008159 0.000269
0.565595 0.003481 0.201494 0.219360 0.010070
0.004631 0.285067 0.372214 0.332271 0.005818
0.080417 0.006427 0.473177 0.414582 0.025396
0.037204 0.009731 0.810648 0.142309 0.000108
0.018606 0.000000 0.229384 0.746832 0.005177
0.002562 0.973299 0.021439 0.002425 0.000275
0.000019 0.015318 0.132707 0.025024 0.826933
0.001104 0.029545 0.207824 0.698629 0.062899
0.000327 0.052815 0.290376 0.656281 0.000201
0.165783 0.394347 0.158585 0.247669 0.033616
0.001281 0.004937 0.231431 0.719475 0.042876
0.043811 0.151520 0.451509 0.352747 0.000413
0.016107 0.776782 0.162051 0.043128 0.001932
0.007844 0.317671 0.392873 0.281476 0.000135
0.000122 0.157468 0.141065 0.700971 0.000375
0.029879 0.123593 0.142599 0.701371 0.002559
0.074950 0.527506 0.325491 0.035774 0.036279
0.029072 0.550398 0.128953 0.287916 0.003662
0.032095 0.005757 0.217855 0.741746 0.002547
0.000026 0.049824 0.145058 0.015371 0.789722
0.000118 0.012986 0.075219 0.159651 0.752024
0.000000 0.136919 0.807642 0.013477 0.041963
0.000140 0.433952 0.136363 0.429203 0.000342
0.000004 0.005667 0.068216 0.026820 0.899294
0.000024 0.065479 0.078277 0.855753 0.000467
0.006248 0.014443 0.839803 0.093848 0.045658
0.000072 0.217697 0.102383 0.679433 0.000415
0.017980 0.280384 0.659410 0.042226 0.000000
0.000210 0.063696 0.208545 0.727246 0.000303
0.887032 0.000390 0.038803 0.073046 0.000729
0.008222 0.055354 0.338252 0.593639 0.004533
0.030376 0.000927 0.619770 0.328021 0.020907
0.925641 0.007128 0.019495 0.043569 0.004165
0.927441 0.000092 0.033653 0.038532 0.000282
0.914823 0.000431 0.040577 0.032003 0.012166
0.064923 0.007482 0.410672 0.480943 0.035980
0.000017 0.020862 0.120397 0.023205 0.835519
0.002452 0.000649 0.354207 0.623808 0.018885
0.970145 0.000021 0.023886 0.005100 0.000849
0.004226 0.007192 0.059895 0.921529 0.007158
0.002782 0.065402 0.928816 0.002428 0.000571
0.913537 0.000125 0.035424 0.050498 0.000416
0.041253 0.048970 0.196599 0.710373 0.002805
0.000314 0.053101 0.281403 0.664970 0.000212
0.000000 0.030989 0.954041 0.006235 0.008735
0.000058 0.006101 0.062715 0.169482 0.761645
0.000647 0.035796 0.945589 0.017631 0.000337
0.274265 0.008746 0.486839 0.227542 0.002608
0.016540 0.072447 0.128252 0.773784 0.008978
0.000016 0.006038 0.123688 0.027610 0.842648
0.012197 0.759377 0.127518 0.100580 0.000329
0.038600 0.000992 0.217992 0.742383 0.000033
0.001285 0.668582 0.083823 0.246203 0.000106
0.001049 0.200074 0.791413 0.005677 0.001787
0.000671 0.020410 0.156364 0.758593 0.063961
0.023927 0.703463 0.223401 0.047344 0.001865
0.000022 0.012459 0.146224 0.026085 0.815210
0.000095 0.007503 0.488393 0.033483 0.470526
0.946315 0.000050 0.031251 0.022283 0.000101
0.000202 0.197046 0.120080 0.680104 0.002568
0.821066 0.116489 0.030423 0.021272 0.010751
0.006621 0.528548 0.335365 0.129458 0.000009
0.971715 0.000018 0.023400 0.004304 0.000563
0.323176 0.008125 0.152570 0.466600 0.049529
0.005184 0.147686 0.692815 0.073625 0.080690
0.001481 0.777522 0.064388 0.156538 0.000070
0.000414 0.006709 0.074868 0.915790 0.002219
0.002345 0.151895 0.165490 0.672955 0.007315
0.000000 0.034126 0.932253 0.008708 0.024912
0.010508 0.511812 0.154428 0.312544 0.010708
0.186680 0.001053 0.337739 0.474477 0.000051
0.012466 0.004227 0.348053 0.543914 0.091340
0.002559 0.967958 0.024067 0.005004 0.000412
0.947747 0.000148 0.030669 0.016156 0.005280
0.008104 0.845524 0.075425 0.062969 0.007977
0.741297 0.000894 0.057516 0.198116 0.002176
0.000000 0.105469 0.840562 0.013575 0.040395
0.005426 0.240025 0.053588 0.698962 0.001999
0.011846 0.736334 0.129169 0.122285 0.000366
0.162479 0.046906 0.697027 0.076193 0.017396
0.018000 0.054206 0.111722 0.811672 0.004400
0.000373 0.025500 0.079637 0.885857 0.008633
0.000068 0.018483 0.040323 0.931072 0.010054
0.000078 0.070760 0.115687 0.813056 0.000419
