0.000190 0.978108 0.020153 0.000255 0.001270 0.000024
0.005761 0.623591 0.327569 0.003323 0.036013 0.003744
0.869085 0.007719 0.110183 0.006576 0.006088 0.000348
0.752243 0.083842 0.111730 0.049586 0.002380 0.000220
0.000266 0.972244 0.026585 0.000345 0.000512 0.000048
0.000174 0.979899 0.018123 0.000242 0.001535 0.000027
0.153685 0.184389 0.000000 0.629020 0.014725 0.018180
0.845515 0.010160 0.127450 0.006024 0.010746 0.000105
0.000041 0.995050 0.000900 0.000142 0.003807 0.000061
0.002785 0.020401 0.097592 0.876776 0.002387 0.000060
0.008184 0.000000 0.002114 0.004496 0.176089 0.809117
0.198919 0.140644 -0.000000 0.655131 0.001263 0.004044
0.961872 0.010717 0.018829 0.001437 0.006436 0.000709
0.939834 0.018794 0.035893 0.001072 0.004346 0.000062
0.000504 0.028260 0.006035 0.890996 0.028655 0.045551
0.702675 0.068492 0.164602 0.003784 0.060417 0.000030
0.000516 0.031604 0.007343 0.889967 0.027365 0.043206
0.038873 0.271416 0.513918 0.105991 0.060467 0.009336
0.000204 0.976694 0.021740 0.000268 0.001069 0.000024
0.158200 0.053818 0.495024 0.225417 0.005319 0.062222
0.012089 0.000000 0.010352 0.005752 0.178696 0.793111
0.000239 0.974515 0.024069 0.000316 0.000818 0.000043
0.002959 0.024200 0.123989 0.847446 0.001375 0.000032
0.768158 0.043806 0.160194 0.019323 0.002198 0.006321
0.235691 0.138830 0.074722 0.358960 0.028520 0.163276
0.002907 0.032216 0.133856 0.826377 0.004630 0.000015
0.950390 0.014803 0.030518 0.001173 0.002852 0.000265
0.043891 0.376795 0.127435 0.042724 0.386792 0.022363
0.000735 0.090978 0.030072 0.868647 0.006742 0.002826
0.974848 0.006090 0.005538 0.001745 0.010560 0.001219
0.000888 0.316374 0.047475 0.019591 0.527447 0.088224
0.000699 0.978747 0.014576 0.001326 0.003850 0.000802
0.038180 0.002800 0.864568 0.000932 0.092774 0.000746
0.000256 0.973157 0.025563 0.000336 0.000640 0.000048
0.424221 0.003646 0.380942 0.007692 0.159130 0.024369
0.002458 0.000000 0.001484 0.002202 0.734809 0.259046
0.000234 0.974680 0.023915 0.000307 0.000826 0.000038
0.926771 0.024133 0.033669 0.001175 0.014107 0.000145
0.000264 0.970850 0.028299 0.000325 0.000238 0.000024
0.000216 0.976001 0.022475 0.000285 0.000992 0.000031
0.970590 0.007610 0.009906 0.001643 0.009201 0.001051
0.000614 0.057581 0.017491 0.881753 0.017420 0.025140
0.281269 0.552916 0.052143 0.039814 0.062671 0.011186
0.600163 0.246638 0.101547 0.011302 0.033111 0.007239
0.043487 0.896832 0.018617 0.032528 0.007158 0.001379
0.007945 0.000000 0.001610 0.004420 0.175936 0.810089
0.092146 0.811027 0.047391 0.048293 0.000598 0.000545
0.498015 0.358868 0.085342 0.000679 0.055521 0.001575
0.104527 0.785124 0.041782 0.063462 0.001891 0.003215
0.220529 0.048402 0.248491 0.352416 0.010012 0.120150
0.000242 0.972233 0.026816 0.000296 0.000400 0.000013
0.000265 0.970951 0.028171 0.000327 0.000260 0.000026
0.000044 0.994633 0.001374 0.000144 0.003744 0.000060
0.000224 0.975535 0.022969 0.000296 0.000941 0.000036
0.000234 0.973209 0.025705 0.000290 0.000547 0.000015
0.700517 0.107251 0.015100 0.018987 0.125295 0.032850
0.000202 0.000988 0.066621 0.070076 0.853078 0.009035
0.010577 0.000000 0.007164 0.005266 0.177730 0.799263
0.724275 0.062400 0.156324 0.004010 0.052937 0.000055
0.000058 0.993030 0.003197 0.000155 0.003503 0.000056
0.000336 0.972450 0.025686 0.000493 0.000879 0.000156
0.008060 0.004389 0.835904 0.100151 0.044546 0.006950
0.807869 0.014266 0.150511 0.020602 0.006685 0.000066
0.000205 0.976729 0.021690 0.000270 0.001079 0.000026
0.928427 0.004233 0.044159 0.009268 0.012634 0.001279
0.000192 0.977869 0.020426 0.000256 0.001234 0.000023
0.951077 0.014584 0.029240 0.001203 0.003582 0.000314
0.008217 0.687609 0.293763 0.008438 0.000404 0.001569
0.007918 0.079077 0.042433 0.822762 0.032303 0.015507
0.762917 0.091076 0.005768 0.002496 0.136536 0.001206
0.242213 0.492507 0.258214 0.006698 0.000000 0.000368
0.000041 0.995065 0.000883 0.000142 0.003809 0.000061
0.635600 0.144051 0.192181 0.011845 0.015752 0.000571
0.000352 0.129869 0.010285 0.700021 0.141645 0.017828
0.349677 0.414520 0.051901 0.078931 0.100892 0.004080
0.838963 0.097646 0.022515 0.001366 0.029184 0.010326
0.956119 0.012769 0.024598 0.001306 0.004718 0.000490
0.577942 0.277378 0.120624 0.009631 0.012794 0.001631
0.185744 0.585809 0.119578 0.095828 0.007528 0.005512
0.863411 0.007788 0.118713 0.006200 0.003658 0.000230
0.000731 0.979293 0.013606 0.001399 0.004113 0.000858
0.000255 0.971229 0.027925 0.000309 0.000266 0.000016
0.717825 0.069966 0.100139 0.093012 0.012541 0.006518
0.256065 0.005969 0.543891 0.003729 0.187745 0.002601
0.003256 0.000308 0.075383 0.218596 0.434873 0.267585
0.022545 0.000000 0.954724 0.010887 0.010382 0.001462
0.000216 0.975185 0.023471 0.000275 0.000835 0.000018
0.642041 0.224409 0.129811 0.000640 0.002856 0.000244
0.000517 0.031664 0.007374 0.889984 0.027307 0.043154
0.000057 0.993229 0.002971 0.000154 0.003533 0.000057
0.000720 0.086420 0.028445 0.870866 0.007807 0.005742
0.544950 0.006983 0.407197 0.029531 0.009741 0.001598
0.269042 0.005605 0.584076 0.003741 0.135492 0.002044
0.547234 0.151957 0.233566 0.053414 0.013035 0.000794
0.010799 0.000000 0.007630 0.005337 0.177870 0.798365
0.850251 0.008962 0.129947 0.005804 0.004965 0.000072
0.007924 0.000000 0.001565 0.004413 0.175922 0.810176
0.003071 0.222658 0.630737 0.026344 0.096630 0.020560
0.000148 0.982865 0.014752 0.000222 0.001978 0.000034
0.448343 0.115946 0.385611 0.026873 0.021848 0.001378
0.776738 0.018285 0.137712 0.022121 0.044926 0.000218
0.000229 0.973635 0.025238 0.000284 0.000602 0.000014
0.711944 0.065772 0.164742 0.003816 0.053694 0.000034
0.000162 0.981234 0.016607 0.000233 0.001734 0.000030
0.147167 0.001514 0.009190 0.071896 0.556600 0.213633
0.062507 0.046530 0.725232 0.000000 0.139028 0.026703
0.000294 0.972527 0.025983 0.000406 0.000696 0.000094
0.000264 0.138699 0.005654 0.660997 0.172882 0.021505
0.033796 0.026285 0.770508 0.017543 0.151231 0.000637
0.000162 0.981220 0.016623 0.000233 0.001732 0.000030
0.016937 0.000000 0.020573 0.007310 0.181902 0.773279
0.000269 0.971127 0.027912 0.000339 0.000316 0.000036
0.008044 0.000000 0.001819 0.004452 0.175999 0.809686
0.000054 0.000727 0.005661 0.036491 0.947478 0.009590
0.000048 0.994270 0.001787 0.000147 0.003690 0.000059
0.000595 0.053162 0.015653 0.882675 0.019585 0.028329
0.302470 0.109637 0.531400 0.006294 0.050191 0.000008
0.000258 0.970705 0.028528 0.000311 0.000184 0.000013
0.000317 0.001192 0.114109 0.096041 0.779827 0.008513
0.004732 0.004393 0.872494 0.004399 0.097576 0.016405
0.010107 0.000000 0.006171 0.005114 0.177409 0.801199
0.000465 0.017771 0.001936 0.894195 0.032701 0.052932
0.033393 0.003974 0.697070 0.000986 0.263300 0.001276
0.686205 0.073516 0.157794 0.003844 0.078604 0.000037
0.000380 0.973069 0.024522 0.000592 0.001206 0.000232
0.000125 0.985491 0.011768 0.000205 0.002371 0.000040
0.246220 0.275618 0.204940 0.102182 0.164627 0.006413
0.689326 0.070431 0.220122 0.015063 0.003616 0.001443
0.024091 0.003530 0.006893 0.015849 0.922791 0.026845
0.000209 0.976705 0.021683 0.000278 0.001093 0.000031
0.328751 0.205835 0.297191 0.109986 0.053818 0.004420
0.003015 0.027351 0.136065 0.831860 0.001692 0.000017
0.927595 0.023799 0.033740 0.001170 0.013553 0.000142
0.961311 0.010918 0.019378 0.001425 0.006280 0.000688
0.155374 0.081043 0.141798 0.007336 0.614005 0.000445
0.000056 0.993271 0.002923 0.000153 0.003539 0.000057
0.155171 0.444028 0.009909 0.006787 0.376584 0.007521
0.327986 0.383026 0.278401 0.009335 0.000000 0.001252
0.930915 0.022473 0.033623 0.001161 0.011681 0.000147
0.000309 0.973618 0.024514 0.000450 0.000975 0.000134
0.142077 0.006565 0.077832 0.048312 0.700936 0.024278
0.237283 0.109968 0.532996 0.114425 0.005327 0.000000
0.000068 0.991954 0.004421 0.000162 0.003341 0.000054
0.323571 0.017491 0.643953 0.004948 0.009575 0.000462
0.000218 0.975950 0.022524 0.000287 0.000989 0.000032
0.003011 0.000000 0.002602 0.002382 0.732837 0.259168
0.062312 0.863830 0.030334 0.038117 0.004481 0.000925
0.657430 0.214068 0.122748 0.000690 0.004132 0.000931
0.000245 0.971974 0.027104 0.000299 0.000364 0.000013
0.004181 0.000000 0.207431 0.775602 0.003300 0.009486
0.862033 0.025100 0.048424 0.006465 0.057660 0.000318
0.000142 0.983573 0.013947 0.000218 0.002085 0.000036
0.636339 0.145539 0.187922 0.012100 0.017355 0.000743
0.036598 0.002927 0.850457 0.000896 0.108533 0.000589
0.000180 0.979246 0.018857 0.000248 0.001441 0.000027
0.103895 0.172175 0.640622 0.046304 0.027511 0.009494
0.947733 0.015767 0.032775 0.001124 0.002422 0.000180
0.223235 0.000000 0.642922 0.016346 0.092870 0.024626
0.023476 0.000000 0.923549 0.007237 0.045737 0.000001
0.000433 0.121815 0.014501 0.735537 0.113195 0.014519
0.000041 0.994997 0.000960 0.000142 0.003799 0.000061
0.159339 0.673470 0.026753 0.122170 0.005405 0.012863
0.000592 0.106124 0.022771 0.804879 0.057534 0.008100
0.000271 0.971152 0.027872 0.000342 0.000326 0.000038
0.391061 0.353350 0.074294 0.008206 0.169488 0.003601
0.000215 0.143621 0.003113 0.639402 0.190126 0.023523
0.000644 0.101105 0.025498 0.827390 0.039386 0.005978
0.927017 0.024034 0.033686 0.001173 0.013946 0.000144
0.136444 0.660232 0.143438 0.056150 0.003342 0.000394
0.000316 0.972110 0.026280 0.000448 0.000723 0.000122
0.019475 0.000000 0.026344 0.008108 0.203827 0.742245
0.325036 0.520548 0.031119 0.000732 0.119321 0.003244
0.000126 0.985371 0.011903 0.000206 0.002354 0.000040
0.807107 0.073033 0.013206 0.002136 0.103600 0.000919
0.000253 0.973803 0.024810 0.000336 0.000746 0.000052
0.002153 0.000000 0.000867 0.002103 0.735898 0.258979
0.021127 0.000000 0.941316 0.006026 0.031531 0.000000
0.724631 0.000954 0.244660 0.002601 0.025836 0.001318
0.000213 0.976199 0.022259 0.000281 0.001017 0.000030
0.023135 0.000000 0.033635 0.009303 0.185709 0.748218
0.000340 0.000396 0.005128 0.044097 0.906304 0.043734
0.008882 0.000000 0.003586 0.004721 0.176539 0.806273
0.006396 0.000000 0.009446 0.003482 0.720755 0.259921
0.003828 0.000000 0.003393 0.758996 0.047761 0.186022
0.000583 0.049383 0.014287 0.884377 0.020554 0.030816
0.000042 0.994952 0.001011 0.000142 0.003792 0.000061
0.231471 0.150038 0.275851 0.269367 0.002694 0.070580
0.000282 0.970984 0.027973 0.000363 0.000346 0.000052
0.136510 0.029458 -0.000000 0.734646 0.006188 0.093197
0.000286 0.972111 0.026565 0.000384 0.000579 0.000076
0.000000 0.073521 0.709665 0.138914 0.007822 0.070078
0.000176 0.979668 0.018384 0.000244 0.001501 0.000027
0.005919 0.000000 0.950419 0.041925 0.000006 0.001731
0.015607 0.003309 0.001756 0.013526 0.938674 0.027128
0.426807 0.080359 0.454969 0.002254 0.033679 0.001932
0.867786 0.023617 0.041257 0.006618 0.060388 0.000334
0.582029 0.266666 0.066327 0.029864 0.044506 0.010608
0.000085 0.990063 0.006571 0.000175 0.003057 0.000050
0.016846 0.000000 0.020400 0.007280 0.182753 0.772722
0.036895 0.002828 0.865058 0.000887 0.093810 0.000522
0.163396 0.007025 0.089430 0.054554 0.658548 0.027047
0.000676 0.074066 0.023882 0.876151 0.011361 0.013864
0.404919 0.445889 0.056175 0.000707 0.089839 0.002470
0.000473 0.019824 0.002740 0.893581 0.031900 0.051482
0.097257 0.173426 0.669675 0.040334 0.016824 0.002484
0.000185 0.978871 0.019267 0.000254 0.001393 0.000029
0.021827 0.000000 0.959500 0.006142 0.012531 0.000000
0.008331 0.004160 0.857065 0.102230 0.020332 0.007883
0.570987 0.280366 0.119082 0.009567 0.018337 0.001661
0.299708 0.113830 0.523698 0.006343 0.056413 0.000009
0.016666 0.003337 0.002397 0.013816 0.936690 0.027093
0.000342 0.972440 0.025644 0.000505 0.000905 0.000165
0.031549 0.000000 0.051401 0.012006 0.192893 0.712151
0.007932 0.000000 0.001583 0.004416 0.175927 0.810143
0.975932 0.005703 0.004424 0.001771 0.010908 0.001262
0.270903 0.000000 0.354524 0.005724 0.366096 0.002754
0.728605 0.107180 0.102832 0.053660 0.007228 0.000494
0.927466 0.023849 0.033787 0.001169 0.013587 0.000141
0.000183 0.979007 0.019124 0.000251 0.001408 0.000028
0.007386 0.000000 0.011443 0.003803 0.717040 0.260327
0.000182 0.979088 0.019035 0.000249 0.001419 0.000027
0.000188 0.978526 0.019663 0.000256 0.001340 0.000028
0.000268 0.970719 0.028422 0.000331 0.000232 0.000028
0.000620 0.097665 0.023504 0.825658 0.043466 0.009086
0.000564 0.046917 0.012667 0.882227 0.024312 0.033314
0.006805 0.751188 0.211366 0.003369 0.023257 0.004014
0.439213 0.334892 0.087497 0.008495 0.127112 0.002791
0.099985 0.000000 0.732889 0.069135 0.043723 0.054268
0.000204 0.977171 0.021161 0.000274 0.001159 0.000031
0.941724 0.018012 0.036414 0.001052 0.002756 0.000043
0.515169 0.009181 0.370236 0.031131 0.071194 0.003089
0.033937 0.003786 0.012848 0.018546 0.904346 0.026538
0.089989 0.814899 0.046327 0.047411 0.000840 0.000534
0.016388 0.944289 0.001679 0.024555 0.011041 0.002048
0.025982 0.000000 0.039659 0.010217 0.188720 0.735422
0.000101 0.988228 0.008658 0.000187 0.002781 0.000046
0.761095 0.044938 0.167411 0.018778 0.002020 0.005759
0.000469 0.018683 0.002294 0.893922 0.032345 0.052287
0.002473 0.000697 0.150367 0.133009 0.676952 0.036503
0.224936 0.111914 0.000000 0.618689 0.004321 0.040140
0.000049 0.994153 0.001920 0.000148 0.003672 0.000059
0.000252 0.971474 0.027656 0.000306 0.000298 0.000015
0.853883 0.008211 0.130445 0.005713 0.001681 0.000067
0.000254 0.971200 0.027964 0.000308 0.000259 0.000014
0.000051 0.000723 0.004620 0.035919 0.949087 0.009600
0.298495 0.057848 0.438536 0.008128 0.196823 0.000170
0.022624 0.000000 0.964311 0.010159 0.001736 0.001169
0.684791 0.108468 0.188823 0.012648 0.004104 0.001166
0.028856 0.922459 0.009477 0.028217 0.009252 0.001739
0.329912 0.016931 0.640511 0.005097 0.006724 0.000825
0.030322 0.004997 0.547318 0.001076 0.414330 0.001956
0.000319 0.971732 0.026720 0.000449 0.000662 0.000119
0.034658 0.004300 0.802364 0.128639 0.026315 0.003724
0.567140 0.120599 0.261603 0.048821 0.001656 0.000180
0.057986 0.225750 0.488764 0.111702 0.105331 0.010467
0.000211 0.976402 0.022034 0.000279 0.001044 0.000030
0.000183 0.979020 0.019111 0.000250 0.001409 0.000027
0.865933 0.027654 0.060861 0.026884 0.004560 0.014108
0.544978 0.201496 0.208831 0.035848 0.004142 0.004704
0.084625 0.076389 0.702328 0.114243 0.010386 0.012030
0.946941 0.016070 0.033087 0.001119 0.002615 0.000168
0.567721 0.293648 0.107309 0.000658 0.029765 0.000898
0.595393 0.110115 0.233417 0.056609 0.003164 0.001301
0.000049 0.994154 0.001919 0.000148 0.003672 0.000059
0.000097 0.988659 0.008166 0.000184 0.002846 0.000047
0.007404 0.000000 0.896502 0.083979 0.000157 0.011958
0.007605 0.024657 0.407319 0.056488 0.133128 0.370803
0.069858 0.850473 0.034632 0.040703 0.003501 0.000832
0.576882 0.265162 0.106034 0.010496 0.036382 0.005044
0.716183 0.001052 0.236878 0.002684 0.041382 0.001820
0.049932 0.002318 0.896115 0.001295 0.047838 0.002502
0.534524 0.164698 0.230204 0.053289 0.016524 0.000760
0.032570 0.915957 0.011801 0.029307 0.008719 0.001647
0.000636 0.097284 0.024458 0.830687 0.038892 0.008043
0.725844 0.000975 0.235832 0.002696 0.032562 0.002091
0.200152 0.047862 0.041570 0.319203 0.006048 0.385164
0.253418 0.006043 0.535545 0.003727 0.198546 0.002721
0.000143 0.983441 0.014098 0.000219 0.002064 0.000035
0.000565 0.044536 0.012408 0.885978 0.022348 0.034165
0.000774 0.000143 0.980147 0.001684 0.017074 0.000178
0.929065 0.023206 0.033830 0.001162 0.012598 0.000139
0.520891 0.008614 0.385181 0.030213 0.052910 0.002190
0.839321 0.012023 0.121694 0.006450 0.020331 0.000182
0.726565 0.000920 0.250014 0.002543 0.019059 0.000899
0.166882 0.000000 0.705577 0.021693 0.103702 0.002146
0.634040 0.167446 0.147001 0.022111 0.023674 0.005728
0.004054 0.004374 0.045315 0.041094 0.080491 0.824672
0.006779 0.004162 0.965901 0.005131 0.011481 0.006545
0.766403 0.072298 0.110204 0.050024 0.000736 0.000335
0.689383 0.066550 0.225745 0.014575 0.002677 0.001069
0.171636 0.166738 0.000000 0.639637 0.009350 0.012639
0.000142 0.983473 0.014062 0.000218 0.002069 0.000035
0.000045 0.994554 0.001463 0.000145 0.003732 0.000060
0.110104 0.774455 0.042441 0.067547 0.001745 0.003708
0.491470 0.222864 0.188804 0.059198 0.036139 0.001525
0.000178 0.979496 0.018579 0.000245 0.001476 0.000027
0.009861 0.000000 0.005650 0.005035 0.177170 0.802284
0.005979 0.615790 0.308714 0.003680 0.054463 0.011374
0.000200 0.145135 0.002332 0.632758 0.195429 0.024146
0.000573 0.046832 0.013252 0.885014 0.021696 0.032633
0.002145 0.641263 0.089742 0.002005 0.253148 0.011696
0.000192 0.978113 0.020124 0.000260 0.001282 0.000028
0.000156 0.981968 0.015773 0.000228 0.001844 0.000032
0.000731 0.092780 0.030006 0.864626 0.009352 0.002505
0.273142 0.411216 0.308821 0.006683 0.000000 0.000138
0.000277 0.973092 0.025452 0.000378 0.000724 0.000078
0.000233 0.975629 0.022768 0.000316 0.001002 0.000051
0.765716 0.019709 0.133110 0.022669 0.058523 0.000274
0.047698 0.212910 0.585351 0.124259 0.013273 0.016510
0.000721 0.093783 0.029511 0.860357 0.012763 0.002865
0.000184 0.146845 0.001451 0.625260 0.201412 0.024849
0.625670 0.239740 0.124627 0.000645 0.008914 0.000404
0.540751 0.008142 0.355578 0.033370 0.056729 0.005430
0.021945 0.000000 0.958434 0.006205 0.013415 0.000000
0.970852 0.007516 0.009640 0.001649 0.009282 0.001061
0.069717 0.850725 0.034558 0.040649 0.003518 0.000833
0.002295 0.007133 0.015972 0.969754 0.004696 0.000150
0.000045 0.994569 0.001447 0.000145 0.003735 0.000060
0.666742 0.079469 0.149278 0.003922 0.100543 0.000046
0.000302 0.971532 0.027113 0.000412 0.000548 0.000092
0.000609 0.091617 0.021913 0.831106 0.042456 0.012299
0.000552 0.110263 0.020726 0.787211 0.071629 0.009619
0.002595 0.014974 0.065852 0.913350 0.003134 0.000095
0.044333 0.012713 0.900075 0.019386 0.022548 0.000944
0.241559 0.241133 0.505912 0.011108 0.000006 0.000281
0.000000 0.014589 0.004574 0.000000 0.973916 0.006921
0.000254 0.971042 0.028156 0.000306 0.000229 0.000012
0.866813 0.023868 0.042453 0.006593 0.059942 0.000331
0.946617 0.016261 0.031744 0.001154 0.004005 0.000219
0.376527 0.358901 0.070286 0.008120 0.182315 0.003851
0.641871 0.137424 0.196104 0.011694 0.012428 0.000479
0.024092 0.000000 0.044976 0.009241 0.645831 0.275861
0.956923 0.012495 0.023506 0.001332 0.005213 0.000531
0.002600 0.000000 0.006945 0.632203 0.274928 0.083324
0.000207 0.976883 0.021490 0.000275 0.001114 0.000030
0.002125 0.000000 0.000810 0.002094 0.735997 0.258974
0.017454 0.942422 0.002346 0.024868 0.010888 0.002022
0.021030 0.003450 0.005039 0.015011 0.928520 0.026950
0.095788 0.177982 0.658898 0.040131 0.024576 0.002626
0.811290 0.013844 0.149536 0.020729 0.004510 0.000090
0.000676 0.074931 0.023977 0.874785 0.012072 0.013558
0.001128 0.957117 0.038497 0.002012 0.000954 0.000291
0.021407 0.000000 0.039701 0.008363 0.662951 0.267579
0.581081 0.177448 0.187206 0.041136 0.004312 0.008817
0.492597 0.000000 0.242102 0.012300 0.232154 0.020847
0.000000 0.093793 0.817351 0.072348 0.007730 0.008778
0.000051 0.993835 0.002282 0.000150 0.003624 0.000058
0.848262 0.056220 0.020217 0.001803 0.072847 0.000651
0.546688 0.149323 0.239778 0.052071 0.011534 0.000606
0.196389 0.505170 0.241518 0.023211 0.026311 0.007400
0.000045 0.994546 0.001472 0.000145 0.003731 0.000060
0.000217 0.143480 0.003186 0.640022 0.189630 0.023465
0.687216 0.065791 0.229579 0.014270 0.002353 0.000790
0.699199 0.069575 0.162383 0.003811 0.064999 0.000033
0.000041 0.995007 0.000948 0.000142 0.003801 0.000061
0.958052 0.012081 0.022631 0.001351 0.005320 0.000564
0.061372 0.272691 -0.000000 0.574988 0.042343 0.048605
0.101700 0.791680 0.045105 0.058237 0.001128 0.002150
0.006491 0.611766 0.334921 0.003930 0.030825 0.012069
0.637404 0.088445 0.136369 0.004042 0.133680 0.000060
0.202805 0.033961 0.733846 0.011357 0.012434 0.005597
0.044931 0.241624 0.521609 0.125871 0.044708 0.021257
0.597120 0.100777 0.118524 0.004210 0.179290 0.000079
0.910416 0.030816 0.030919 0.001303 0.026298 0.000248
0.000787 0.000166 0.968596 0.001809 0.028379 0.000263
0.668249 0.101237 0.201344 0.016950 0.009757 0.002463
0.698810 0.069700 0.162019 0.003816 0.065622 0.000034
0.000725 0.086528 0.028772 0.872091 0.006550 0.005335
0.643898 0.086466 0.138950 0.004021 0.126609 0.000057
0.751960 0.085994 0.129813 0.016934 0.011197 0.004101
0.000042 0.994951 0.001012 0.000142 0.003792 0.000061
0.005045 0.000000 0.006713 0.003043 0.725515 0.259684
0.000466 0.018075 0.002055 0.894104 0.032583 0.052717
0.000260 0.970952 0.028214 0.000317 0.000238 0.000019
0.966121 0.009205 0.014443 0.001538 0.007816 0.000877
0.251012 0.261123 0.473690 0.012667 0.000030 0.001477
0.203989 0.092758 0.187548 0.264324 0.001546 0.249835
0.002281 0.192941 0.004770 0.517856 0.270639 0.011513
0.004830 0.003758 0.921407 0.004176 0.055185 0.010644
0.011035 0.681165 0.276697 0.005546 0.010165 0.015392
0.292063 0.000000 0.317897 0.175119 0.001685 0.213236
0.000169 0.980460 0.017484 0.000239 0.001619 0.000029
0.000000 0.041858 0.873213 0.000000 0.076650 0.008279
0.944175 0.017207 0.032483 0.001144 0.004801 0.000191
0.973288 0.006647 0.007141 0.001707 0.010060 0.001158
0.439655 0.058140 0.496751 0.002031 0.002903 0.000520
0.088581 0.817259 0.045103 0.047292 0.001119 0.000646
0.512176 0.194656 0.209189 0.056254 0.026582 0.001143
0.033848 0.018527 0.861259 0.014736 0.071312 0.000319
0.000174 0.979875 0.018151 0.000242 0.001531 0.000027
0.000167 0.980709 0.017204 0.000236 0.001655 0.000029
0.138075 0.032195 -0.000000 0.732744 0.006052 0.090934
0.702520 0.185477 0.097003 0.000860 0.010832 0.003308
0.569920 0.282254 0.120466 0.009458 0.016621 0.001281
0.003813 0.000000 0.004222 0.002642 0.729956 0.259367
0.145079 0.176585 0.232173 0.074684 0.351189 0.020289
0.000049 0.994057 0.002029 0.000148 0.003658 0.000059
0.000198 0.978013 0.020197 0.000270 0.001288 0.000034
0.000211 0.977583 0.020601 0.000292 0.001267 0.000047
0.270449 0.050215 0.341896 0.007713 0.323201 0.006526
0.950437 0.014836 0.029352 0.001203 0.003863 0.000309
0.000584 0.053839 0.015025 0.878479 0.023147 0.028925
0.443095 0.059031 0.489724 0.002090 0.005094 0.000965
0.073589 0.843777 0.036469 0.042231 0.003083 0.000851
0.075301 0.000000 0.146613 0.025962 0.374940 0.377183
0.801848 0.040722 0.119467 0.004955 0.032854 0.000156
0.701983 0.001206 0.226955 0.002791 0.064670 0.002396
0.000041 0.995057 0.000891 0.000142 0.003808 0.000061
0.000518 0.031991 0.007494 0.889847 0.027215 0.042935
0.000185 0.978800 0.019359 0.000252 0.001377 0.000027
0.000730 0.092835 0.029999 0.864478 0.009456 0.002502
0.344605 0.077921 0.560634 0.006819 0.010008 0.000013
0.250343 0.074464 0.070621 0.352410 0.004560 0.247602
0.000257 0.971046 0.028128 0.000312 0.000241 0.000016
0.172508 0.000000 0.723274 0.022085 0.079844 0.002290
0.048034 0.849129 0.029462 0.038795 0.032583 0.001997
0.000652 0.082761 0.023536 0.856640 0.024072 0.012338
0.000784 0.000179 0.962078 0.001844 0.034836 0.000279
0.755280 0.035129 0.130942 0.005654 0.044121 0.028874
0.183865 0.020054 -0.000000 0.767128 0.009195 0.019757
0.845928 0.010872 0.120794 0.006386 0.015826 0.000196
0.000054 0.993566 0.002588 0.000151 0.003584 0.000058
0.041327 0.249652 0.555662 0.107192 0.038536 0.007631
0.011274 0.032817 0.704591 0.073033 0.035698 0.142587
0.000656 0.100189 0.026179 0.832311 0.035289 0.005376
0.000071 0.991612 0.004810 0.000164 0.003290 0.000053
0.946201 0.016367 0.033095 0.001121 0.003049 0.000168
0.180768 0.593413 0.121735 0.091908 0.007163 0.005012
0.000236 0.973427 0.025426 0.000296 0.000595 0.000021
0.680872 0.075144 0.155573 0.003863 0.084508 0.000039
0.726034 0.044934 0.026051 0.013850 0.187654 0.001477
0.000235 0.973136 0.025787 0.000291 0.000536 0.000015
0.038522 0.003993 0.713864 0.162385 0.060723 0.020513
0.000587 0.106652 0.022574 0.802911 0.059058 0.008218
0.603629 0.260514 0.117251 0.000653 0.017305 0.000647
0.874205 0.007113 0.107069 0.006662 0.004558 0.000393
0.002761 0.000000 0.002096 0.002300 0.733728 0.259114
0.575651 0.279836 0.121786 0.009508 0.011974 0.001245
0.132652 0.671536 0.129532 0.058496 0.006700 0.001083
0.000049 0.994137 0.001938 0.000148 0.003670 0.000059
0.000195 0.977705 0.020594 0.000261 0.001218 0.000026
0.000237 0.973850 0.024900 0.000303 0.000680 0.000029
0.965291 0.009502 0.015275 0.001519 0.007569 0.000845
0.000466 0.017938 0.002002 0.894145 0.032636 0.052814
0.724651 0.111134 0.101201 0.054403 0.008066 0.000546
0.581187 0.270905 0.115588 0.010012 0.019325 0.002983
0.000167 0.980646 0.017274 0.000237 0.001647 0.000029
0.429253 0.072387 0.460088 0.010159 0.028064 0.000048
0.001190 0.067329 0.012656 0.880484 0.038248 0.000093
0.007326 0.148884 0.058538 0.696029 0.085142 0.004080
0.454463 0.109326 0.401564 0.026191 0.007791 0.000665
0.000179 0.979422 0.018659 0.000246 0.001466 0.000027
0.028080 0.005340 0.617088 0.120638 0.221253 0.007601
0.929305 0.023110 0.033821 0.001162 0.012462 0.000139
0.008582 0.000000 0.002954 0.004625 0.176350 0.807489
0.535718 0.007924 0.381518 0.031133 0.040537 0.003170
0.162467 0.075651 0.000000 0.702175 0.004053 0.055654
0.186878 0.125858 0.000000 0.666292 0.002698 0.018274
0.002128 0.000000 0.000817 0.002095 0.735986 0.258975
0.000318 0.971752 0.026698 0.000448 0.000664 0.000119
0.233345 0.140913 0.488368 0.127471 0.009904 0.000000
0.000650 0.086082 0.023806 0.850971 0.027208 0.011283
0.944887 0.016760 0.036049 0.001050 0.001197 0.000057
0.493661 0.295107 0.101070 0.015410 0.091977 0.002775
0.000219 0.974785 0.023929 0.000276 0.000774 0.000016
0.000495 0.975123 0.020935 0.000857 0.002152 0.000438
0.008368 0.562968 0.262901 0.006254 0.103842 0.055667
0.021643 0.000000 0.040187 0.008439 0.662642 0.267089
0.000938 0.149969 -0.000000 0.067511 0.321485 0.460096
0.690114 0.194740 0.099991 0.000832 0.011381 0.002942
0.750997 0.086303 0.130687 0.016871 0.011084 0.004058
0.000166 0.980758 0.017146 0.000237 0.001664 0.000030
0.000177 0.979592 0.018470 0.000244 0.001490 0.000027
0.000260 0.970927 0.028247 0.000316 0.000232 0.000018
0.678746 0.081422 0.217263 0.015440 0.005611 0.001517
0.005995 0.000000 0.944254 0.047041 0.000031 0.002679
0.126998 0.006205 0.069156 0.044042 0.730027 0.023571
0.000263 0.138841 0.005589 0.660409 0.173345 0.021554
0.024663 0.000000 0.956522 0.011851 0.004329 0.002636
0.000161 0.981434 0.016375 0.000233 0.001766 0.000031
0.000691 0.089831 0.027041 0.857581 0.018216 0.006639
0.000061 0.992736 0.003531 0.000157 0.003459 0.000056
0.000106 0.987667 0.009294 0.000191 0.002698 0.000045
0.460989 0.326198 0.093075 0.008649 0.108571 0.002519
0.117081 0.005943 0.063099 0.041341 0.748500 0.024036
0.003132 0.719311 0.274615 0.002557 0.000286 0.000099
0.000261 0.973146 0.025534 0.000345 0.000659 0.000054
0.078878 0.834215 0.038853 0.044587 0.002541 0.000926
0.035559 0.012177 0.930951 0.013514 0.007603 0.000196
0.411906 0.144788 0.340463 0.027509 0.072857 0.002478
0.017077 0.042236 0.760983 0.179533 0.000000 0.000171
0.946092 0.016554 0.029915 0.001203 0.005948 0.000288
0.000321 0.132983 0.008647 0.686240 0.152682 0.019126
0.000076 0.991020 0.005483 0.000168 0.003201 0.000052
0.000613 0.059148 0.017668 0.879307 0.018687 0.024577
0.000597 0.052980 0.015703 0.883272 0.019137 0.028311
0.596138 0.109895 0.232561 0.056839 0.003233 0.001334
0.112909 0.710585 0.112974 0.051566 0.011137 0.000829
0.002457 0.000695 0.149405 0.132292 0.678822 0.036328
0.000176 0.979655 0.018398 0.000244 0.001500 0.000027
0.004777 0.813944 0.129771 0.002936 0.041940 0.006632
0.004195 0.000000 0.015416 0.734000 0.187536 0.058854
0.947744 0.015743 0.033202 0.001113 0.002034 0.000164
0.015957 0.003319 0.001968 0.013622 0.938018 0.027117
0.082196 0.190479 0.590125 0.118742 0.012039 0.006419
0.000270 0.970901 0.028181 0.000338 0.000276 0.000034
0.927181 0.023968 0.033683 0.001173 0.013850 0.000145
0.267801 0.007099 0.116125 0.094432 0.394332 0.120212
0.228637 0.301748 0.456973 0.011684 0.000056 0.000902
0.000041 0.995077 0.000869 0.000141 0.003811 0.000061
0.000659 0.099282 0.026232 0.834423 0.033892 0.005513
0.000527 0.034486 0.008462 0.889040 0.026287 0.041198
0.020049 0.000000 0.037036 0.007918 0.671761 0.263235
0.302919 0.227517 0.281640 0.103933 0.080467 0.003524
0.090261 0.197602 0.608393 0.040013 0.059594 0.004138
0.372790 0.169511 0.020117 0.005146 0.432253 0.000184
0.017515 0.007087 0.280625 0.113434 0.563813 0.017527
0.004429 0.000605 0.189114 0.253569 0.350159 0.202124
0.000045 0.994560 0.001457 0.000145 0.003733 0.000060
0.000042 0.994931 0.001035 0.000142 0.003789 0.000061
0.022253 0.003482 0.005780 0.015345 0.926234 0.026907
0.000292 0.971185 0.027636 0.000386 0.000431 0.000071
0.000146 0.983098 0.014487 0.000221 0.002013 0.000035
0.000198 0.145340 0.002226 0.631858 0.196147 0.024231
0.861420 0.007807 0.121751 0.006065 0.002769 0.000188
0.172600 0.018610 0.000000 0.757748 0.016916 0.034126
0.000342 0.130845 0.009772 0.695703 0.145103 0.018234
0.003632 0.000000 0.167833 0.786065 0.016326 0.026144
0.000041 0.995023 0.000930 0.000142 0.003803 0.000061
0.021139 0.000000 0.957815 0.005859 0.015186 0.000000
0.000166 0.980742 0.017164 0.000237 0.001661 0.000029
0.002925 0.031070 0.133604 0.828357 0.004029 0.000016
0.000043 0.994800 0.001184 0.000143 0.003769 0.000060
0.942121 0.017869 0.036063 0.001059 0.002833 0.000056
0.368534 0.170816 0.018256 0.005164 0.437044 0.000186
0.000269 0.970736 0.028393 0.000333 0.000239 0.000029
0.003665 0.567204 0.423728 0.003341 0.001702 0.000359
0.166980 0.171589 -0.000000 0.636703 0.010766 0.013963
0.196137 0.074392 0.227588 0.007542 0.493977 0.000363
0.959768 0.011477 0.020732 0.001394 0.005992 0.000637
0.726547 0.095060 0.150982 0.015374 0.009003 0.003033
0.000254 0.971359 0.027774 0.000309 0.000288 0.000016
0.000235 0.974995 0.023526 0.000312 0.000888 0.000044
0.003035 0.000766 0.186050 0.157478 0.613388 0.039284
0.959516 0.011567 0.020991 0.001389 0.005911 0.000627
0.000195 0.977968 0.020277 0.000264 0.001267 0.000030
0.323781 0.024441 0.073681 0.046197 0.514537 0.017363
0.000181 0.979136 0.018983 0.000248 0.001424 0.000027
0.000521 0.113104 0.019128 0.774211 0.082138 0.010898
0.000850 0.001431 0.225798 0.258563 0.459928 0.053430
0.183779 0.518461 0.263748 0.019772 0.011735 0.002505
0.000269 0.971055 0.028005 0.000337 0.000300 0.000034
0.000572 0.049073 0.013538 0.881671 0.023363 0.031782
0.022315 0.003484 0.005816 0.015363 0.926114 0.026909
0.003715 0.000000 0.173983 0.784440 0.014384 0.023478
0.003645 0.588916 0.399182 0.003493 0.004184 0.000581
0.067358 0.000000 0.929491 0.002538 0.000510 0.000102
0.947376 0.015904 0.032901 0.001122 0.002522 0.000175
0.434705 0.073985 0.461256 0.002243 0.025871 0.001940
0.000042 0.994892 0.001080 0.000143 0.003783 0.000060
0.011206 0.000000 0.008489 0.005468 0.178119 0.796718
0.166709 0.439591 0.013058 0.006856 0.366457 0.007329
0.545345 0.289081 0.030075 0.087202 0.045495 0.002801
0.761408 0.055664 0.052479 0.106139 0.015915 0.008394
0.000212 0.976592 0.021795 0.000283 0.001084 0.000034
0.042338 0.159014 0.747786 0.011884 0.036230 0.002747
0.021623 0.000000 0.031155 0.008787 0.218909 0.719526
0.754509 0.052888 0.178976 0.003723 0.009883 0.000023
0.000132 0.984721 0.012644 0.000210 0.002256 0.000038
0.000399 0.001334 0.147445 0.114387 0.728233 0.008202
0.969884 0.007862 0.010629 0.001626 0.008976 0.001023
0.127938 0.056869 0.614329 0.163665 0.003111 0.034088
0.000210 0.976486 0.021944 0.000277 0.001054 0.000029
0.050462 0.884617 0.022991 0.034569 0.006158 0.001203
0.000244 0.972022 0.027057 0.000297 0.000368 0.000012
0.328715 0.016981 0.641825 0.005061 0.006680 0.000738
0.000226 0.975484 0.023012 0.000300 0.000940 0.000038
0.135803 0.066549 0.693778 0.014997 0.080808 0.008065
0.000268 0.972173 0.026654 0.000348 0.000507 0.000050
0.082169 0.827989 0.039463 0.046808 0.002404 0.001167
0.941779 0.018023 0.035670 0.001071 0.003386 0.000071
0.000267 0.970723 0.028429 0.000329 0.000226 0.000026
0.025137 0.000000 0.920946 0.007990 0.045925 0.000001
0.682389 0.077517 0.218425 0.015295 0.004895 0.001479
0.961687 0.010789 0.018889 0.001436 0.006493 0.000707
0.000467 0.018225 0.002114 0.894059 0.032524 0.052611
0.949291 0.015203 0.031417 0.001153 0.002704 0.000231
0.006678 0.604117 0.314036 0.004276 0.051125 0.019768
0.182923 0.039937 0.733725 0.010009 0.031379 0.002026
0.134727 0.068415 0.684957 0.015078 0.088322 0.008501
0.743845 0.056022 0.178648 0.003689 0.017776 0.000019
0.429124 0.079024 0.455389 0.002260 0.032204 0.001999
0.934922 0.020798 0.035139 0.001108 0.007943 0.000090
0.000182 0.979181 0.018925 0.000250 0.001434 0.000028
0.021298 0.003457 0.005201 0.015084 0.928020 0.026940
0.738091 0.098093 0.105626 0.052350 0.005426 0.000416
0.182099 0.042459 0.719122 0.010255 0.043385 0.002680
0.000590 0.106130 0.022703 0.804564 0.057833 0.008180
0.449780 0.000000 0.177170 0.023575 0.176440 0.173035
0.452559 0.329672 0.091039 0.008582 0.115553 0.002595
0.008278 0.000000 0.013245 0.004093 0.713809 0.260575
0.146120 0.053668 0.746212 0.015029 0.031506 0.007465
0.189419 0.022172 -0.000000 0.768987 0.011438 0.007984
0.009529 0.679977 0.298385 0.004226 0.003766 0.004117
0.944258 0.016989 0.036565 0.001039 0.001112 0.000037
0.266459 0.005670 0.578103 0.003727 0.143972 0.002069
0.000588 0.976784 0.018033 0.001070 0.002922 0.000603
0.000179 0.979398 0.018684 0.000247 0.001464 0.000028
0.000202 0.977297 0.021027 0.000271 0.001173 0.000030
0.534100 0.165174 0.229990 0.053307 0.016667 0.000762
0.322251 0.000000 0.637609 0.010740 0.025333 0.004067
0.285493 0.412671 0.293885 0.007460 0.000000 0.000491
0.000051 0.993865 0.002248 0.000149 0.003629 0.000058
0.935097 0.020725 0.035193 0.001106 0.007791 0.000088
0.007130 0.742514 0.222059 0.003468 0.020852 0.003976
0.000783 0.000164 0.969724 0.001787 0.027297 0.000246
0.000042 0.994885 0.001087 0.000143 0.003782 0.000060
0.000197 0.977546 0.020773 0.000263 0.001195 0.000026
0.865085 0.007791 0.116002 0.006321 0.004533 0.000267
0.241508 0.495086 0.256308 0.006715 0.000000 0.000383
0.473573 0.000000 0.465488 0.006094 0.052817 0.002029
0.581397 0.114977 0.248050 0.052607 0.002243 0.000726
0.935969 0.020436 0.033859 0.001137 0.008460 0.000138
0.000501 0.975212 0.020768 0.000871 0.002199 0.000449
0.000153 0.982233 0.015470 0.000227 0.001884 0.000033
0.541525 0.197838 0.221540 0.033911 0.002107 0.003079
0.002271 0.006485 0.011844 0.974419 0.004827 0.000154
0.000250 0.971578 0.027541 0.000305 0.000312 0.000014
0.082677 0.827213 0.040143 0.046644 0.002248 0.001074
0.000601 0.054677 0.016247 0.882198 0.018998 0.027278
0.000739 0.091687 0.030424 0.868740 0.006154 0.002257
0.882130 0.000333 0.041253 0.004862 0.049628 0.021794
0.964543 0.009765 0.016098 0.001500 0.007280 0.000814
0.719866 0.052997 0.207375 0.015798 0.001335 0.002630
0.041919 0.165810 0.734304 0.011994 0.042973 0.002999
0.000258 0.970596 0.028661 0.000310 0.000163 0.000011
0.000333 0.000395 0.004632 0.043793 0.907086 0.043760
0.434677 0.067240 0.479252 0.002126 0.015578 0.001126
0.447281 0.331810 0.089722 0.008542 0.119992 0.002653
0.065913 0.000000 0.931537 0.002360 0.000144 0.000046
0.001447 0.644451 0.042797 0.001760 0.296069 0.013476
0.008980 0.004056 0.768087 0.123914 0.056259 0.038705
0.877450 0.044291 0.025247 0.001567 0.050984 0.000461
0.000726 0.090208 0.029370 0.867129 0.008748 0.003819
0.011681 0.370095 0.447145 0.009201 0.147491 0.014388
0.926639 0.024186 0.033662 0.001175 0.014192 0.000145
0.664324 0.116621 0.204061 0.011510 0.003101 0.000382
0.255841 0.134148 0.083694 0.368832 0.022919 0.134566
0.000252 0.970984 0.028243 0.000302 0.000210 0.000009
0.946374 0.016255 0.034025 0.001097 0.002116 0.000133
0.000041 0.995048 0.000902 0.000142 0.003807 0.000061
0.658650 0.121801 0.202211 0.011547 0.005390 0.000400
0.012636 0.099922 0.879539 0.004813 0.002476 0.000614
0.041173 0.002460 0.907116 0.000979 0.047358 0.000915
0.000468 0.018424 0.002192 0.893999 0.032446 0.052471
0.000635 0.099327 0.024707 0.827561 0.040469 0.007300
0.141072 0.060797 0.715232 0.015147 0.059397 0.008354
0.686554 0.073406 0.158071 0.003840 0.078092 0.000037
0.323821 0.053957 0.475984 0.008477 0.137593 0.000169
0.394506 0.162852 0.029616 0.005054 0.407799 0.000173
0.080594 0.831794 0.041800 0.043477 0.001868 0.000466
0.002612 0.687940 0.292510 0.002776 0.013725 0.000437
0.000567 0.045050 0.012602 0.885783 0.022182 0.033817
0.002139 0.000000 0.000838 0.002098 0.735947 0.258978
0.003242 0.000000 0.003068 0.002457 0.731987 0.259247
0.000163 0.981119 0.016737 0.000234 0.001717 0.000030
0.000173 0.980033 0.017969 0.000241 0.001556 0.000028
0.087309 0.210147 0.573122 0.040490 0.083171 0.005761
0.078352 0.835679 0.040252 0.042942 0.002221 0.000554
0.000045 0.994620 0.001389 0.000144 0.003742 0.000060
0.000923 0.000478 0.044781 0.068403 0.843602 0.041813
0.441337 0.059124 0.491854 0.002070 0.004811 0.000804
0.000041 0.994968 0.000993 0.000142 0.003795 0.000061
0.196359 0.139725 -0.000000 0.655991 0.001747 0.006178
0.001537 0.000000 0.001285 0.563822 0.333541 0.099815
0.000061 0.992699 0.003574 0.000157 0.003453 0.000056
0.038731 0.002290 0.943480 0.000848 0.014449 0.000203
0.003317 0.000000 0.003220 0.002481 0.731745 0.259237
0.092938 0.066574 0.740607 0.095372 0.001829 0.002679
0.024741 0.000000 0.943519 0.007582 0.024157 0.000001
0.000494 0.000418 0.015610 0.050499 0.889791 0.043188
0.292321 0.058793 0.429789 0.008038 0.210891 0.000168
0.145065 0.643733 0.149101 0.059715 0.001773 0.000613
0.005670 0.010660 0.193236 0.048208 0.069005 0.673221
0.024769 0.000000 0.046126 0.009470 0.632420 0.287215
0.000239 0.972611 0.026387 0.000293 0.000456 0.000013
0.008620 0.000000 0.013941 0.004204 0.712815 0.260420
0.000085 0.990068 0.006566 0.000175 0.003058 0.000050
0.000041 0.995079 0.000866 0.000141 0.003812 0.000061
0.525916 0.299707 0.109062 0.009152 0.054302 0.001861
0.000232 0.974830 0.023749 0.000305 0.000846 0.000038
0.000041 0.995012 0.000943 0.000142 0.003802 0.000061
0.000194 0.145772 0.002004 0.629965 0.197657 0.024408
0.017139 0.047475 0.746165 0.188986 0.000000 0.000236
0.000224 0.975078 0.023528 0.000290 0.000852 0.000028
0.933506 0.021419 0.033964 0.001143 0.009834 0.000134
0.812773 0.013694 0.145268 0.021258 0.006840 0.000167
0.534844 0.164194 0.230655 0.053216 0.016341 0.000750
0.000257 0.971043 0.028129 0.000312 0.000242 0.000016
0.000525 0.975725 0.019920 0.000926 0.002412 0.000492
0.000043 0.994739 0.001253 0.000144 0.003760 0.000060
0.710411 0.066225 0.164609 0.003813 0.054910 0.000033
0.183781 0.623373 0.019173 0.149112 0.007193 0.017368
0.450055 0.057134 0.485361 0.002145 0.003885 0.001419
0.100865 0.073820 0.693539 0.116045 0.004088 0.011643
0.010447 0.010425 0.841991 0.113142 0.012743 0.011252
0.000643 0.067022 0.020696 0.876536 0.015894 0.019210
0.000302 0.134812 0.007671 0.678081 0.159225 0.019908
0.000618 0.103644 0.024145 0.816124 0.048451 0.007018
0.934154 0.021173 0.033643 0.001149 0.009733 0.000146
0.190157 0.148749 -0.000000 0.650363 0.003835 0.006898
0.000190 0.146220 0.001774 0.628002 0.199223 0.024592
0.342121 0.000000 0.563979 0.012758 0.050283 0.030858
0.000097 0.988681 0.008143 0.000184 0.002849 0.000047
0.035046 0.307175 0.441611 0.105391 0.097568 0.013210
0.000044 0.994634 0.001372 0.000144 0.003745 0.000060
0.000259 0.971318 0.027776 0.000320 0.000304 0.000024
0.472167 0.280992 0.196989 0.032684 0.014324 0.002844
0.002784 0.019773 0.096234 0.878947 0.002200 0.000062
0.211915 0.571576 0.209222 0.006701 0.000000 0.000586
0.308579 0.021407 0.649781 0.004296 0.015541 0.000397
0.000584 0.107134 0.022394 0.801109 0.060453 0.008326
0.782444 0.000684 0.182285 0.003286 0.023566 0.007734
0.000485 0.023010 0.003987 0.892620 0.030662 0.049236
0.068763 0.095886 0.725378 0.087367 0.017491 0.005115
0.636693 0.145344 0.187772 0.012114 0.017325 0.000753
0.804502 0.014811 0.136013 0.022384 0.021984 0.000307
0.000305 0.134518 0.007840 0.679447 0.158121 0.019768
0.011225 0.000000 0.019207 0.005050 0.703527 0.260991
0.554927 0.289954 0.118568 0.009233 0.026311 0.001007
0.945425 0.016594 0.034953 0.001076 0.001854 0.000098
0.000136 0.984147 0.013297 0.000214 0.002170 0.000037
0.089937 0.202180 0.591651 0.040902 0.069748 0.005582
0.923770 0.025354 0.033282 0.001195 0.016239 0.000159
0.150921 0.639632 0.132911 0.069007 0.005390 0.002138
0.140781 0.024483 0.017461 0.253208 0.002834 0.561234
0.025058 0.000000 0.046582 0.009568 0.624980 0.293812
0.000095 0.988901 0.007892 0.000182 0.002882 0.000047
0.128285 0.737144 0.036549 0.087801 0.003113 0.007108
0.366150 0.011259 0.197628 0.114615 0.251338 0.059009
