0.308975 0.690184 0.000841
0.072822 0.920099 0.007079
0.010937 0.806542 0.182521
0.036370 0.959080 0.004549
0.054294 0.909067 0.036639
0.382019 0.617850 0.000131
0.334854 0.665142 0.000004
0.049558 0.950095 0.000347
0.998747 0.001253 0.000000
0.007044 0.627775 0.365181
0.000000 0.002034 0.997966
0.010603 0.980876 0.008521
0.000001 0.455046 0.544953
0.025252 0.968431 0.006317
0.000152 0.143542 0.856305
0.127699 0.869545 0.002756
0.000175 0.188901 0.810924
0.187687 0.808413 0.003901
0.250225 0.745986 0.003788
0.000015 0.540836 0.459149
0.000177 0.032513 0.967311
0.150873 0.822144 0.026982
0.000937 0.817583 0.181479
0.000171 0.624336 0.375493
0.375106 0.620374 0.004521
0.107273 0.888583 0.004144
0.000022 0.807944 0.192034
0.875849 0.124145 0.000006
0.009081 0.973398 0.017521
0.000000 0.052637 0.947363
0.980819 0.019180 0.000001
0.000018 0.262584 0.737398
0.093124 0.896493 0.010383
0.092284 0.873228 0.034488
0.000029 0.465677 0.534293
0.997490 0.002510 0.000000
0.160111 0.818283 0.021606
0.098335 0.897223 0.004442
0.007572 0.976469 0.015959
0.218128 0.769710 0.012162
0.000014 0.185014 0.814972
0.000274 0.540091 0.459636
0.854852 0.145148 0.000000
0.000402 0.791527 0.208071
0.637572 0.362303 0.000124
0.000000 0.000171 0.999829
0.012246 0.972781 0.014973
0.377046 0.622457 0.000497
0.035074 0.829398 0.135528
0.000000 0.107938 0.892062
0.070101 0.927728 0.002171
0.010668 0.971277 0.018055
0.981730 0.018270 0.000000
0.196588 0.785654 0.017758
0.109372 0.887886 0.002742
0.000000 0.000142 0.999858
0.879365 0.119949 0.000686
0.000185 0.020724 0.979092
0.098950 0.818664 0.082386
0.916389 0.083610 0.000000
0.013810 0.845363 0.140828
0.043930 0.952530 0.003541
0.007558 0.989575 0.002867
0.250878 0.743736 0.005387
0.000026 0.248689 0.751285
0.299427 0.700005 0.000569
0.002761 0.769239 0.228000
0.000072 0.657044 0.342884
0.008112 0.485865 0.506023
0.999839 0.000161 0.000000
0.211631 0.787442 0.000927
0.999354 0.000646 0.000000
0.090969 0.907125 0.001906
0.698076 0.301917 0.000007
0.901517 0.098477 0.000006
0.000000 0.046696 0.953303
0.000463 0.629303 0.370234
0.000351 0.965906 0.033743
0.001422 0.726060 0.272518
0.003358 0.878995 0.117647
0.000019 0.211635 0.788346
0.027112 0.965798 0.007090
0.000014 0.282966 0.717020
0.211926 0.786211 0.001863
0.005122 0.119033 0.875844
0.024018 0.971837 0.004145
0.190216 0.808602 0.001183
0.005204 0.989240 0.005556
0.000017 0.189989 0.809994
0.924498 0.075498 0.000003
0.006125 0.917470 0.076405
0.004178 0.970544 0.025278
0.147767 0.849225 0.003008
0.105167 0.872143 0.022690
0.000180 0.022449 0.977370
0.018776 0.972916 0.008307
0.000000 0.000005 0.999995
0.159826 0.838541 0.001633
0.502462 0.497289 0.000248
0.041069 0.945237 0.013693
0.104839 0.894476 0.000685
0.127841 0.871985 0.000174
0.109640 0.869921 0.020440
0.436301 0.563698 0.000001
0.000000 0.002695 0.997305
0.156456 0.809197 0.034347
0.044957 0.874197 0.080845
0.855897 0.143931 0.000172
0.219763 0.780098 0.000138
0.435730 0.564268 0.000001
0.000351 0.070260 0.929389
0.013347 0.959188 0.027465
0.000000 0.000944 0.999056
0.996327 0.003672 0.000000
0.966931 0.033068 0.000001
0.002501 0.476631 0.520868
0.121158 0.876654 0.002187
0.006504 0.987728 0.005768
0.789403 0.210524 0.000074
0.125946 0.873298 0.000756
0.000151 0.017051 0.982798
0.000000 0.001169 0.998831
0.296764 0.703096 0.000140
0.169949 0.829427 0.000623
0.005683 0.781972 0.212345
0.609337 0.390557 0.000106
0.442377 0.557584 0.000039
0.061098 0.910881 0.028021
0.979910 0.020087 0.000003
0.247328 0.741817 0.010855
0.121333 0.834343 0.044324
0.021426 0.904325 0.074249
0.094052 0.899635 0.006313
0.000112 0.471631 0.528257
0.794452 0.205520 0.000029
0.926217 0.073779 0.000004
0.965104 0.034895 0.000000
0.022058 0.830065 0.147877
0.078718 0.896979 0.024303
0.072391 0.810846 0.116763
0.696588 0.296239 0.007173
0.100001 0.898777 0.001222
0.872514 0.127477 0.000010
0.008036 0.989093 0.002871
0.215440 0.771068 0.013492
0.993361 0.006636 0.000002
0.387228 0.612164 0.000608
0.000909 0.927064 0.072027
0.059158 0.937711 0.003132
0.035039 0.949602 0.015359
0.000070 0.161585 0.838344
0.531187 0.468442 0.000371
0.099142 0.884005 0.016853
0.116171 0.883236 0.000593
0.354971 0.643739 0.001290
0.025481 0.918158 0.056361
0.002106 0.875846 0.122048
0.000087 0.675652 0.324261
0.032184 0.936870 0.030946
0.553857 0.445464 0.000679
0.996592 0.003408 0.000000
0.001271 0.420556 0.578173
0.270540 0.726369 0.003091
0.013501 0.957214 0.029285
0.421615 0.578003 0.000382
0.942876 0.057116 0.000008
0.177962 0.818801 0.003237
0.097077 0.897821 0.005103
0.060071 0.936028 0.003900
0.015159 0.876451 0.108390
0.036474 0.091642 0.871884
0.825462 0.174476 0.000061
0.604347 0.395327 0.000326
0.759848 0.240118 0.000034
0.117071 0.845438 0.037492
0.999769 0.000231 0.000000
0.028542 0.969735 0.001723
0.048957 0.941094 0.009949
0.226911 0.762485 0.010604
0.000070 0.118385 0.881544
0.997855 0.002145 0.000000
0.000003 0.007485 0.992513
0.968075 0.031881 0.000044
0.000014 0.058525 0.941461
0.000302 0.429395 0.570303
0.994763 0.005237 0.000000
0.093327 0.873280 0.033393
0.000123 0.956618 0.043259
0.000000 0.000205 0.999795
0.036169 0.900180 0.063652
0.000051 0.737956 0.261993
0.372562 0.627095 0.000343
0.002838 0.987738 0.009424
0.999941 0.000059 0.000000
0.102030 0.897022 0.000948
0.000001 0.118050 0.881949
0.854774 0.145216 0.000009
0.795476 0.204484 0.000040
0.001970 0.069625 0.928405
0.099018 0.900410 0.000573
0.633571 0.340905 0.025524
0.001110 0.760442 0.238448
0.618416 0.381559 0.000026
0.000000 0.029125 0.970875
0.021391 0.972788 0.005821
0.338567 0.657619 0.003813
0.003054 0.988750 0.008196
0.007616 0.977161 0.015223
0.015659 0.953109 0.031232
0.137786 0.862199 0.000015
0.997440 0.002560 0.000001
0.009493 0.841323 0.149184
0.003304 0.183654 0.813042
0.000000 0.000069 0.999931
0.000000 0.018836 0.981164
0.404395 0.594804 0.000801
0.128575 0.871160 0.000264
0.094446 0.901031 0.004523
0.344868 0.653020 0.002112
0.960362 0.039240 0.000398
0.348402 0.649975 0.001622
0.324773 0.671925 0.003302
0.000326 0.979638 0.020036
0.190891 0.750391 0.058717
0.013326 0.373559 0.613114
0.318970 0.680519 0.000511
0.310507 0.689335 0.000158
0.000002 0.346306 0.653692
0.266781 0.723534 0.009686
0.013714 0.984796 0.001490
0.117936 0.871921 0.010143
0.956594 0.043294 0.000112
0.036954 0.950643 0.012403
0.999381 0.000619 0.000000
0.002194 0.140545 0.857262
0.720719 0.279237 0.000043
0.000019 0.659090 0.340891
0.000000 0.013595 0.986405
0.706912 0.291786 0.001302
0.014918 0.891632 0.093450
0.962169 0.037830 0.000000
0.037653 0.956630 0.005717
0.000620 0.978157 0.021222
0.026377 0.967521 0.006101
0.998315 0.001685 0.000000
0.239628 0.755481 0.004891
0.000440 0.988338 0.011222
0.000524 0.886345 0.113131
0.832772 0.167205 0.000022
0.000260 0.981608 0.018131
0.472787 0.527201 0.000012
0.000644 0.892634 0.106721
0.008123 0.974374 0.017503
0.004999 0.992199 0.002802
0.450326 0.549671 0.000003
0.235528 0.754658 0.009814
0.345559 0.652640 0.001801
0.000004 0.145624 0.854372
0.023045 0.860465 0.116490
0.000025 0.840574 0.159401
0.004428 0.885117 0.110455
0.195802 0.803838 0.000360
0.000048 0.868327 0.131625
0.962203 0.037793 0.000004
0.738236 0.261605 0.000159
0.148107 0.851818 0.000075
0.187162 0.498029 0.314809
0.292553 0.703054 0.004393
0.031977 0.835225 0.132799
0.084021 0.906515 0.009464
0.000638 0.905125 0.094237
0.139749 0.858428 0.001823
0.783158 0.216828 0.000014
0.169069 0.782904 0.048027
0.061229 0.902132 0.036638
0.000151 0.327385 0.672464
0.225148 0.773111 0.001741
0.525917 0.473918 0.000165
0.000011 0.364380 0.635609
0.023628 0.974512 0.001860
0.086597 0.902763 0.010640
0.086013 0.912275 0.001712
0.099372 0.898677 0.001952
0.034709 0.964785 0.000506
0.112571 0.875641 0.011788
0.453177 0.546601 0.000222
0.000008 0.027095 0.972898
0.000377 0.964821 0.034801
0.000136 0.944897 0.054967
0.043767 0.938474 0.017758
0.205441 0.789943 0.004616
0.527292 0.472648 0.000061
0.978537 0.021463 0.000000
0.000595 0.838392 0.161012
0.317314 0.682027 0.000659
0.365470 0.634026 0.000504
0.000007 0.015124 0.984869
0.093133 0.856833 0.050034
0.969592 0.030408 0.000000
0.001070 0.393603 0.605327
0.770123 0.229777 0.000099
0.307493 0.688046 0.004461
0.466100 0.533839 0.000061
0.024321 0.971382 0.004297
0.043566 0.955551 0.000882
0.075984 0.860473 0.063543
0.193478 0.774025 0.032497
0.139353 0.860276 0.000371
0.000133 0.919880 0.079987
0.041897 0.954652 0.003451
0.999719 0.000281 0.000000
0.047879 0.946463 0.005658
0.079807 0.829984 0.090208
0.003429 0.986883 0.009688
0.000001 0.176946 0.823053
0.294235 0.701501 0.004265
0.000000 0.038233 0.961767
0.979128 0.020872 0.000000
0.220590 0.779181 0.000228
0.004776 0.914610 0.080614
0.175727 0.695381 0.128892
0.342729 0.657044 0.000227
0.000030 0.398978 0.600992
0.003375 0.920847 0.075778
0.002147 0.995416 0.002437
0.995984 0.004014 0.000002
0.020925 0.974945 0.004130
0.000038 0.125315 0.874647
0.012335 0.844206 0.143459
0.455194 0.544191 0.000615
0.069586 0.928061 0.002353
0.815170 0.162337 0.022493
0.001746 0.596263 0.401991
0.820364 0.179616 0.000020
0.255287 0.735404 0.009308
0.999979 0.000021 0.000000
0.985125 0.014874 0.000000
0.987129 0.012857 0.000014
0.040166 0.956297 0.003537
0.000495 0.982437 0.017069
0.005921 0.763790 0.230289
0.938246 0.061752 0.000002
0.848533 0.143055 0.008413
0.000460 0.752959 0.246581
0.000034 0.326943 0.673023
0.054951 0.936033 0.009017
0.949189 0.050808 0.000004
0.534150 0.465733 0.000117
0.093823 0.899073 0.007105
0.023144 0.862397 0.114459
0.978218 0.021782 0.000000
0.940373 0.059618 0.000009
0.038763 0.957076 0.004161
0.137828 0.856378 0.005794
0.997005 0.002995 0.000000
0.000446 0.569920 0.429634
0.992608 0.007392 0.000000
0.001095 0.909322 0.089583
0.008478 0.930972 0.060550
0.297004 0.702992 0.000005
0.000422 0.942983 0.056595
0.104783 0.809898 0.085319
0.402041 0.597617 0.000342
0.189415 0.809068 0.001517
0.041460 0.956358 0.002183
0.183286 0.816690 0.000024
0.139140 0.854210 0.006650
0.000475 0.928606 0.070919
0.280522 0.718191 0.001287
0.000093 0.562765 0.437141
0.994713 0.005287 0.000000
0.978058 0.021804 0.000137
0.000000 0.005309 0.994691
0.013899 0.974879 0.011222
0.000200 0.322375 0.677425
0.041142 0.918614 0.040244
0.004668 0.575212 0.420121
0.984157 0.015843 0.000001
0.067415 0.930690 0.001894
0.019574 0.873421 0.107005
0.000017 0.315657 0.684326
0.404706 0.594922 0.000371
0.031490 0.904587 0.063923
0.020560 0.865990 0.113450
0.000000 0.101218 0.898782
0.001299 0.994233 0.004468
0.060526 0.923952 0.015522
0.230989 0.768922 0.000089
0.100696 0.899113 0.000191
0.381092 0.618871 0.000037
0.414971 0.585027 0.000002
0.000000 0.025048 0.974952
0.003412 0.701405 0.295182
0.014699 0.965672 0.019629
0.987340 0.012615 0.000045
0.942309 0.057691 0.000000
0.958242 0.041757 0.000001
0.300323 0.688702 0.010975
0.276598 0.699101 0.024301
0.546612 0.453337 0.000051
0.005303 0.772484 0.222213
0.020190 0.455223 0.524586
0.006703 0.977340 0.015956
0.249816 0.741310 0.008874
0.277431 0.530388 0.192180
0.006539 0.592867 0.400594
0.137433 0.862335 0.000232
0.999047 0.000953 0.000000
0.000175 0.194155 0.805671
0.336504 0.661423 0.002073
0.024899 0.971128 0.003973
0.000918 0.924189 0.074893
0.003035 0.585621 0.411344
0.019375 0.972860 0.007765
0.079578 0.898342 0.022080
0.840726 0.159255 0.000019
0.075218 0.749699 0.175083
0.052231 0.947585 0.000184
0.000000 0.102266 0.897733
0.003691 0.889378 0.106930
0.073390 0.892568 0.034041
0.938226 0.061774 0.000000
0.111257 0.879111 0.009632
0.014378 0.882194 0.103427
0.157411 0.841919 0.000670
0.858574 0.141423 0.000003
0.007943 0.885151 0.106906
0.008388 0.745412 0.246200
0.115875 0.876434 0.007691
0.183651 0.816339 0.000010
0.960685 0.039315 0.000000
0.106371 0.890817 0.002813
0.000021 0.842532 0.157447
0.278485 0.719718 0.001797
0.106516 0.885457 0.008028
0.000068 0.780862 0.219070
0.995229 0.004768 0.000002
0.001982 0.976663 0.021355
0.132308 0.836421 0.031271
0.961533 0.038466 0.000001
0.291377 0.705170 0.003453
0.129640 0.855524 0.014835
0.000283 0.347541 0.652176
0.000000 0.003445 0.996555
0.144379 0.855056 0.000565
0.004954 0.920274 0.074772
0.412348 0.587499 0.000153
0.000195 0.707565 0.292240
0.984578 0.015422 0.000000
0.293523 0.704865 0.001612
0.006955 0.988987 0.004058
0.362301 0.636777 0.000922
0.261695 0.737074 0.001231
0.085484 0.902573 0.011943
0.000008 0.005148 0.994844
0.057711 0.901160 0.041129
0.002982 0.412084 0.584934
0.025685 0.815116 0.159199
0.999956 0.000044 0.000000
0.001532 0.891902 0.106567
0.191809 0.807820 0.000371
0.095527 0.759324 0.145149
0.000262 0.974576 0.025161
0.579127 0.420473 0.000400
0.174377 0.825209 0.000414
0.001119 0.594706 0.404175
0.014450 0.671745 0.313805
0.847714 0.144842 0.007443
0.958183 0.041482 0.000335
0.015018 0.728349 0.256633
0.000038 0.567557 0.432405
0.416772 0.582832 0.000395
0.369425 0.630158 0.000417
0.013242 0.976279 0.010480
0.102461 0.895828 0.001711
0.028372 0.971164 0.000464
0.736571 0.262630 0.000799
0.858244 0.141710 0.000046
0.004445 0.967891 0.027663
0.444108 0.555166 0.000726
0.060356 0.870069 0.069576
0.904411 0.095581 0.000009
0.697804 0.301968 0.000228
0.261057 0.736148 0.002795
0.759460 0.239027 0.001513
0.265168 0.734480 0.000352
0.088879 0.870294 0.040826
0.192325 0.790468 0.017207
0.001778 0.985932 0.012289
0.174807 0.824335 0.000857
0.046178 0.952889 0.000933
0.023497 0.788423 0.188080
0.753883 0.246075 0.000042
0.834459 0.165523 0.000018
0.008903 0.546333 0.444764
0.000104 0.478314 0.521582
0.000145 0.864571 0.135284
0.268273 0.728441 0.003287
0.709674 0.289895 0.000432
0.371931 0.627564 0.000505
0.597672 0.402323 0.000005
0.551723 0.447483 0.000794
0.000026 0.888848 0.111126
0.999114 0.000886 0.000000
0.001201 0.942965 0.055834
0.005090 0.969402 0.025508
0.096302 0.897777 0.005922
0.035917 0.431485 0.532598
0.109755 0.888698 0.001548
0.999854 0.000146 0.000000
0.149374 0.843602 0.007024
0.000342 0.227712 0.771946
0.865675 0.133308 0.001017
0.206576 0.790397 0.003027
0.122192 0.877715 0.000093
0.983972 0.016028 0.000000
0.697253 0.302740 0.000007
0.000614 0.351905 0.647481
0.978778 0.021221 0.000001
0.993905 0.006095 0.000000
0.984252 0.015747 0.000001
0.000089 0.939336 0.060575
0.511981 0.487809 0.000210
0.973198 0.026800 0.000003
0.000524 0.904796 0.094680
0.024258 0.773045 0.202696
0.715562 0.284438 0.000000
0.240310 0.754701 0.004989
0.997671 0.002329 0.000000
0.009782 0.989925 0.000293
0.416220 0.583545 0.000235
0.089082 0.886763 0.024156
0.988543 0.011457 0.000000
0.013475 0.974230 0.012296
0.994979 0.005021 0.000000
0.000287 0.978169 0.021544
0.003489 0.978453 0.018058
0.239747 0.758470 0.001783
0.635238 0.364639 0.000123
0.001152 0.512492 0.486355
0.002917 0.678955 0.318128
0.032061 0.960224 0.007715
0.170543 0.802910 0.026547
0.618310 0.362441 0.019249
0.001142 0.520315 0.478544
0.300621 0.692916 0.006463
0.922842 0.077153 0.000005
0.350610 0.648319 0.001071
0.396056 0.602760 0.001184
0.019824 0.403894 0.576282
0.006917 0.960971 0.032112
0.011322 0.963091 0.025587
0.012758 0.403696 0.583546
0.984089 0.015888 0.000024
0.209940 0.784990 0.005070
0.056972 0.914313 0.028715
0.008642 0.990645 0.000713
0.003221 0.879591 0.117188
0.074592 0.911069 0.014339
0.992294 0.007706 0.000000
0.000159 0.025627 0.974215
0.938526 0.061474 0.000000
0.848509 0.151489 0.000002
0.000006 0.073517 0.926477
0.241523 0.745057 0.013420
0.087745 0.904009 0.008246
0.060856 0.109433 0.829712
0.005583 0.953371 0.041047
0.577977 0.421887 0.000137
0.725609 0.274064 0.000326
0.000015 0.206933 0.793051
0.001120 0.751213 0.247667
0.239266 0.751677 0.009056
0.544319 0.455671 0.000010
0.061631 0.936360 0.002009
0.000777 0.984225 0.014999
0.193410 0.786489 0.020101
0.133068 0.865492 0.001440
0.050462 0.910959 0.038580
0.168837 0.800871 0.030291
0.016970 0.962210 0.020820
0.001395 0.980488 0.018117
0.023495 0.925883 0.050622
0.087680 0.901883 0.010436
0.000609 0.456819 0.542572
0.000000 0.007358 0.992642
0.001044 0.834982 0.163973
0.034761 0.861821 0.103418
0.047347 0.951306 0.001347
0.146679 0.853079 0.000242
0.026632 0.951944 0.021425
0.096512 0.897789 0.005699
0.052359 0.944181 0.003461
0.351896 0.645909 0.002195
0.986501 0.013491 0.000008
0.093749 0.898873 0.007378
0.068336 0.929144 0.002520
0.271926 0.724047 0.004026
0.000092 0.152022 0.847885
0.279946 0.719135 0.000919
0.953619 0.045878 0.000503
0.040035 0.937006 0.022959
0.024769 0.967180 0.008051
0.005451 0.970721 0.023828
0.000837 0.990091 0.009071
0.158702 0.840054 0.001244
0.000052 0.443370 0.556579
0.361117 0.637540 0.001343
0.272584 0.719194 0.008222
0.141105 0.857532 0.001363
0.016979 0.981656 0.001365
0.057325 0.898790 0.043886
0.950415 0.049583 0.000001
0.051266 0.945852 0.002882
0.280720 0.716299 0.002981
0.039922 0.958547 0.001531
0.992036 0.007964 0.000000
0.284793 0.711474 0.003733
0.006348 0.855935 0.137717
0.217190 0.780960 0.001850
0.079963 0.918684 0.001352
0.001158 0.932595 0.066247
0.053395 0.905565 0.041040
0.000198 0.585609 0.414193
0.476777 0.522950 0.000274
0.002594 0.921480 0.075926
0.000000 0.008314 0.991686
0.042080 0.952677 0.005243
0.156968 0.816026 0.027006
0.002458 0.497158 0.500384
0.007576 0.985458 0.006967
0.000000 0.045214 0.954786
0.000008 0.372464 0.627529
0.005620 0.851288 0.143092
0.106772 0.885592 0.007636
0.002788 0.992928 0.004284
0.998845 0.001155 0.000000
0.042665 0.953478 0.003857
0.291861 0.708100 0.000040
0.001385 0.998284 0.000331
0.906773 0.093225 0.000002
0.023089 0.854942 0.121969
0.372745 0.627224 0.000031
0.017062 0.949419 0.033519
0.590419 0.409577 0.000003
0.098995 0.896985 0.004020
0.006799 0.970013 0.023187
0.297051 0.700432 0.002516
0.020133 0.979087 0.000780
0.002710 0.913496 0.083794
0.998675 0.001325 0.000000
0.022305 0.960285 0.017410
0.003543 0.995985 0.000473
0.032523 0.941075 0.026402
0.000000 0.010064 0.989935
0.179896 0.791640 0.028465
0.091763 0.894137 0.014100
0.168846 0.831079 0.000074
0.155260 0.823102 0.021638
0.927787 0.072212 0.000000
0.143121 0.856627 0.000251
0.335248 0.664254 0.000499
0.000155 0.371082 0.628762
0.999877 0.000123 0.000000
0.991594 0.008357 0.000049
0.431631 0.568334 0.000035
0.387348 0.612263 0.000389
0.175488 0.821971 0.002542
0.175043 0.823372 0.001586
0.981198 0.018802 0.000000
0.918181 0.081247 0.000571
0.006538 0.982532 0.010930
0.995422 0.004578 0.000000
0.019788 0.952615 0.027598
0.999934 0.000066 0.000000
0.902892 0.097107 0.000000
0.005701 0.992059 0.002241
0.991080 0.008917 0.000003
0.021562 0.976139 0.002299
0.000723 0.955440 0.043837
0.976937 0.023061 0.000002
0.259845 0.739754 0.000401
0.007454 0.971645 0.020901
0.000167 0.219014 0.780819
0.790673 0.166497 0.042830
0.085476 0.912470 0.002054
0.951465 0.048445 0.000091
0.795658 0.204316 0.000026
0.999947 0.000053 0.000000
0.114914 0.869932 0.015153
0.166524 0.812603 0.020874
0.997209 0.002791 0.000000
0.980796 0.019204 0.000001
0.070618 0.928763 0.000620
0.181088 0.807574 0.011338
0.064699 0.908064 0.027237
0.003302 0.950936 0.045762
0.138137 0.860360 0.001503
0.019011 0.972749 0.008239
0.002959 0.542843 0.454198
0.986086 0.013914 0.000000
0.112794 0.869201 0.018005
0.000181 0.217690 0.782129
0.000116 0.966385 0.033498
0.046523 0.895040 0.058437
0.042087 0.947605 0.010308
0.009798 0.650822 0.339381
0.786900 0.212781 0.000319
0.224276 0.772983 0.002741
0.063109 0.898503 0.038388
0.072443 0.918853 0.008704
0.988679 0.011321 0.000000
0.015587 0.848969 0.135445
0.739174 0.260825 0.000001
0.314863 0.685115 0.000022
0.981807 0.018193 0.000000
0.027093 0.958187 0.014721
0.186240 0.812834 0.000926
0.000200 0.617995 0.381805
0.374927 0.624826 0.000247
0.009169 0.989696 0.001135
0.285756 0.713625 0.000619
0.010012 0.666897 0.323091
0.000011 0.072452 0.927537
0.058105 0.895609 0.046286
0.098775 0.883173 0.018052
0.038088 0.882419 0.079493
0.781352 0.218553 0.000095
0.932030 0.067827 0.000143
0.044786 0.950874 0.004340
0.002871 0.941420 0.055709
0.554684 0.445295 0.000021
0.142760 0.850219 0.007021
0.114509 0.884653 0.000838
0.057913 0.848497 0.093590
0.000000 0.000451 0.999549
0.777181 0.168134 0.054685
0.748131 0.251830 0.000039
0.001753 0.681904 0.316343
0.014790 0.756243 0.228967
0.259765 0.730637 0.009598
0.992460 0.007540 0.000000
0.938246 0.061481 0.000273
0.036688 0.728042 0.235270
0.024576 0.845684 0.129740
0.005760 0.982074 0.012166
0.329674 0.667109 0.003216
0.906791 0.093209 0.000000
0.999918 0.000082 0.000000
0.288490 0.708615 0.002896
0.189019 0.801021 0.009960
0.000002 0.185637 0.814362
0.401964 0.598032 0.000004
0.014457 0.640651 0.344892
0.104506 0.887665 0.007829
0.012893 0.950168 0.036939
0.988993 0.011007 0.000000
0.000727 0.723042 0.276231
0.000000 0.000801 0.999199
0.000147 0.953646 0.046206
0.087956 0.910418 0.001627
0.019755 0.964465 0.015780
0.000000 0.162379 0.837620
0.009511 0.967326 0.023163
0.079105 0.919957 0.000938
0.010325 0.973708 0.015967
0.069867 0.894345 0.035788
0.013524 0.985409 0.001067
0.004527 0.985284 0.010189
0.968426 0.031573 0.000000
0.000280 0.114352 0.885369
0.000000 0.000666 0.999334
0.004486 0.625416 0.370098
0.021676 0.909531 0.068793
0.000000 0.009156 0.990844
0.423164 0.576556 0.000280
0.105133 0.892555 0.002312
0.217264 0.771959 0.010777
0.016286 0.894081 0.089633
0.078627 0.906080 0.015294
0.093868 0.901213 0.004919
0.110057 0.628483 0.261461
0.043580 0.819803 0.136616
0.085960 0.910335 0.003705
0.011760 0.975774 0.012466
0.305823 0.693642 0.000535
0.224214 0.764472 0.011314
0.983891 0.016097 0.000012
0.067498 0.891548 0.040954
0.641963 0.357949 0.000088
0.185249 0.813523 0.001228
0.127575 0.871922 0.000503
0.095031 0.902703 0.002266
0.000132 0.705777 0.294092
0.002737 0.646994 0.350269
0.924784 0.075208 0.000008
0.000238 0.829264 0.170497
0.956850 0.043098 0.000052
0.088990 0.902641 0.008369
0.372106 0.626936 0.000957
0.000067 0.623127 0.376806
0.846385 0.153423 0.000191
0.894633 0.105358 0.000008
0.000001 0.003081 0.996919
0.378203 0.620001 0.001796
0.000365 0.496888 0.502747
0.808490 0.190807 0.000704
0.010716 0.959214 0.030070
0.017759 0.831593 0.150648
0.999207 0.000793 0.000000
0.001070 0.634986 0.363944
0.829870 0.170129 0.000000
0.002037 0.932969 0.064994
0.990565 0.009433 0.000002
0.021066 0.817422 0.161512
0.007215 0.977517 0.015268
0.989362 0.010635 0.000004
0.000009 0.130673 0.869319
0.004426 0.971114 0.024460
0.024887 0.974972 0.000141
0.508513 0.491479 0.000009
0.733360 0.266037 0.000603
0.106089 0.889629 0.004282
0.596163 0.403683 0.000155
0.001343 0.597310 0.401346
0.093896 0.871144 0.034960
0.031082 0.967159 0.001759
0.000000 0.021500 0.978500
0.198265 0.797505 0.004230
0.018071 0.888318 0.093612
0.036858 0.293707 0.669435
0.000025 0.935905 0.064069
0.346001 0.652084 0.001914
0.504508 0.495250 0.000242
0.029505 0.535183 0.435313
0.000526 0.100003 0.899471
0.781043 0.218736 0.000222
0.010150 0.953999 0.035852
0.113234 0.880401 0.006365
0.007742 0.973584 0.018674
0.004742 0.763592 0.231667
0.987512 0.012488 0.000000
0.004161 0.777030 0.218810
0.003280 0.930013 0.066707
0.502742 0.497223 0.000035
0.063630 0.936183 0.000188
0.246186 0.753618 0.000195
0.118321 0.878881 0.002798
0.999818 0.000182 0.000000
0.002556 0.937169 0.060275
0.822903 0.150905 0.026191
0.145424 0.817683 0.036893
0.641744 0.358146 0.000110
0.843135 0.156863 0.000002
0.000002 0.216312 0.783687
0.988437 0.011563 0.000000
0.000001 0.049680 0.950319
0.999708 0.000292 0.000000
0.373723 0.625660 0.000617
0.960558 0.039441 0.000001
0.652539 0.347364 0.000097
0.000001 0.096895 0.903104
0.041261 0.952541 0.006198
0.381906 0.617992 0.000102
0.567444 0.432316 0.000240
0.137691 0.860334 0.001976
0.056096 0.943651 0.000253
0.000000 0.003905 0.996095
0.000721 0.901390 0.097889
0.000002 0.075488 0.924510
0.003740 0.911579 0.084681
0.006271 0.609393 0.384336
0.718043 0.281890 0.000066
0.024294 0.967693 0.008013
0.285084 0.713772 0.001144
0.000010 0.330936 0.669054
0.896832 0.103167 0.000001
0.031953 0.819204 0.148843
0.639072 0.360860 0.000067
0.119270 0.880722 0.000008
0.993529 0.006471 0.000000
0.067072 0.932466 0.000462
0.000146 0.821475 0.178379
0.000028 0.139173 0.860799
0.830333 0.169665 0.000002
0.023684 0.938092 0.038224
0.948500 0.050646 0.000855
0.075940 0.882477 0.041583
0.004051 0.842782 0.153167
0.272270 0.725713 0.002017
0.009807 0.982140 0.008053
0.391941 0.606456 0.001603
0.000095 0.740809 0.259096
0.990668 0.009332 0.000000
0.002382 0.943009 0.054609
0.010324 0.938102 0.051574
0.081702 0.848170 0.070128
0.000782 0.989992 0.009227
0.000001 0.054706 0.945293
0.123009 0.876777 0.000214
0.991795 0.008205 0.000000
0.004703 0.989752 0.005545
0.325909 0.670971 0.003120
0.001541 0.940556 0.057903
0.999044 0.000956 0.000000
0.207236 0.779303 0.013461
0.464179 0.535073 0.000749
0.983025 0.016975 0.000000
0.090425 0.896077 0.013498
0.014019 0.902786 0.083195
0.000536 0.529319 0.470145
0.566664 0.433335 0.000001
0.131044 0.868411 0.000545
0.997118 0.002879 0.000003
0.002095 0.986432 0.011473
0.995697 0.004302 0.000001
0.000054 0.929486 0.070461
0.000058 0.908408 0.091533
0.457093 0.479774 0.063133
0.000000 0.002033 0.997967
0.301068 0.697740 0.001192
0.115296 0.881305 0.003399
0.346982 0.653003 0.000015
0.009046 0.887732 0.103221
0.093107 0.906707 0.000186
0.458333 0.541407 0.000259
0.160386 0.839564 0.000050
0.155230 0.837729 0.007041
0.938569 0.061428 0.000002
0.020711 0.895911 0.083378
0.350607 0.648068 0.001326
0.606356 0.393617 0.000027
0.001988 0.994626 0.003386
0.899884 0.100114 0.000001
0.003091 0.798319 0.198590
0.116149 0.879931 0.003920
0.310060 0.689237 0.000703
0.012990 0.950175 0.036835
0.437041 0.562861 0.000098
0.000365 0.473749 0.525886
0.295013 0.699532 0.005455
0.026849 0.911358 0.061793
0.117226 0.882534 0.000241
0.999987 0.000013 0.000000
0.081699 0.902890 0.015411
0.000001 0.053495 0.946503
0.766975 0.233021 0.000004
0.896155 0.103843 0.000003
0.362989 0.636116 0.000895
0.000053 0.357876 0.642071
0.035719 0.929594 0.034687
0.000408 0.737378 0.262214
0.241356 0.758313 0.000331
0.050571 0.949129 0.000299
0.003008 0.728693 0.268298
0.049004 0.939421 0.011575
0.000473 0.801789 0.197738
0.000416 0.806886 0.192697
0.502334 0.494193 0.003473
0.455785 0.544212 0.000002
0.833240 0.152531 0.014229
0.098894 0.897545 0.003561
0.805893 0.194094 0.000013
0.000063 0.556927 0.443011
0.013833 0.804963 0.181203
0.000000 0.000833 0.999167
0.299424 0.695318 0.005258
0.943177 0.056822 0.000000
0.337449 0.662530 0.000021
0.005194 0.990610 0.004197
0.106552 0.892666 0.000782
0.227712 0.772259 0.000029
0.024899 0.967656 0.007445
0.003354 0.968559 0.028088
0.926047 0.073943 0.000010
0.599402 0.334300 0.066298
0.285266 0.707867 0.006867
0.262237 0.732922 0.004842
0.015263 0.972713 0.012024
0.200141 0.798088 0.001771
0.999605 0.000395 0.000000
0.000000 0.031994 0.968006
0.007547 0.938522 0.053931
0.267868 0.727307 0.004826
0.371478 0.625966 0.002555
0.996664 0.003336 0.000000
0.000315 0.825722 0.173963
0.003913 0.992842 0.003245
0.000480 0.684512 0.315008
0.983919 0.016006 0.000075
0.061905 0.935352 0.002743
0.024705 0.969234 0.006061
0.024786 0.949282 0.025932
0.952995 0.047004 0.000001
0.012495 0.821591 0.165915
0.622362 0.377528 0.000110
0.000090 0.945152 0.054759
0.000216 0.971754 0.028030
0.000000 0.000315 0.999685
0.000000 0.017692 0.982308
0.131434 0.867547 0.001019
0.069775 0.928924 0.001301
0.996005 0.003995 0.000000
0.965813 0.034186 0.000001
0.012801 0.986199 0.001000
0.001209 0.949779 0.049013
0.003472 0.608081 0.388447
0.317815 0.677784 0.004401
0.337703 0.662007 0.000290
0.000831 0.928579 0.070591
0.042054 0.929836 0.028110
0.027004 0.968312 0.004684
0.129911 0.868241 0.001848
0.981556 0.018443 0.000000
0.134953 0.861447 0.003601
0.699404 0.297324 0.003272
0.001334 0.434231 0.564435
0.009553 0.832887 0.157559
0.233072 0.759168 0.007760
0.188720 0.772400 0.038880
0.006247 0.818530 0.175224
0.999862 0.000138 0.000000
0.008345 0.974475 0.017180
0.000002 0.067989 0.932009
0.017647 0.948950 0.033403
0.001864 0.727462 0.270674
0.831224 0.168747 0.000029
0.000000 0.000597 0.999403
0.000532 0.819277 0.180190
0.247559 0.751406 0.001035
0.102033 0.897219 0.000749
0.130561 0.866102 0.003338
0.002834 0.774080 0.223085
0.160002 0.838698 0.001299
0.035176 0.748845 0.215979
0.034074 0.959966 0.005960
0.000002 0.014044 0.985954
0.079121 0.920861 0.000018
0.999792 0.000208 0.000000
0.000097 0.687843 0.312060
0.208921 0.725472 0.065607
0.745218 0.254781 0.000002
0.800929 0.199030 0.000041
0.001858 0.689587 0.308555
0.924939 0.075056 0.000005
0.023834 0.963592 0.012573
0.145398 0.743050 0.111552
0.952781 0.047217 0.000002
0.033882 0.905290 0.060828
0.000159 0.968926 0.030915
0.008531 0.969107 0.022362
0.035383 0.861717 0.102900
0.000034 0.892242 0.107725
0.018483 0.974922 0.006595
0.065998 0.869143 0.064859
0.352405 0.646498 0.001096
0.001148 0.989727 0.009126
0.046585 0.888613 0.064802
0.935992 0.064007 0.000000
0.074035 0.880002 0.045963
0.667914 0.332066 0.000020
0.001245 0.964080 0.034676
0.445304 0.553352 0.001344
0.423830 0.486280 0.089890
0.108997 0.890244 0.000759
0.000236 0.433269 0.566495
0.011705 0.986099 0.002196
0.025951 0.951930 0.022119
0.286152 0.713287 0.000560
0.001396 0.159837 0.838767
0.000019 0.381867 0.618114
0.377845 0.621801 0.000354
0.666968 0.333030 0.000002
0.000000 0.000941 0.999059
0.000124 0.958440 0.041437
0.782705 0.163032 0.054263
0.995808 0.004192 0.000000
0.428287 0.465469 0.106244
0.001133 0.812174 0.186693
0.261233 0.734805 0.003963
0.402905 0.597080 0.000016
0.758311 0.236483 0.005206
0.678120 0.321792 0.000089
0.930393 0.069595 0.000012
0.102468 0.896464 0.001068
0.113474 0.824720 0.061806
0.829662 0.170272 0.000066
0.065455 0.933266 0.001279
0.000171 0.204538 0.795290
0.034711 0.961538 0.003751
0.086522 0.886515 0.026963
0.146699 0.851918 0.001383
0.642210 0.357776 0.000014
0.311662 0.685763 0.002575
0.881651 0.118097 0.000252
0.005567 0.645550 0.348883
0.000046 0.919054 0.080900
0.998202 0.001797 0.000001
0.001539 0.976887 0.021574
0.996838 0.003156 0.000005
0.979989 0.020011 0.000000
0.000005 0.395627 0.604368
0.546281 0.411971 0.041748
0.136333 0.832545 0.031123
0.228147 0.770471 0.001382
0.731375 0.268563 0.000062
0.160960 0.838078 0.000962
0.008631 0.215812 0.775556
0.007490 0.534771 0.457738
0.161107 0.838873 0.000021
0.390105 0.609883 0.000012
0.122916 0.876303 0.000780
0.051033 0.946377 0.002590
0.000192 0.925165 0.074642
0.450511 0.549467 0.000022
0.327433 0.672148 0.000419
0.543096 0.456771 0.000133
0.995758 0.004242 0.000000
0.175620 0.824038 0.000342
0.025137 0.868448 0.106415
0.197853 0.801182 0.000966
0.064791 0.928297 0.006912
0.000363 0.524579 0.475057
0.025966 0.967655 0.006379
0.003052 0.953819 0.043129
0.999496 0.000504 0.000000
0.009032 0.954371 0.036597
0.073809 0.924072 0.002118
0.000070 0.186193 0.813737
0.006677 0.965879 0.027444
0.060172 0.928533 0.011295
0.117808 0.812119 0.070073
0.004624 0.846980 0.148396
0.112795 0.887191 0.000014
0.028373 0.884166 0.087461
0.255160 0.737142 0.007698
0.729749 0.268270 0.001981
0.589229 0.410597 0.000173
0.343847 0.653981 0.002172
0.465601 0.534343 0.000056
0.070300 0.923503 0.006197
0.053731 0.943481 0.002788
0.145274 0.780581 0.074145
0.018228 0.643817 0.337955
0.221559 0.777718 0.000723
0.999783 0.000217 0.000000
0.707568 0.286565 0.005867
0.324041 0.675935 0.000024
0.333795 0.663736 0.002470
0.227273 0.770010 0.002717
0.381122 0.614671 0.004207
0.523881 0.475818 0.000301
0.087682 0.904843 0.007475
0.572291 0.427709 0.000000
0.000000 0.027908 0.972092
0.012369 0.970926 0.016705
0.002256 0.821360 0.176384
0.109288 0.845482 0.045230
0.000382 0.570280 0.429338
0.002289 0.643152 0.354559
0.293563 0.706378 0.000059
0.944394 0.055605 0.000000
0.000140 0.302791 0.697069
0.976847 0.022891 0.000262
0.103975 0.883286 0.012738
0.020754 0.978039 0.001207
0.176801 0.821561 0.001638
0.076570 0.909394 0.014036
0.962332 0.037668 0.000000
0.366119 0.633739 0.000142
0.001127 0.809027 0.189847
0.025146 0.924721 0.050133
0.031187 0.894463 0.074350
0.968206 0.031794 0.000001
0.168189 0.209526 0.622285
0.000001 0.029755 0.970244
0.017360 0.981514 0.001127
0.001066 0.919580 0.079354
0.040867 0.556246 0.402887
0.000002 0.004437 0.995561
0.000010 0.464966 0.535024
0.120167 0.877027 0.002806
0.059711 0.935529 0.004760
0.998987 0.001013 0.000000
0.000227 0.974034 0.025739
0.999989 0.000011 0.000000
0.306429 0.688475 0.005096
0.002928 0.568659 0.428413
0.003060 0.926065 0.070875
0.169828 0.830099 0.000073
0.028066 0.735787 0.236147
0.991529 0.008471 0.000000
0.301513 0.692625 0.005863
0.781448 0.218544 0.000008
0.143384 0.854778 0.001837
0.101570 0.891361 0.007069
0.000001 0.062288 0.937711
0.000011 0.006642 0.993347
0.072602 0.925029 0.002370
0.472766 0.527190 0.000044
0.001458 0.988845 0.009697
0.174986 0.818952 0.006062
0.037563 0.498639 0.463798
0.410125 0.589822 0.000053
0.241885 0.741877 0.016237
0.053433 0.903072 0.043495
0.147591 0.831891 0.020518
0.999915 0.000085 0.000000
0.233454 0.766272 0.000275
0.022993 0.777267 0.199740
0.000545 0.991105 0.008349
0.950596 0.049404 0.000000
0.050770 0.863226 0.086004
0.000129 0.961198 0.038672
0.086431 0.905387 0.008182
0.000529 0.961168 0.038303
0.000135 0.147386 0.852479
0.002983 0.947773 0.049244
0.000056 0.221112 0.778833
0.053105 0.943701 0.003194
0.088097 0.902403 0.009500
0.064812 0.931704 0.003484
0.021585 0.573011 0.405404
0.000000 0.000513 0.999487
0.011770 0.801998 0.186232
0.021891 0.850711 0.127398
0.362188 0.637206 0.000607
0.887530 0.112470 0.000001
0.004176 0.994478 0.001346
0.000115 0.747037 0.252849
0.000000 0.064018 0.935982
0.769295 0.230664 0.000041
0.069135 0.904143 0.026722
0.999605 0.000395 0.000000
0.006808 0.989874 0.003317
0.483727 0.515977 0.000296
0.032684 0.965152 0.002164
0.999958 0.000042 0.000000
0.041249 0.947193 0.011558
0.017245 0.971477 0.011278
0.009183 0.841932 0.148885
0.142503 0.810530 0.046967
0.994814 0.005185 0.000001
0.935902 0.064098 0.000001
0.851964 0.148031 0.000005
0.000000 0.000526 0.999474
0.638409 0.361494 0.000097
0.825075 0.172537 0.002388
0.999625 0.000375 0.000000
0.152249 0.764140 0.083610
0.153980 0.845509 0.000512
0.012757 0.974196 0.013047
0.000001 0.074389 0.925610
0.009382 0.732096 0.258522
0.189959 0.708867 0.101174
0.000004 0.249179 0.750817
0.993617 0.006383 0.000000
0.177346 0.822461 0.000193
0.000000 0.169356 0.830644
0.000001 0.359145 0.640854
0.995628 0.004372 0.000000
0.013691 0.933242 0.053067
0.276118 0.714541 0.009342
0.000264 0.532121 0.467615
0.028549 0.948614 0.022837
0.418715 0.581216 0.000069
0.124401 0.867982 0.007617
0.379683 0.620007 0.000310
0.314877 0.684981 0.000142
0.000000 0.032885 0.967115
0.000541 0.894946 0.104513
0.984262 0.015738 0.000000
0.159685 0.838766 0.001549
0.171337 0.827253 0.001410
0.000001 0.116870 0.883130
0.175291 0.824151 0.000558
0.321456 0.675289 0.003255
0.926488 0.071839 0.001674
0.277784 0.713861 0.008356
0.029027 0.946902 0.024071
0.397950 0.601814 0.000235
0.965446 0.034520 0.000034
0.021335 0.970327 0.008338
0.056540 0.908771 0.034689
0.999874 0.000126 0.000000
0.003904 0.993211 0.002885
0.058807 0.928938 0.012256
0.202556 0.796802 0.000643
0.004561 0.670426 0.325013
0.893347 0.106643 0.000009
0.000000 0.033597 0.966403
0.040732 0.931373 0.027895
0.181796 0.817406 0.000798
0.085792 0.912465 0.001743
0.208809 0.790390 0.000801
0.265398 0.714526 0.020076
0.085635 0.914132 0.000233
0.988710 0.011290 0.000000
0.064840 0.930773 0.004387
0.860353 0.139633 0.000014
0.010316 0.938431 0.051253
0.246358 0.753151 0.000490
0.027865 0.945821 0.026315
0.095768 0.902697 0.001535
0.192262 0.784893 0.022845
0.053559 0.939263 0.007178
0.638782 0.310687 0.050531
0.026148 0.923427 0.050425
0.416701 0.582290 0.001008
0.000057 0.745528 0.254416
0.000125 0.054400 0.945475
0.000029 0.117552 0.882419
0.167875 0.200662 0.631463
0.000279 0.895256 0.104466
0.000192 0.997686 0.002123
0.023184 0.889735 0.087081
0.000000 0.009451 0.990549
0.977935 0.022064 0.000001
0.015256 0.936761 0.047984
0.228463 0.769650 0.001887
0.001247 0.737773 0.260981
0.123199 0.867862 0.008938
0.316762 0.683219 0.000019
0.159866 0.839841 0.000293
0.000000 0.105736 0.894264
0.005601 0.833114 0.161285
0.002620 0.477474 0.519906
0.006651 0.853378 0.139971
0.013036 0.973423 0.013541
0.015995 0.978794 0.005210
0.000003 0.039541 0.960456
0.141986 0.856565 0.001450
0.993832 0.006163 0.000005
0.000100 0.391662 0.608239
0.007229 0.742451 0.250321
0.049484 0.943795 0.006721
0.216553 0.782952 0.000494
0.000001 0.133792 0.866207
0.000334 0.760636 0.239029
0.761188 0.238747 0.000064
0.087002 0.908535 0.004463
0.005386 0.909020 0.085594
0.017378 0.974458 0.008163
0.241845 0.722113 0.036042
0.352730 0.645490 0.001780
0.081820 0.913358 0.004823
0.974658 0.025342 0.000000
0.111450 0.875672 0.012877
0.126846 0.870554 0.002600
0.935318 0.064667 0.000015
0.230749 0.768401 0.000850
0.037028 0.768606 0.194366
0.114251 0.885722 0.000027
0.000305 0.503028 0.496667
0.000001 0.121989 0.878010
0.004300 0.991855 0.003844
0.013829 0.827786 0.158385
0.000841 0.892150 0.107009
0.991278 0.008722 0.000000
0.000005 0.365378 0.634617
0.189795 0.806665 0.003540
0.059358 0.910097 0.030545
0.999816 0.000184 0.000000
0.389587 0.610304 0.000109
0.044765 0.931240 0.023995
0.002323 0.966957 0.030720
0.374753 0.624836 0.000411
0.008547 0.976623 0.014830
0.000029 0.682561 0.317411
0.082441 0.777143 0.140416
0.000018 0.399417 0.600566
0.061954 0.935620 0.002425
0.075798 0.908419 0.015782
0.000237 0.684580 0.315183
0.985362 0.014638 0.000000
0.000000 0.109762 0.890238
0.000736 0.988582 0.010682
0.000027 0.521160 0.478813
0.153586 0.844585 0.001828
0.206705 0.743530 0.049765
0.135834 0.858171 0.005996
0.930060 0.069926 0.000014
0.046274 0.948758 0.004968
0.426166 0.573675 0.000159
0.045432 0.918002 0.036566
0.999846 0.000154 0.000000
0.997539 0.002461 0.000000
0.977824 0.022176 0.000000
0.422595 0.577055 0.000350
0.101533 0.897776 0.000691
0.003852 0.954087 0.042061
0.000019 0.720988 0.278993
0.002902 0.823367 0.173731
0.000000 0.033916 0.966084
0.023817 0.960511 0.015672
0.992122 0.007852 0.000026
0.018617 0.979260 0.002123
0.299825 0.699711 0.000464
0.029796 0.953333 0.016870
0.373732 0.625640 0.000628
0.088978 0.873428 0.037594
0.006697 0.991299 0.002005
0.026779 0.964151 0.009070
0.055194 0.894779 0.050027
0.994550 0.005449 0.000000
0.999384 0.000616 0.000000
0.972169 0.027831 0.000000
0.000045 0.095586 0.904370
0.000043 0.046789 0.953168
0.000035 0.028668 0.971297
0.973482 0.026518 0.000000
0.145693 0.825034 0.029273
0.298726 0.700814 0.000460
0.011273 0.970270 0.018457
0.990765 0.009235 0.000000
0.217696 0.780247 0.002057
0.114104 0.874686 0.011210
0.842474 0.156735 0.000792
0.998840 0.001160 0.000000
0.008470 0.977639 0.013890
0.097420 0.899287 0.003293
0.995608 0.004392 0.000000
0.000039 0.476319 0.523643
0.194379 0.788271 0.017350
0.004826 0.735650 0.259523
0.983106 0.016810 0.000083
0.181316 0.691049 0.127636
0.665398 0.328264 0.006338
0.000075 0.854952 0.144973
0.422527 0.577422 0.000051
0.038034 0.961077 0.000890
0.002202 0.993829 0.003969
0.195364 0.803511 0.001125
0.290935 0.708632 0.000433
0.026801 0.898360 0.074839
0.028902 0.872710 0.098388
0.387700 0.612259 0.000041
0.044994 0.802829 0.152177
0.019971 0.857868 0.122161
0.316788 0.601656 0.081556
0.410556 0.589387 0.000057
0.059459 0.937677 0.002864
0.326692 0.670140 0.003168
0.000447 0.258135 0.741417
0.133142 0.863805 0.003053
0.083333 0.905937 0.010729
0.962217 0.037382 0.000401
0.964367 0.035632 0.000001
0.231029 0.767724 0.001247
0.189785 0.810210 0.000005
0.024433 0.944322 0.031245
0.048576 0.951244 0.000180
0.060237 0.928941 0.010823
0.145196 0.854150 0.000653
0.987195 0.012805 0.000000
0.603425 0.395940 0.000635
0.500726 0.498823 0.000451
0.000036 0.329756 0.670207
0.135417 0.864541 0.000042
0.068148 0.837387 0.094465
0.978358 0.021642 0.000000
0.006952 0.990958 0.002090
0.000000 0.007937 0.992063
0.124066 0.871730 0.004204
0.021097 0.957334 0.021569
0.023330 0.748751 0.227919
0.001596 0.829959 0.168445
0.998876 0.001124 0.000000
0.028279 0.965154 0.006567
0.230842 0.768384 0.000775
0.095059 0.899648 0.005293
0.003147 0.614510 0.382343
0.105810 0.890157 0.004033
0.000000 0.065611 0.934389
0.000071 0.738903 0.261026
0.986861 0.012956 0.000183
0.424993 0.575004 0.000002
0.102337 0.867281 0.030383
0.001854 0.930169 0.067977
0.374260 0.624302 0.001438
0.012576 0.692123 0.295301
