0.006963 0.021192 0.971845
0.910078 0.011577 0.078345
0.960578 0.014659 0.024763
0.984306 0.013501 0.002192
0.093186 0.028503 0.878311
0.971044 0.009882 0.019074
0.902978 0.016142 0.080880
0.001502 0.014013 0.984485
0.316012 0.064438 0.619550
0.090138 0.051354 0.858508
0.912669 0.012571 0.074759
0.689343 0.074621 0.236036
0.000163 0.012335 0.987502
0.411186 0.059854 0.528960
0.980680 0.008705 0.010616
0.634127 0.034888 0.330985
0.032900 0.026407 0.940693
0.000392 0.014111 0.985496
0.966842 0.013225 0.019933
0.986117 0.009504 0.004379
0.983987 0.013431 0.002581
0.875894 0.123398 0.000708
0.778331 0.108440 0.113229
0.980531 0.016660 0.002808
0.861591 0.130102 0.008306
0.985367 0.013214 0.001419
0.982946 0.011801 0.005253
0.000339 0.015986 0.983675
0.983249 0.012396 0.004355
0.978418 0.009967 0.011615
0.937694 0.059189 0.003117
0.850750 0.099687 0.049563
0.091310 0.048052 0.860639
0.781868 0.080963 0.137169
0.705147 0.288127 0.006726
0.000141 0.012652 0.987207
0.935216 0.033223 0.031561
0.963246 0.010790 0.025964
0.856472 0.128155 0.015374
0.974930 0.009470 0.015600
0.982150 0.008591 0.009260
0.004562 0.022584 0.972855
0.983873 0.015181 0.000946
0.976387 0.019841 0.003772
0.981563 0.009867 0.008570
0.964732 0.012112 0.023156
0.883877 0.013167 0.102956
0.000958 0.019313 0.979730
0.963509 0.024507 0.011985
0.977968 0.009179 0.012853
0.647545 0.022763 0.329692
0.983016 0.009037 0.007947
0.983324 0.012844 0.003833
0.916105 0.081158 0.002737
0.981008 0.014407 0.004585
0.862950 0.066414 0.070636
0.153916 0.042173 0.803910
0.974707 0.011451 0.013842
0.032040 0.025516 0.942444
0.604173 0.035612 0.360215
0.262944 0.045215 0.691841
0.780739 0.092549 0.126712
0.969518 0.009944 0.020539
0.817246 0.123579 0.059175
0.983947 0.013414 0.002638
0.983034 0.015846 0.001120
0.973125 0.009548 0.017327
0.984265 0.010089 0.005646
0.452411 0.027321 0.520268
0.983665 0.009137 0.007198
0.659012 0.030452 0.310537
0.944393 0.012525 0.043082
0.530378 0.073260 0.396362
0.957432 0.011101 0.031467
0.984786 0.009133 0.006081
0.986237 0.008770 0.004993
0.960473 0.037640 0.001886
0.984315 0.011212 0.004473
0.787919 0.081774 0.130307
0.960323 0.011231 0.028446
0.831885 0.016933 0.151181
0.005274 0.022043 0.972683
0.951898 0.011988 0.036114
0.000007 0.007319 0.992673
0.248093 0.036348 0.715559
0.955145 0.036061 0.008794
0.975006 0.009809 0.015184
0.897317 0.012057 0.090626
0.985255 0.013109 0.001635
0.859515 0.013255 0.127230
0.981546 0.016969 0.001486
0.985122 0.009824 0.005054
0.000009 0.009621 0.990370
0.820694 0.095336 0.083969
0.005431 0.994366 0.000204
0.010070 0.020812 0.969118
0.000000 0.004608 0.995392
0.954944 0.011776 0.033280
0.974144 0.021289 0.004567
0.826438 0.033546 0.140015
0.968354 0.013352 0.018294
0.000011 0.007574 0.992415
0.973604 0.025116 0.001281
0.974706 0.022509 0.002785
0.735910 0.018346 0.245745
0.050249 0.026445 0.923306
0.971364 0.025505 0.003131
0.075222 0.924410 0.000367
0.977461 0.014708 0.007831
0.022480 0.033332 0.944188
0.939717 0.011714 0.048569
0.006711 0.018808 0.974481
0.920947 0.014539 0.064514
0.923906 0.073797 0.002297
0.981973 0.014652 0.003374
0.677289 0.109715 0.212996
0.728369 0.067006 0.204624
0.984213 0.013093 0.002694
0.000001 0.005201 0.994798
0.596614 0.077188 0.326197
0.003967 0.016431 0.979602
0.979589 0.011874 0.008536
0.965704 0.033314 0.000982
0.975399 0.020731 0.003870
0.897493 0.017070 0.085437
0.981725 0.008565 0.009710
0.984899 0.014456 0.000645
0.023221 0.022984 0.953796
0.894563 0.011865 0.093572
0.750620 0.024267 0.225113
0.953650 0.011528 0.034822
0.983129 0.008583 0.008287
0.763193 0.015755 0.221052
0.976903 0.013657 0.009441
0.210155 0.037038 0.752807
0.002809 0.015863 0.981328
0.972037 0.010243 0.017720
0.981079 0.016651 0.002271
0.974596 0.013440 0.011964
0.985473 0.010378 0.004148
0.969691 0.009680 0.020629
0.964186 0.012537 0.023277
0.126588 0.030427 0.842985
0.966864 0.013224 0.019911
0.977097 0.010017 0.012887
0.978567 0.009286 0.012147
0.761439 0.121290 0.117271
0.023506 0.026058 0.950436
0.769185 0.017135 0.213680
0.966900 0.010071 0.023029
0.984431 0.009563 0.006006
0.002213 0.022609 0.975179
0.939364 0.058165 0.002471
0.958122 0.012929 0.028949
0.944539 0.012321 0.043140
0.686635 0.080025 0.233340
0.966437 0.014614 0.018948
0.979693 0.008911 0.011396
0.983887 0.008780 0.007333
0.951915 0.012173 0.035912
0.916571 0.012579 0.070850
0.966952 0.010625 0.022423
0.983196 0.014832 0.001972
0.023437 0.024910 0.951653
0.986013 0.008972 0.005015
0.001860 0.014613 0.983527
0.581158 0.039552 0.379290
0.962255 0.012837 0.024908
0.986420 0.009449 0.004131
0.038862 0.026616 0.934522
0.981687 0.008777 0.009536
0.944388 0.010568 0.045044
0.929028 0.016356 0.054616
0.000031 0.008410 0.991559
0.086295 0.033814 0.879892
0.745056 0.209440 0.045504
0.978993 0.014800 0.006207
0.976332 0.020019 0.003649
0.033695 0.039646 0.926659
0.668384 0.015445 0.316171
0.984486 0.010998 0.004516
0.930230 0.013371 0.056399
0.983499 0.011445 0.005056
0.739007 0.117700 0.143293
0.976138 0.022388 0.001474
0.000697 0.017630 0.981673
0.982779 0.015415 0.001806
0.975328 0.023207 0.001465
0.235235 0.067442 0.697323
0.433023 0.022202 0.544775
0.923840 0.067192 0.008968
0.029784 0.037869 0.932347
0.982448 0.009005 0.008547
0.945489 0.010853 0.043658
0.983298 0.015352 0.001350
0.829999 0.018183 0.151818
0.928902 0.014144 0.056955
0.983161 0.008654 0.008185
0.834171 0.119112 0.046717
0.789957 0.151045 0.058998
0.969951 0.013399 0.016650
0.979388 0.009209 0.011404
0.940551 0.011257 0.048191
0.977626 0.013566 0.008808
0.984226 0.014971 0.000804
0.713355 0.034110 0.252535
0.977020 0.013432 0.009548
0.976702 0.022595 0.000703
0.015131 0.023164 0.961705
0.979395 0.013370 0.007235
0.000333 0.011865 0.987802
0.983319 0.015634 0.001048
0.967139 0.016330 0.016531
0.000001 0.006272 0.993727
0.976391 0.008916 0.014693
0.933023 0.056417 0.010560
0.000892 0.013126 0.985983
0.938124 0.013336 0.048540
0.129710 0.032984 0.837306
0.978562 0.020102 0.001336
0.931079 0.067567 0.001354
0.984035 0.013086 0.002878
0.255367 0.040874 0.703759
0.000021 0.008903 0.991076
0.979347 0.013351 0.007302
0.960429 0.012300 0.027271
0.001701 0.015647 0.982652
0.721405 0.116259 0.162336
0.779076 0.168809 0.052114
0.000352 0.015844 0.983805
0.983606 0.013759 0.002635
0.645868 0.029713 0.324419
0.673393 0.071916 0.254690
0.966720 0.010088 0.023192
0.850531 0.013215 0.136254
0.790685 0.087756 0.121560
0.975904 0.022445 0.001651
0.862894 0.053558 0.083547
0.743156 0.031634 0.225210
0.438154 0.029243 0.532603
0.980084 0.014589 0.005328
0.000338 0.012263 0.987399
0.972496 0.010461 0.017043
0.119812 0.037659 0.842529
0.984619 0.008895 0.006486
0.982757 0.013570 0.003673
0.954049 0.045810 0.000141
0.656120 0.042771 0.301109
0.584432 0.023537 0.392031
0.978821 0.013368 0.007811
0.258397 0.063565 0.678038
0.004999 0.994617 0.000384
0.519122 0.070266 0.410612
0.930090 0.011777 0.058133
0.972145 0.014062 0.013793
0.942608 0.056754 0.000638
0.588256 0.034190 0.377554
0.971451 0.025839 0.002710
0.983137 0.009105 0.007758
0.982550 0.008579 0.008872
0.942056 0.016328 0.041616
0.719577 0.072352 0.208071
0.792588 0.154483 0.052928
0.964351 0.010730 0.024920
0.014404 0.019554 0.966041
0.980931 0.013381 0.005688
0.977535 0.013855 0.008610
0.335639 0.068789 0.595572
0.975762 0.015154 0.009084
0.979793 0.013364 0.006843
0.000266 0.015546 0.984189
0.097761 0.041990 0.860249
0.972106 0.025187 0.002707
0.071123 0.041541 0.887336
0.984190 0.013258 0.002552
0.964269 0.012889 0.022841
0.502526 0.490183 0.007291
0.984096 0.014189 0.001715
0.980994 0.013226 0.005779
0.395610 0.022928 0.581462
0.592442 0.073441 0.334117
0.979581 0.019044 0.001376
0.412788 0.050402 0.536810
0.000061 0.011585 0.988354
0.979148 0.009645 0.011207
0.011449 0.028656 0.959895
0.957669 0.012198 0.030134
0.982018 0.012748 0.005234
0.968076 0.013832 0.018091
0.785574 0.159687 0.054739
0.952862 0.011453 0.035686
0.074908 0.036532 0.888560
0.943104 0.011561 0.045335
0.978881 0.013366 0.007752
0.024361 0.019804 0.955836
0.980534 0.013529 0.005937
0.895778 0.060514 0.043709
0.965005 0.010210 0.024785
0.967310 0.013290 0.019400
0.672470 0.032106 0.295424
0.169877 0.051093 0.779030
0.000007 0.006117 0.993876
0.982972 0.010797 0.006231
0.492033 0.064799 0.443168
0.842351 0.109092 0.048557
0.558277 0.074254 0.367470
0.982817 0.016000 0.001183
0.972217 0.026689 0.001094
0.975891 0.014652 0.009456
0.981894 0.008955 0.009151
0.923115 0.015186 0.061699
0.198552 0.042941 0.758507
0.762169 0.026983 0.210849
0.934835 0.027442 0.037723
0.723460 0.120651 0.155889
0.639623 0.358729 0.001647
0.648139 0.076881 0.274980
0.969604 0.022943 0.007454
0.000038 0.010962 0.989000
0.850942 0.012183 0.136875
0.958228 0.010942 0.030830
0.978360 0.017687 0.003953
0.943149 0.053742 0.003109
0.974807 0.012962 0.012231
0.599240 0.027450 0.373311
0.980862 0.015097 0.004041
0.960201 0.014482 0.025317
0.448492 0.027882 0.523627
0.008532 0.020743 0.970725
0.980951 0.015665 0.003384
0.667587 0.044934 0.287479
0.971334 0.017822 0.010845
0.810253 0.026957 0.162789
0.135690 0.041485 0.822824
0.982913 0.016436 0.000652
0.952545 0.011522 0.035933
0.977604 0.009668 0.012728
0.488497 0.028164 0.483339
0.012004 0.021690 0.966306
0.970237 0.029193 0.000570
0.969990 0.026388 0.003622
0.923688 0.010563 0.065750
0.236212 0.038810 0.724978
0.961178 0.019437 0.019385
0.979425 0.008909 0.011666
0.977848 0.021579 0.000573
0.955661 0.011443 0.032896
0.000016 0.006962 0.993022
0.565251 0.023821 0.410928
0.005641 0.018805 0.975555
0.000046 0.011659 0.988295
0.983143 0.008549 0.008308
0.952502 0.011678 0.035819
0.000158 0.013426 0.986416
0.013126 0.022877 0.963996
0.851084 0.014010 0.134906
0.901992 0.015280 0.082728
0.974392 0.015380 0.010228
0.000521 0.015665 0.983814
0.020714 0.035279 0.944007
0.000559 0.009638 0.989803
0.939626 0.013795 0.046579
0.001435 0.998380 0.000184
0.256869 0.048422 0.694709
0.000216 0.011822 0.987962
0.002414 0.017807 0.979779
0.904252 0.013008 0.082740
0.978810 0.018177 0.003014
0.976945 0.016190 0.006865
0.984987 0.009616 0.005397
0.972886 0.024914 0.002200
0.000588 0.016714 0.982698
0.984251 0.014796 0.000953
0.967456 0.010084 0.022460
0.762230 0.098342 0.139428
0.942068 0.010671 0.047261
0.081661 0.028745 0.889594
0.602878 0.036389 0.360733
0.896217 0.016304 0.087479
0.931430 0.011291 0.057278
0.000016 0.009982 0.990002
0.859399 0.043925 0.096676
0.828228 0.147223 0.024549
0.968270 0.030510 0.001220
0.000226 0.012148 0.987626
0.865639 0.013805 0.120556
0.007157 0.023193 0.969650
0.983453 0.012992 0.003555
0.981842 0.008649 0.009509
0.961647 0.012628 0.025724
0.980013 0.009580 0.010407
0.945121 0.011531 0.043348
0.981430 0.017242 0.001328
0.978650 0.013924 0.007426
0.957807 0.011561 0.030632
0.983599 0.012538 0.003863
0.681199 0.073355 0.245446
0.768729 0.087636 0.143635
0.983908 0.011876 0.004216
0.596278 0.074350 0.329372
0.982321 0.015337 0.002342
0.795453 0.083349 0.121198
0.723225 0.078123 0.198652
0.000511 0.013204 0.986285
0.983801 0.008793 0.007406
0.984214 0.009290 0.006496
0.957943 0.013790 0.028268
0.967252 0.010352 0.022397
0.978710 0.020055 0.001235
0.001549 0.012549 0.985902
0.789374 0.199158 0.011469
0.927297 0.011468 0.061235
0.682936 0.104679 0.212385
0.067921 0.027900 0.904178
0.691479 0.110282 0.198240
0.000417 0.014153 0.985430
0.980108 0.009591 0.010301
0.969719 0.009706 0.020574
0.780348 0.130755 0.088897
0.002289 0.017652 0.980059
0.984950 0.010591 0.004459
0.847708 0.055260 0.097032
0.978925 0.014684 0.006391
0.696343 0.018191 0.285466
0.982808 0.012374 0.004818
0.972923 0.026599 0.000478
0.153147 0.032695 0.814158
0.947650 0.011368 0.040982
0.913217 0.015863 0.070920
0.000022 0.008099 0.991879
0.007291 0.020151 0.972558
0.002009 0.016291 0.981699
0.983541 0.013614 0.002845
0.979075 0.019059 0.001865
0.321324 0.056237 0.622439
0.973415 0.009460 0.017125
0.000001 0.004573 0.995426
0.933907 0.020761 0.045332
0.003415 0.021482 0.975102
0.844056 0.012615 0.143330
0.000014 0.009833 0.990153
0.005451 0.026067 0.968481
0.000051 0.009511 0.990438
0.984597 0.011022 0.004381
0.977411 0.014104 0.008486
0.983726 0.013409 0.002866
0.978119 0.008758 0.013123
0.711123 0.074481 0.214396
0.461874 0.024308 0.513817
0.703342 0.038421 0.258236
0.901509 0.011932 0.086559
0.792681 0.132147 0.075172
0.973998 0.020176 0.005825
0.971949 0.013698 0.014352
0.980093 0.008723 0.011184
0.000157 0.014094 0.985749
0.973448 0.020070 0.006481
0.628561 0.033553 0.337886
0.980567 0.017603 0.001829
0.984788 0.010882 0.004330
0.978152 0.021550 0.000298
0.980639 0.016240 0.003120
0.969594 0.011335 0.019071
0.977864 0.008886 0.013251
0.000137 0.012987 0.986876
0.978192 0.008790 0.013017
0.799616 0.132528 0.067856
0.107160 0.025016 0.867824
0.795350 0.046224 0.158426
0.978282 0.009034 0.012684
0.955962 0.012110 0.031927
0.004621 0.021207 0.974172
0.709674 0.073148 0.217178
0.950411 0.011911 0.037677
0.383430 0.050319 0.566251
0.000074 0.009840 0.990086
0.948055 0.017645 0.034300
0.054104 0.042117 0.903780
0.000024 0.005222 0.994754
0.000006 0.006709 0.993285
0.977343 0.011335 0.011322
0.984772 0.010147 0.005081
0.487949 0.023929 0.488122
0.457695 0.063243 0.479063
0.980585 0.017360 0.002055
0.049257 0.034935 0.915808
0.387448 0.611943 0.000609
0.001119 0.017226 0.981655
0.595539 0.088741 0.315719
0.095042 0.047648 0.857309
0.984251 0.009977 0.005772
0.970587 0.009623 0.019790
0.000478 0.011559 0.987963
0.001119 0.015840 0.983041
0.979167 0.017390 0.003443
0.780418 0.084290 0.135292
0.000425 0.018177 0.981398
0.519947 0.029958 0.450094
0.000127 0.012919 0.986954
0.815226 0.012480 0.172294
0.960652 0.014314 0.025034
0.876649 0.099314 0.024038
0.024756 0.018289 0.956956
0.959508 0.014336 0.026155
0.062183 0.027921 0.909896
0.983203 0.014328 0.002469
0.974662 0.021931 0.003408
0.018138 0.023225 0.958637
0.019734 0.019677 0.960589
0.000950 0.012590 0.986461
0.984220 0.014396 0.001384
0.081197 0.050163 0.868640
0.984420 0.015055 0.000525
0.099172 0.042987 0.857841
0.868489 0.012619 0.118892
0.984801 0.010754 0.004446
0.503607 0.075048 0.421345
0.432027 0.057378 0.510595
0.831165 0.133968 0.034867
0.811881 0.015297 0.172823
0.931532 0.011952 0.056516
0.981525 0.013324 0.005152
0.965822 0.020389 0.013788
0.232062 0.040439 0.727498
0.002823 0.016337 0.980840
0.983888 0.014463 0.001648
0.971185 0.026191 0.002624
0.983127 0.013732 0.003141
0.535715 0.074008 0.390277
0.980035 0.013799 0.006166
0.009863 0.019817 0.970320
0.982758 0.010352 0.006890
0.010286 0.024485 0.965229
0.957497 0.012343 0.030160
0.288254 0.704695 0.007051
0.800354 0.022806 0.176840
0.001621 0.018178 0.980201
0.979967 0.013429 0.006604
0.974663 0.013631 0.011706
0.010160 0.028958 0.960881
0.882956 0.012566 0.104478
0.985135 0.012148 0.002717
0.983199 0.010468 0.006333
0.984036 0.014623 0.001341
0.980866 0.014481 0.004653
0.844903 0.011859 0.143238
0.986803 0.010113 0.003083
0.575756 0.422514 0.001730
0.717256 0.075866 0.206878
0.922503 0.077376 0.000121
0.595480 0.073650 0.330870
0.986349 0.011195 0.002456
0.001419 0.019647 0.978934
0.982277 0.011866 0.005857
0.893680 0.012321 0.093999
0.886799 0.112144 0.001057
0.985180 0.013967 0.000852
0.937606 0.013918 0.048476
0.646465 0.352981 0.000553
0.981177 0.009116 0.009707
0.089128 0.041810 0.869062
0.965831 0.011679 0.022490
0.164054 0.835035 0.000911
0.067536 0.044369 0.888095
0.953008 0.031484 0.015508
0.923833 0.076055 0.000113
0.000780 0.014971 0.984249
0.602701 0.023006 0.374292
0.971805 0.009478 0.018717
0.976002 0.013507 0.010491
0.941394 0.016194 0.042411
0.976641 0.009607 0.013752
0.878495 0.012776 0.108729
0.568221 0.084910 0.346869
0.982381 0.014117 0.003502
0.984642 0.009141 0.006217
0.967617 0.013258 0.019125
0.835044 0.164730 0.000225
0.400746 0.062396 0.536858
0.978128 0.008763 0.013109
0.008556 0.024748 0.966696
0.000002 0.006478 0.993520
0.327173 0.065621 0.607206
0.000672 0.012123 0.987205
0.000020 0.010536 0.989444
0.934211 0.011412 0.054376
0.001409 0.013831 0.984760
0.974928 0.013514 0.011558
0.985137 0.009359 0.005505
0.979596 0.012859 0.007545
0.971259 0.025818 0.002923
0.979751 0.014207 0.006042
0.758139 0.024991 0.216870
0.966355 0.014193 0.019453
0.064818 0.026561 0.908622
0.000522 0.016737 0.982741
0.000582 0.999416 0.000002
0.976159 0.009136 0.014706
0.973469 0.023866 0.002665
0.983542 0.014147 0.002311
0.001189 0.013473 0.985338
0.970738 0.013400 0.015862
0.004268 0.014782 0.980950
0.906516 0.014573 0.078911
0.984273 0.010967 0.004760
0.635118 0.056017 0.308865
0.830697 0.086685 0.082618
0.979714 0.019810 0.000476
0.051188 0.045420 0.903392
0.983537 0.011125 0.005338
0.950229 0.011637 0.038134
0.981853 0.010919 0.007228
0.978472 0.018565 0.002963
0.010839 0.019371 0.969789
0.960699 0.010700 0.028600
0.981027 0.008718 0.010255
0.907554 0.031630 0.060816
0.984825 0.009455 0.005720
0.801309 0.148014 0.050677
0.951417 0.012482 0.036101
0.970273 0.013567 0.016160
0.984709 0.008400 0.006891
0.862863 0.014320 0.122817
0.976428 0.014134 0.009437
0.006543 0.019848 0.973610
0.145760 0.026435 0.827805
0.647179 0.348901 0.003919
0.000016 0.007756 0.992229
0.953843 0.011865 0.034292
0.978242 0.013133 0.008624
0.416670 0.053964 0.529366
0.984265 0.013352 0.002382
0.531912 0.042655 0.425433
0.001753 0.018611 0.979636
0.750629 0.102100 0.147271
0.020845 0.022247 0.956909
0.002531 0.016793 0.980676
0.982541 0.013313 0.004146
0.889809 0.013115 0.097075
0.975371 0.011451 0.013178
0.005176 0.026017 0.968808
0.970936 0.015352 0.013712
0.912959 0.021978 0.065063
0.957169 0.012108 0.030723
0.419268 0.069079 0.511653
0.000000 0.003101 0.996899
0.961386 0.012548 0.026066
0.957789 0.013871 0.028340
0.978892 0.019404 0.001704
0.381440 0.056599 0.561961
0.980327 0.013412 0.006261
0.863644 0.093788 0.042568
0.983067 0.012151 0.004783
0.979203 0.009489 0.011308
0.985803 0.011405 0.002792
0.500357 0.069731 0.429912
0.834710 0.156602 0.008687
0.984670 0.012428 0.002902
0.822243 0.127143 0.050614
0.807348 0.163682 0.028970
0.973207 0.009655 0.017138
0.923099 0.014945 0.061956
0.978681 0.018770 0.002548
0.000586 0.014600 0.984814
0.033071 0.040701 0.926228
0.944935 0.020112 0.034953
0.427937 0.071180 0.500883
0.690989 0.268159 0.040852
0.943987 0.010903 0.045110
0.961859 0.012165 0.025977
0.000938 0.014356 0.984706
0.228310 0.041928 0.729762
0.937154 0.011934 0.050912
0.973831 0.009366 0.016803
0.965596 0.012993 0.021411
0.982859 0.009247 0.007894
0.783028 0.013993 0.202979
0.821115 0.161794 0.017091
0.976132 0.013427 0.010441
0.964312 0.014125 0.021564
0.000482 0.012392 0.987126
0.000466 0.014818 0.984717
0.515977 0.077466 0.406557
0.869248 0.123006 0.007746
0.946509 0.011466 0.042025
0.003757 0.017364 0.978879
0.979656 0.012312 0.008033
0.935008 0.012235 0.052756
0.811489 0.092618 0.095893
0.118689 0.037169 0.844142
0.000158 0.011219 0.988623
0.945076 0.023869 0.031055
0.981992 0.013508 0.004500
0.001962 0.010744 0.987295
0.015668 0.030006 0.954325
0.977380 0.013590 0.009030
0.917899 0.035985 0.046115
0.853966 0.018277 0.127757
0.952349 0.011526 0.036125
0.134609 0.039852 0.825539
0.974684 0.013789 0.011527
0.446900 0.061256 0.491844
0.964767 0.034383 0.000849
0.389641 0.053330 0.557029
0.068850 0.048650 0.882499
0.775775 0.198880 0.025346
0.974497 0.020743 0.004761
0.004676 0.014686 0.980638
0.519111 0.065280 0.415609
0.867640 0.012774 0.119586
0.000171 0.010123 0.989705
0.154570 0.044172 0.801258
0.984750 0.009492 0.005758
0.365962 0.631472 0.002566
0.000002 0.007366 0.992631
0.962690 0.022127 0.015183
0.878974 0.012746 0.108280
0.005534 0.032877 0.961589
0.000374 0.012129 0.987496
0.958067 0.041789 0.000144
0.981591 0.008613 0.009796
0.788924 0.124393 0.086682
0.937980 0.027511 0.034509
0.986093 0.011492 0.002415
0.443975 0.041615 0.514410
0.974030 0.013574 0.012396
0.941460 0.011319 0.047221
0.520706 0.027793 0.451501
0.977752 0.016382 0.005866
0.891720 0.017765 0.090515
0.957309 0.016758 0.025933
0.002808 0.018025 0.979167
0.710234 0.023864 0.265902
0.000002 0.006474 0.993525
0.922447 0.032518 0.045035
0.959126 0.011227 0.029647
0.009243 0.013050 0.977707
0.984078 0.010047 0.005874
0.985042 0.008838 0.006120
0.748936 0.078134 0.172930
0.974614 0.014307 0.011079
0.099636 0.033019 0.867345
0.253923 0.044319 0.701758
0.969059 0.013576 0.017364
0.000001 0.005637 0.994363
0.001280 0.010545 0.988175
0.955232 0.020975 0.023794
0.938639 0.053387 0.007974
0.843963 0.011608 0.144430
0.345294 0.032796 0.621910
0.815467 0.015298 0.169235
0.963947 0.012916 0.023136
0.951100 0.048520 0.000379
0.816059 0.028300 0.155641
0.000054 0.011152 0.988793
0.832444 0.090414 0.077142
0.978826 0.020438 0.000736
0.977929 0.008812 0.013259
0.975855 0.013140 0.011006
0.000043 0.012965 0.986993
0.770515 0.016691 0.212794
0.968327 0.010473 0.021200
0.121505 0.870832 0.007662
0.974500 0.009439 0.016061
0.965151 0.011023 0.023826
0.940925 0.011553 0.047522
0.352683 0.039959 0.607358
0.983018 0.009464 0.007518
0.962057 0.010563 0.027380
0.899399 0.064652 0.035950
0.983336 0.010432 0.006232
0.972419 0.013481 0.014100
0.978418 0.017105 0.004477
0.980248 0.016503 0.003248
0.729179 0.017718 0.253103
0.786858 0.020321 0.192821
0.978103 0.018953 0.002944
0.828150 0.017278 0.154572
0.237930 0.043240 0.718829
0.773347 0.120561 0.106092
0.004797 0.020682 0.974521
0.919320 0.014458 0.066223
0.002303 0.014240 0.983457
0.817983 0.058075 0.123942
0.976306 0.023054 0.000640
0.938083 0.012576 0.049341
0.955239 0.011327 0.033434
0.007507 0.016651 0.975843
0.721732 0.074940 0.203328
0.337306 0.065410 0.597284
0.980379 0.019479 0.000142
0.001466 0.013410 0.985124
0.976966 0.021423 0.001611
0.035864 0.041663 0.922473
0.944319 0.011286 0.044395
0.956925 0.011422 0.031653
0.658285 0.101881 0.239833
0.898600 0.014951 0.086448
0.914408 0.011998 0.073594
0.013891 0.018198 0.967911
0.220494 0.042127 0.737379
0.972962 0.013450 0.013589
0.802972 0.085331 0.111697
0.150048 0.029388 0.820564
0.549567 0.075154 0.375279
0.979886 0.013337 0.006778
0.972664 0.017484 0.009852
0.982697 0.014001 0.003302
0.967650 0.013458 0.018892
0.897668 0.020561 0.081770
0.975288 0.021227 0.003485
0.968801 0.014272 0.016926
0.961440 0.010616 0.027944
0.118965 0.036462 0.844573
0.968554 0.020680 0.010766
0.981345 0.008872 0.009782
0.975303 0.009082 0.015615
0.603726 0.091068 0.305206
0.000254 0.013766 0.985981
0.982055 0.010502 0.007443
0.941609 0.056282 0.002109
0.643608 0.021523 0.334870
0.909958 0.016159 0.073883
0.165145 0.025663 0.809192
0.902750 0.018166 0.079083
0.984180 0.011477 0.004343
0.002763 0.014967 0.982270
0.001065 0.015794 0.983141
0.000728 0.014026 0.985246
0.948392 0.022507 0.029101
0.007687 0.023052 0.969261
0.000814 0.014110 0.985075
0.002452 0.019674 0.977874
0.738531 0.117507 0.143963
0.960316 0.014216 0.025468
0.612981 0.096909 0.290110
0.858585 0.141403 0.000012
0.138759 0.035544 0.825697
0.560584 0.023094 0.416322
0.982011 0.011666 0.006324
0.818884 0.015075 0.166041
0.969782 0.013074 0.017145
0.000013 0.009828 0.990159
0.018243 0.017966 0.963791
0.967011 0.014581 0.018408
0.925860 0.011291 0.062849
0.907605 0.091657 0.000738
0.727418 0.018703 0.253879
0.013831 0.030722 0.955448
0.008952 0.024356 0.966691
0.979086 0.009102 0.011812
0.982954 0.008714 0.008332
0.973677 0.009483 0.016840
0.978104 0.017790 0.004106
0.811437 0.129020 0.059544
0.311325 0.048141 0.640533
0.980898 0.008675 0.010427
0.168232 0.054513 0.777256
0.074076 0.028325 0.897599
0.786742 0.081793 0.131465
0.965188 0.012872 0.021941
0.973226 0.009867 0.016907
0.984415 0.011211 0.004374
0.977799 0.009467 0.012734
0.005618 0.019999 0.974383
0.967718 0.010208 0.022074
0.985497 0.008754 0.005748
0.000720 0.014971 0.984309
0.973316 0.009664 0.017020
0.981299 0.010314 0.008387
0.969605 0.009707 0.020688
0.932017 0.063198 0.004785
0.958445 0.012721 0.028834
0.974271 0.012738 0.012991
0.984796 0.013013 0.002191
0.975587 0.009652 0.014760
0.067256 0.024785 0.907959
0.001730 0.013949 0.984321
0.956655 0.025211 0.018134
0.980812 0.015258 0.003930
0.467907 0.039028 0.493065
0.968899 0.010644 0.020457
0.363155 0.040215 0.596629
0.979281 0.013973 0.006746
0.982670 0.008939 0.008391
0.940481 0.013909 0.045610
0.000001 0.004707 0.995292
0.971015 0.018809 0.010175
0.977861 0.010194 0.011945
0.339431 0.049308 0.611261
0.980148 0.008710 0.011142
0.854493 0.019907 0.125600
0.687100 0.031825 0.281075
0.822339 0.087002 0.090660
0.568846 0.081881 0.349273
0.081817 0.047270 0.870913
0.000933 0.014247 0.984820
0.652575 0.033145 0.314280
0.857378 0.013565 0.129057
0.937428 0.011876 0.050696
0.966490 0.027654 0.005856
0.214083 0.039254 0.746663
0.009565 0.018780 0.971655
0.980764 0.012864 0.006372
0.979440 0.013535 0.007025
0.507783 0.072886 0.419331
0.983600 0.008762 0.007638
0.981538 0.012499 0.005963
0.842576 0.012001 0.145423
0.654456 0.027718 0.317826
0.929503 0.016517 0.053980
0.980585 0.008629 0.010785
0.781705 0.180105 0.038190
0.920956 0.078199 0.000845
0.835191 0.120500 0.044308
0.959506 0.012498 0.027996
0.803900 0.139835 0.056265
0.980878 0.017291 0.001831
0.985089 0.010048 0.004864
0.169622 0.055012 0.775367
0.907442 0.014014 0.078544
0.981916 0.013237 0.004847
0.000056 0.009869 0.990075
0.001838 0.014049 0.984113
0.918293 0.011427 0.070281
0.981827 0.008534 0.009639
0.938521 0.012633 0.048846
0.028910 0.034593 0.936498
0.957270 0.013999 0.028730
0.983171 0.008971 0.007858
0.533711 0.066316 0.399972
0.780891 0.082055 0.137054
0.001564 0.014077 0.984359
0.945058 0.014580 0.040362
0.949647 0.015713 0.034640
0.020863 0.021656 0.957481
0.980325 0.008744 0.010932
0.614624 0.088642 0.296734
0.019730 0.021843 0.958427
0.938564 0.012562 0.048875
0.658848 0.103885 0.237267
0.110547 0.031833 0.857620
0.788689 0.030033 0.181278
0.420344 0.028885 0.550771
0.011874 0.022746 0.965380
0.553482 0.082728 0.363791
0.951073 0.011816 0.037111
0.976613 0.013950 0.009437
0.942550 0.012623 0.044827
0.850713 0.134771 0.014516
0.968382 0.013533 0.018085
0.951578 0.011682 0.036739
0.937794 0.011250 0.050956
0.019107 0.030615 0.950278
0.369661 0.054066 0.576273
0.581460 0.056917 0.361623
0.114901 0.029611 0.855488
0.829260 0.054099 0.116641
0.978596 0.013308 0.008096
0.738307 0.234823 0.026869
0.983812 0.013627 0.002561
0.938135 0.026074 0.035790
0.902092 0.097638 0.000271
0.001348 0.014104 0.984548
0.807055 0.081460 0.111485
0.798876 0.087003 0.114121
0.001972 0.018521 0.979507
0.042627 0.030107 0.927267
0.970668 0.010497 0.018835
0.957763 0.011011 0.031226
0.813274 0.129664 0.057063
0.984477 0.010346 0.005177
0.936419 0.063452 0.000129
0.931342 0.013142 0.055516
0.977634 0.020496 0.001870
0.409454 0.049805 0.540741
0.803519 0.157789 0.038693
0.059217 0.044301 0.896482
0.975520 0.009170 0.015310
0.175173 0.031693 0.793134
0.977657 0.014929 0.007413
0.758621 0.077776 0.163603
0.984830 0.010016 0.005154
0.830778 0.022663 0.146559
0.000622 0.015205 0.984173
0.011785 0.020313 0.967902
0.060675 0.025438 0.913886
0.348384 0.053156 0.598460
0.979578 0.008641 0.011781
0.977438 0.020730 0.001832
0.481158 0.506955 0.011886
0.969596 0.013535 0.016869
0.984442 0.013841 0.001717
0.647357 0.099512 0.253131
0.950116 0.014004 0.035880
0.977191 0.019532 0.003277
0.974056 0.024523 0.001421
0.977243 0.014812 0.007945
0.984767 0.010016 0.005218
0.895262 0.016751 0.087988
0.356933 0.068562 0.574505
0.940758 0.012922 0.046320
0.077792 0.029813 0.892395
0.962226 0.010850 0.026924
0.953833 0.021683 0.024484
0.000002 0.007294 0.992704
0.849409 0.018562 0.132028
0.964179 0.010367 0.025454
0.983975 0.009165 0.006861
0.909330 0.010977 0.079693
0.069174 0.026675 0.904151
0.943712 0.020101 0.036187
0.034167 0.033133 0.932700
0.970018 0.009682 0.020301
0.919431 0.054753 0.025816
0.972993 0.026353 0.000654
0.945137 0.012124 0.042740
0.833513 0.085886 0.080601
0.003958 0.019642 0.976400
0.985279 0.010094 0.004627
0.286511 0.030603 0.682885
0.983158 0.014364 0.002478
0.974725 0.012785 0.012490
0.009216 0.022787 0.967997
0.982289 0.009077 0.008635
0.955657 0.011327 0.033016
0.051649 0.023419 0.924932
0.915994 0.014795 0.069211
0.000178 0.011440 0.988382
0.011792 0.018311 0.969897
0.313592 0.060857 0.625550
0.068751 0.045480 0.885769
0.978323 0.017624 0.004053
0.937396 0.011246 0.051357
0.094510 0.022315 0.883175
0.703439 0.030035 0.266525
0.654080 0.108699 0.237221
0.255778 0.044256 0.699966
0.170929 0.038644 0.790427
0.143521 0.024389 0.832090
0.421916 0.068882 0.509202
0.008893 0.016639 0.974467
0.983009 0.012509 0.004483
0.940846 0.012638 0.046516
0.720450 0.014070 0.265480
0.908055 0.091235 0.000710
0.570589 0.083679 0.345732
0.972339 0.009491 0.018171
0.979238 0.010257 0.010505
0.983893 0.009046 0.007061
0.981101 0.013265 0.005634
0.967196 0.032505 0.000299
0.949486 0.010759 0.039755
0.019715 0.030797 0.949487
0.003222 0.021070 0.975708
0.983616 0.013258 0.003126
0.980979 0.009055 0.009965
0.885629 0.012814 0.101557
0.659188 0.084586 0.256226
0.927888 0.018426 0.053686
0.367443 0.049934 0.582623
0.657586 0.035209 0.307205
0.973603 0.013249 0.013147
0.973997 0.009692 0.016311
0.846802 0.089184 0.064014
0.952051 0.012138 0.035811
0.043156 0.027445 0.929400
0.985172 0.010040 0.004788
0.981511 0.011737 0.006751
0.018150 0.021439 0.960411
0.877169 0.068697 0.054134
0.155941 0.029981 0.814078
0.984045 0.009618 0.006337
0.799712 0.125536 0.074752
0.920431 0.012425 0.067144
0.984273 0.011790 0.003936
0.699709 0.077227 0.223064
0.489376 0.506590 0.004034
0.975099 0.012762 0.012140
0.001424 0.014908 0.983668
0.984482 0.013363 0.002155
0.981926 0.013413 0.004661
0.024140 0.021718 0.954142
0.971597 0.026446 0.001958
0.000251 0.010624 0.989125
0.837290 0.118988 0.043722
0.966862 0.013252 0.019886
0.268208 0.048017 0.683774
0.857425 0.019318 0.123257
0.811932 0.136961 0.051106
0.969491 0.013364 0.017145
0.794206 0.019946 0.185848
0.310546 0.050274 0.639181
0.969868 0.010027 0.020105
0.953251 0.011564 0.035185
0.983421 0.010743 0.005836
0.870217 0.021550 0.108233
0.007782 0.019794 0.972425
0.941133 0.010615 0.048252
0.000002 0.006471 0.993527
0.017852 0.023613 0.958535
0.155066 0.032297 0.812637
0.634504 0.072586 0.292911
0.000199 0.014310 0.985491
0.000312 0.015902 0.983786
0.286042 0.049562 0.664396
0.000030 0.010395 0.989575
0.957308 0.012182 0.030510
0.975782 0.009230 0.014988
0.984353 0.011217 0.004430
0.869292 0.095939 0.034769
0.853639 0.014157 0.132204
0.000011 0.009352 0.990637
0.907478 0.061632 0.030890
0.977978 0.020404 0.001618
0.693263 0.110724 0.196013
0.966612 0.022080 0.011308
0.836799 0.108230 0.054971
0.000331 0.013177 0.986492
0.084273 0.031851 0.883877
0.085149 0.029740 0.885111
0.857081 0.013994 0.128925
0.000001 0.006027 0.993973
0.862878 0.013598 0.123524
0.936220 0.013956 0.049825
0.723301 0.075131 0.201569
0.926519 0.011272 0.062210
0.978776 0.015243 0.005981
0.976067 0.014722 0.009210
0.000815 0.014922 0.984263
0.402045 0.071467 0.526487
0.949654 0.010712 0.039634
0.030024 0.035654 0.934322
0.959407 0.012541 0.028052
0.327436 0.041825 0.630739
0.132398 0.035253 0.832349
0.000412 0.015187 0.984401
0.212482 0.031171 0.756347
0.535147 0.038782 0.426071
0.986310 0.008663 0.005027
0.975027 0.009444 0.015529
0.925327 0.013156 0.061517
0.167174 0.037691 0.795136
0.510473 0.070007 0.419519
0.930565 0.013925 0.055509
0.000077 0.010407 0.989516
0.000864 0.012542 0.986594
0.001774 0.013583 0.984644
0.536393 0.071624 0.391983
0.071828 0.029931 0.898241
0.012755 0.024576 0.962669
0.986525 0.010709 0.002765
0.443392 0.067991 0.488617
0.751415 0.057026 0.191559
0.693699 0.081309 0.224992
0.980919 0.008942 0.010139
0.860558 0.013673 0.125770
0.982659 0.013966 0.003376
0.717063 0.075340 0.207597
0.981633 0.009126 0.009241
0.924837 0.011172 0.063991
0.020239 0.979028 0.000733
0.983924 0.015013 0.001063
0.000567 0.015899 0.983533
0.982121 0.009773 0.008106
0.000042 0.009786 0.990172
0.981006 0.009204 0.009791
0.887673 0.092174 0.020153
0.574634 0.083200 0.342166
0.978781 0.020261 0.000958
0.670295 0.087491 0.242214
0.967837 0.028732 0.003431
0.728697 0.075968 0.195334
0.931385 0.011518 0.057097
0.971466 0.009768 0.018766
0.062554 0.039011 0.898436
0.962615 0.012590 0.024795
0.002616 0.017354 0.980030
0.982830 0.013126 0.004044
0.943694 0.055936 0.000370
0.984001 0.011074 0.004924
0.975206 0.009200 0.015594
0.983351 0.016136 0.000513
0.985120 0.009621 0.005259
0.052929 0.028469 0.918602
0.544854 0.426555 0.028591
0.956435 0.026901 0.016664
0.648289 0.018092 0.333619
0.943832 0.012239 0.043929
0.971198 0.010226 0.018577
0.981694 0.008519 0.009787
0.972475 0.026706 0.000820
0.003665 0.020312 0.976023
0.930495 0.011715 0.057790
0.019893 0.023047 0.957060
0.913083 0.014699 0.072218
0.807307 0.129170 0.063522
0.796639 0.014678 0.188684
0.985445 0.013207 0.001347
0.841682 0.144130 0.014188
0.766502 0.030561 0.202937
0.812874 0.135820 0.051306
0.981144 0.013381 0.005476
0.538950 0.082714 0.378337
0.004246 0.022684 0.973070
0.922725 0.011214 0.066060
0.985115 0.009292 0.005592
0.801127 0.025212 0.173661
0.924224 0.010685 0.065091
0.932383 0.011291 0.056326
0.827530 0.172141 0.000330
0.930080 0.011176 0.058744
0.908451 0.011645 0.079904
0.896436 0.096108 0.007456
0.650999 0.340170 0.008831
0.065980 0.028099 0.905921
0.806084 0.016431 0.177485
0.002694 0.017201 0.980105
0.980454 0.008570 0.010976
0.969351 0.010311 0.020338
0.884480 0.045435 0.070085
0.979956 0.019242 0.000802
0.933936 0.063195 0.002869
0.821433 0.105035 0.073532
0.880686 0.024162 0.095151
0.940440 0.034019 0.025541
0.979282 0.016338 0.004380
0.832693 0.162754 0.004553
0.979869 0.013502 0.006628
0.962064 0.012651 0.025285
0.962682 0.026050 0.011268
0.000482 0.011573 0.987944
0.005315 0.022038 0.972647
0.957248 0.012073 0.030679
0.535309 0.077298 0.387393
0.643281 0.059420 0.297299
0.950859 0.042397 0.006745
0.983031 0.009102 0.007867
0.983221 0.010513 0.006266
0.977769 0.014689 0.007542
0.707427 0.026028 0.266546
0.975938 0.013626 0.010436
0.957410 0.023863 0.018726
0.984136 0.013761 0.002103
0.963900 0.012988 0.023112
0.278373 0.024826 0.696802
0.973100 0.013355 0.013546
0.683872 0.114374 0.201754
0.979274 0.020567 0.000159
0.943777 0.012740 0.043483
0.958451 0.012137 0.029411
0.979660 0.018708 0.001632
0.000008 0.008346 0.991646
0.973656 0.013719 0.012625
0.980884 0.013243 0.005873
0.948434 0.025864 0.025702
0.000014 0.007763 0.992223
0.973060 0.021256 0.005684
0.985218 0.009846 0.004936
0.880070 0.024203 0.095726
0.460957 0.031350 0.507693
0.629311 0.074063 0.296626
0.979483 0.013762 0.006755
0.948349 0.012401 0.039250
0.841018 0.063670 0.095311
0.961227 0.012496 0.026277
0.980281 0.008579 0.011140
0.982092 0.014897 0.003012
0.953596 0.011933 0.034471
0.941396 0.029924 0.028680
0.974577 0.009537 0.015886
0.551426 0.435259 0.013314
0.957469 0.012391 0.030140
0.949733 0.011966 0.038301
0.520420 0.067853 0.411727
0.440108 0.025099 0.534793
0.981528 0.009648 0.008825
0.974365 0.013477 0.012158
0.981065 0.013335 0.005601
0.000000 0.004462 0.995538
0.968002 0.013391 0.018607
0.002286 0.019874 0.977840
0.009523 0.017346 0.973131
0.927511 0.011274 0.061215
0.008511 0.025967 0.965522
0.969476 0.030340 0.000184
0.981585 0.015012 0.003403
0.976477 0.009633 0.013891
0.982152 0.014353 0.003496
0.958262 0.039315 0.002424
0.754195 0.125544 0.120261
0.436241 0.025400 0.538359
0.070848 0.047270 0.881882
0.984540 0.009680 0.005780
0.978897 0.008789 0.012314
0.000645 0.014893 0.984462
0.984249 0.014043 0.001708
0.806685 0.081784 0.111531
0.954146 0.014022 0.031832
0.003628 0.015347 0.981025
0.016950 0.033601 0.949449
0.975354 0.020972 0.003675
0.565983 0.034877 0.399140
0.811633 0.081372 0.106994
0.983503 0.010751 0.005746
0.727712 0.075868 0.196420
0.000010 0.007327 0.992663
0.917646 0.018638 0.063716
0.868350 0.018743 0.112908
0.695658 0.107245 0.197097
0.335028 0.070207 0.594765
0.045960 0.028879 0.925161
0.879845 0.024911 0.095243
0.982933 0.014502 0.002565
0.948479 0.012283 0.039237
0.984492 0.013564 0.001944
0.963583 0.010424 0.025993
0.527703 0.071187 0.401109
0.097362 0.047274 0.855364
0.960712 0.011028 0.028260
0.971721 0.009457 0.018822
0.005288 0.025515 0.969197
0.973463 0.010282 0.016255
0.948790 0.010932 0.040277
0.055638 0.031125 0.913236
0.399066 0.593817 0.007117
0.724182 0.272375 0.003443
0.983567 0.015235 0.001198
0.625120 0.085798 0.289082
0.422887 0.029088 0.548025
0.035958 0.021140 0.942902
0.981140 0.013319 0.005541
0.985269 0.013767 0.000964
0.929299 0.011184 0.059517
0.979816 0.008812 0.011372
0.948541 0.013304 0.038155
0.108268 0.034032 0.857700
0.004851 0.021281 0.973869
0.978283 0.009574 0.012143
0.624409 0.034697 0.340894
0.088314 0.036982 0.874704
0.076897 0.032646 0.890457
0.977899 0.017146 0.004955
0.770966 0.026971 0.202063
0.975647 0.012768 0.011585
0.982064 0.016615 0.001321
0.972908 0.012832 0.014260
0.932372 0.014184 0.053444
0.887418 0.050343 0.062239
0.964470 0.012939 0.022591
0.019989 0.027321 0.952690
0.020455 0.021693 0.957852
0.371581 0.066102 0.562317
0.010811 0.016450 0.972739
0.014272 0.031405 0.954322
0.807696 0.134708 0.057596
0.917785 0.020080 0.062134
0.817134 0.135535 0.047331
0.968552 0.009883 0.021565
0.605783 0.081523 0.312695
0.983550 0.013554 0.002896
0.848791 0.012515 0.138694
0.013887 0.022712 0.963401
0.707166 0.029961 0.262873
0.982126 0.010161 0.007714
0.834306 0.130736 0.034958
0.230001 0.036822 0.733177
0.741340 0.209946 0.048714
0.753427 0.017590 0.228983
0.945914 0.012275 0.041811
0.984987 0.013713 0.001300
0.948979 0.012051 0.038970
0.911877 0.010852 0.077271
0.755893 0.077071 0.167036
0.000000 0.005620 0.994380
0.980409 0.014546 0.005045
0.971998 0.014135 0.013866
0.114229 0.885736 0.000035
0.767347 0.017177 0.215476
0.931785 0.067109 0.001106
0.000008 0.006555 0.993437
0.005490 0.021424 0.973086
0.327176 0.050767 0.622057
0.000463 0.014838 0.984699
0.948505 0.049171 0.002324
0.000183 0.010225 0.989592
0.843621 0.147475 0.008904
0.857593 0.015201 0.127205
0.000415 0.016536 0.983049
0.421189 0.060138 0.518673
0.000009 0.008157 0.991834
0.060632 0.029207 0.910161
0.978979 0.015282 0.005740
0.984409 0.010079 0.005512
0.097899 0.046072 0.856029
0.009834 0.023134 0.967032
0.000107 0.013309 0.986585
0.119048 0.034194 0.846759
0.638929 0.021683 0.339388
0.979709 0.008739 0.011552
0.957167 0.011123 0.031710
0.949052 0.011968 0.038980
0.978427 0.020650 0.000923
0.297662 0.048097 0.654241
0.396340 0.058864 0.544796
0.975490 0.009317 0.015193
0.984590 0.009955 0.005455
0.985775 0.008611 0.005614
0.950486 0.012135 0.037379
0.916353 0.016102 0.067545
0.911900 0.011036 0.077064
0.865283 0.013564 0.121153
0.640181 0.018137 0.341682
0.008221 0.020798 0.970981
0.537415 0.430335 0.032251
0.982143 0.013735 0.004121
0.000117 0.015850 0.984033
0.976049 0.011191 0.012761
0.967948 0.010906 0.021146
0.978290 0.021623 0.000087
0.597991 0.370506 0.031504
0.978276 0.009382 0.012342
0.956868 0.011151 0.031981
0.914168 0.049926 0.035906
0.559598 0.036589 0.403813
0.975636 0.011185 0.013179
0.142622 0.030037 0.827341
0.985183 0.009652 0.005165
0.867683 0.018570 0.113747
0.940388 0.026401 0.033210
0.965257 0.010192 0.024551
0.031223 0.025588 0.943188
0.000001 0.003852 0.996147
0.982427 0.008666 0.008907
0.589404 0.018175 0.392422
0.975581 0.016944 0.007475
0.983578 0.012509 0.003913
0.825421 0.053574 0.121005
0.004750 0.020814 0.974436
0.981162 0.013281 0.005557
0.862155 0.069327 0.068518
0.835720 0.161630 0.002650
0.650769 0.019487 0.329744
0.984555 0.013349 0.002096
0.981013 0.015911 0.003076
0.714618 0.283392 0.001990
0.982370 0.016515 0.001115
0.586799 0.024093 0.389109
0.977338 0.022008 0.000655
0.001018 0.015571 0.983411
0.956447 0.011295 0.032257
0.005051 0.016996 0.977953
0.879620 0.011927 0.108453
0.000563 0.017566 0.981871
0.038201 0.027197 0.934602
0.973265 0.009531 0.017204
0.974964 0.010066 0.014970
0.007585 0.028839 0.963577
0.892279 0.017010 0.090711
0.968178 0.009862 0.021960
0.858601 0.015615 0.125784
0.961226 0.012497 0.026277
0.042173 0.020989 0.936838
0.000044 0.008709 0.991247
0.000596 0.012656 0.986748
0.956170 0.041186 0.002644
0.946621 0.012512 0.040867
0.015621 0.024457 0.959922
0.261186 0.042488 0.696327
0.000013 0.006872 0.993115
0.985225 0.008506 0.006269
0.944538 0.052989 0.002474
0.909307 0.015016 0.075677
0.637388 0.073912 0.288701
0.000632 0.016731 0.982637
0.970118 0.011664 0.018218
0.968493 0.013387 0.018120
0.790961 0.016189 0.192851
0.000200 0.012656 0.987144
0.006668 0.026786 0.966546
0.966324 0.012969 0.020707
