0.003719 0.975206 0.021076
0.886082 0.102121 0.011798
0.934458 0.050151 0.015391
0.977957 0.007552 0.014491
0.067080 0.905080 0.027839
0.954338 0.035176 0.010486
0.858897 0.123517 0.017586
0.000701 0.986465 0.012833
0.210310 0.731482 0.058208
0.051670 0.900781 0.047549
0.887782 0.099514 0.012703
0.550508 0.373449 0.076043
0.000054 0.989194 0.010752
0.312242 0.630628 0.057130
0.971296 0.019682 0.009022
0.553851 0.410122 0.036028
0.020002 0.953600 0.026399
0.000147 0.986783 0.013070
0.946013 0.039755 0.014232
0.979188 0.010935 0.009878
0.976010 0.009615 0.014375
0.852567 0.007021 0.140412
0.630459 0.256068 0.113473
0.973245 0.008922 0.017833
0.808386 0.046522 0.145092
0.979990 0.006142 0.013867
0.975075 0.012398 0.012527
0.000102 0.986916 0.012982
0.975533 0.011259 0.013208
0.968554 0.020995 0.010452
0.919967 0.015825 0.064208
0.748008 0.142723 0.109269
0.054730 0.900457 0.044813
0.657007 0.258853 0.084140
0.605578 0.053534 0.340888
0.000047 0.988659 0.011294
0.898545 0.067103 0.034352
0.948967 0.039640 0.011393
0.785873 0.071812 0.142315
0.963501 0.026584 0.009914
0.973443 0.017666 0.008891
0.001939 0.977570 0.020490
0.979010 0.004872 0.016118
0.966800 0.011264 0.021937
0.972841 0.016837 0.010322
0.944639 0.042755 0.012606
0.858756 0.127567 0.013678
0.000353 0.981584 0.018062
0.944376 0.029743 0.025881
0.967633 0.022795 0.009572
0.599033 0.377878 0.023089
0.974762 0.015868 0.009370
0.975675 0.010578 0.013747
0.878391 0.017322 0.104287
0.973037 0.011504 0.015459
0.779317 0.150648 0.070035
0.103462 0.855995 0.040543
0.964060 0.023797 0.012143
0.020208 0.954295 0.025497
0.477773 0.485011 0.037216
0.165684 0.789074 0.045242
0.652232 0.250175 0.097593
0.956174 0.033357 0.010468
0.690220 0.176356 0.133425
0.977328 0.008313 0.014360
0.978188 0.005154 0.016657
0.961048 0.028929 0.010023
0.976751 0.012688 0.010561
0.364403 0.605937 0.029660
0.975716 0.014810 0.009474
0.597391 0.373053 0.029556
0.919549 0.066732 0.013719
0.392127 0.535950 0.071923
0.938240 0.049814 0.011947
0.977385 0.013147 0.009468
0.979023 0.011925 0.009052
0.948791 0.008138 0.043071
0.976973 0.011178 0.011849
0.661695 0.252045 0.086260
0.945787 0.042345 0.011868
0.796439 0.186565 0.016996
0.002578 0.975684 0.021738
0.930927 0.056253 0.012821
0.000002 0.994306 0.005693
0.196448 0.768613 0.034940
0.933424 0.028638 0.037938
0.963161 0.026647 0.010193
0.871461 0.116161 0.012378
0.979335 0.006854 0.013811
0.829332 0.157066 0.013601
0.975771 0.006425 0.017804
0.977976 0.011776 0.010248
0.000002 0.993352 0.006646
0.702952 0.194119 0.102929
0.001624 0.005344 0.993033
0.005641 0.973691 0.020668
0.000000 0.997157 0.002843
0.930174 0.057114 0.012712
0.964125 0.012403 0.023472
0.764453 0.201179 0.034368
0.947994 0.037553 0.014453
0.000003 0.994056 0.005941
0.966578 0.006704 0.026717
0.963843 0.010518 0.025639
0.680943 0.299116 0.019942
0.033750 0.939628 0.026622
0.960109 0.010992 0.028899
0.038863 0.005776 0.955361
0.963784 0.020368 0.015848
0.012326 0.956277 0.031397
0.920096 0.067943 0.011961
0.003776 0.977785 0.018440
0.889698 0.094344 0.015958
0.890847 0.014462 0.094692
0.973929 0.010145 0.015926
0.495905 0.396472 0.107623
0.595308 0.337871 0.066821
0.977041 0.009136 0.013822
0.000000 0.996647 0.003352
0.439905 0.485780 0.074314
0.002235 0.982090 0.015675
0.970401 0.016994 0.012605
0.956559 0.005797 0.037645
0.964468 0.013950 0.021582
0.856258 0.124819 0.018923
0.971262 0.019848 0.008890
0.981369 0.003609 0.015022
0.015753 0.962561 0.021686
0.869565 0.118494 0.011941
0.699359 0.275287 0.025354
0.932424 0.055054 0.012522
0.974870 0.016260 0.008870
0.718501 0.265014 0.016485
0.963865 0.021456 0.014680
0.162456 0.801155 0.036389
0.001548 0.983650 0.014802
0.955871 0.033400 0.010729
0.974400 0.007823 0.017778
0.959448 0.026060 0.014493
0.978168 0.011113 0.010719
0.955591 0.034165 0.010244
0.944874 0.041699 0.013427
0.097750 0.871030 0.031220
0.946059 0.039710 0.014231
0.966854 0.022623 0.010523
0.968600 0.021703 0.009698
0.595118 0.278946 0.125935
0.015206 0.960074 0.024719
0.719412 0.262040 0.018548
0.952037 0.037299 0.010664
0.976923 0.013116 0.009962
0.000770 0.980002 0.019228
0.915210 0.013167 0.071623
0.937186 0.049244 0.013570
0.919826 0.067095 0.013079
0.553317 0.364376 0.082307
0.945350 0.038898 0.015752
0.969964 0.020776 0.009261
0.975153 0.015754 0.009093
0.930684 0.056702 0.012614
0.891890 0.095396 0.012714
0.953784 0.035008 0.011207
0.976635 0.007284 0.016081
0.013623 0.961449 0.024928
0.978716 0.012016 0.009268
0.000830 0.984887 0.014282
0.485775 0.473460 0.040765
0.940881 0.045571 0.013548
0.979640 0.010564 0.009796
0.024865 0.948551 0.026584
0.971527 0.019361 0.009112
0.921904 0.067524 0.010572
0.903951 0.078995 0.017054
0.000010 0.993183 0.006807
0.060780 0.905289 0.033931
0.606625 0.157437 0.235938
0.967225 0.016937 0.015838
0.965736 0.012081 0.022183
0.017887 0.945102 0.037010
0.640628 0.343460 0.015912
0.977196 0.011203 0.011601
0.905089 0.080516 0.014395
0.975780 0.012117 0.012102
0.552201 0.330784 0.117015
0.967508 0.007041 0.025450
0.000258 0.983358 0.016383
0.976855 0.006832 0.016314
0.966355 0.007158 0.026487
0.137450 0.803818 0.058733
0.374628 0.602613 0.022760
0.890828 0.037610 0.071563
0.015840 0.948728 0.035432
0.973941 0.016719 0.009340
0.922719 0.066400 0.010881
0.978121 0.005719 0.016160
0.792895 0.187901 0.019204
0.897647 0.086655 0.015698
0.974933 0.016118 0.008949
0.722759 0.144570 0.132671
0.661267 0.170715 0.168017
0.950446 0.034999 0.014555
0.969660 0.020746 0.009594
0.919560 0.069086 0.011355
0.962463 0.022604 0.014933
0.980230 0.004087 0.015683
0.612952 0.352258 0.034791
0.962194 0.023156 0.014650
0.971370 0.004110 0.024520
0.008356 0.968480 0.023164
0.967103 0.018442 0.014455
0.000119 0.988652 0.011229
0.978698 0.004826 0.016476
0.941569 0.040526 0.017905
0.000000 0.995364 0.004635
0.965058 0.025618 0.009324
0.899480 0.039004 0.061517
0.000433 0.987809 0.011759
0.912762 0.073243 0.013994
0.088892 0.879419 0.031689
0.972434 0.006116 0.021450
0.910152 0.008320 0.081528
0.976579 0.009579 0.013842
0.187791 0.773810 0.038399
0.000006 0.992686 0.007308
0.966574 0.018930 0.014496
0.941246 0.045729 0.013025
0.000861 0.984835 0.014304
0.545160 0.337405 0.117435
0.652197 0.159431 0.188372
0.000120 0.985289 0.014590
0.976597 0.008850 0.014552
0.560583 0.407324 0.032092
0.539693 0.387430 0.072877
0.952114 0.037212 0.010674
0.817711 0.168683 0.013606
0.670899 0.235925 0.093176
0.968492 0.007338 0.024170
0.785503 0.158960 0.055537
0.678915 0.288597 0.032488
0.360331 0.608265 0.031404
0.970522 0.013852 0.015626
0.000142 0.989039 0.010819
0.959522 0.029497 0.010980
0.082716 0.881120 0.036165
0.977106 0.013693 0.009200
0.974979 0.010403 0.014618
0.944872 0.001870 0.053258
0.573372 0.383518 0.043110
0.505906 0.468223 0.025871
0.965871 0.019640 0.014489
0.163193 0.780300 0.056507
0.001578 0.008479 0.989943
0.377440 0.559088 0.063472
0.907827 0.080127 0.012046
0.957946 0.027571 0.014482
0.929004 0.005547 0.065449
0.483452 0.479344 0.037203
0.959552 0.010679 0.029770
0.974949 0.015607 0.009445
0.974024 0.017104 0.008872
0.912822 0.070182 0.016996
0.587549 0.338336 0.074115
0.664110 0.163136 0.172754
0.944411 0.044138 0.011451
0.009437 0.971433 0.019130
0.972397 0.013281 0.014322
0.962568 0.022665 0.014767
0.227609 0.707145 0.065246
0.957156 0.025911 0.016933
0.966781 0.018616 0.014604
0.000086 0.985622 0.014293
0.059151 0.903464 0.037385
0.960410 0.010615 0.028975
0.044028 0.916882 0.039090
0.977260 0.008758 0.013982
0.943293 0.043008 0.013699
0.376336 0.060837 0.562827
0.977519 0.007300 0.015180
0.969333 0.016308 0.014359
0.340772 0.634684 0.024545
0.450560 0.476405 0.073034
0.973665 0.006161 0.020173
0.308188 0.645804 0.046008
0.000018 0.989793 0.010190
0.968959 0.021078 0.009963
0.005902 0.967069 0.027030
0.936781 0.050535 0.012685
0.973944 0.012497 0.013559
0.945826 0.039353 0.014822
0.665366 0.156301 0.178332
0.933873 0.053889 0.012238
0.048021 0.918674 0.033304
0.923879 0.064320 0.011801
0.965819 0.019672 0.014508
0.014464 0.967866 0.017670
0.969838 0.015629 0.014533
0.832602 0.103846 0.063551
0.948658 0.040431 0.010911
0.946521 0.039144 0.014335
0.545893 0.418881 0.035226
0.117387 0.833968 0.048645
0.000002 0.994855 0.005143
0.974985 0.013637 0.011378
0.370562 0.569475 0.059963
0.732219 0.147000 0.120781
0.416107 0.510572 0.073322
0.977837 0.005291 0.016872
0.965639 0.005166 0.029195
0.958563 0.025314 0.016123
0.973181 0.017518 0.009301
0.881752 0.101422 0.016826
0.149148 0.808423 0.042429
0.677104 0.292363 0.030533
0.900101 0.071764 0.028135
0.553168 0.325371 0.121461
0.551461 0.021626 0.426913
0.493301 0.431419 0.075280
0.953889 0.022057 0.024055
0.000010 0.990449 0.009540
0.827684 0.159954 0.012362
0.940571 0.047751 0.011677
0.968591 0.012079 0.019330
0.925449 0.017860 0.056691
0.960198 0.026560 0.013242
0.531739 0.439723 0.028539
0.971929 0.011802 0.016268
0.935930 0.048815 0.015255
0.391948 0.580728 0.027324
0.004554 0.974829 0.020617
0.972768 0.010726 0.016506
0.557069 0.398821 0.044110
0.955007 0.026095 0.018898
0.744039 0.227242 0.028719
0.079398 0.881183 0.039419
0.979119 0.003573 0.017308
0.932615 0.055008 0.012377
0.966763 0.023234 0.010003
0.421903 0.550517 0.027580
0.006844 0.973218 0.019937
0.963713 0.003852 0.032435
0.958785 0.011576 0.029639
0.898571 0.090789 0.010640
0.187805 0.773534 0.038660
0.936983 0.042203 0.020814
0.969632 0.021095 0.009272
0.973508 0.003817 0.022675
0.935698 0.052241 0.012060
0.000005 0.994438 0.005558
0.490017 0.484071 0.025912
0.003024 0.978509 0.018468
0.000013 0.989710 0.010278
0.974882 0.016287 0.008831
0.930901 0.056422 0.012677
0.000052 0.987847 0.012101
0.008096 0.970338 0.021566
0.820898 0.164563 0.014539
0.871127 0.112425 0.016448
0.961135 0.022914 0.015951
0.000201 0.985413 0.014387
0.010537 0.956405 0.033057
0.000275 0.991161 0.008564
0.908491 0.076981 0.014529
0.000574 0.003674 0.995752
0.196455 0.755785 0.047760
0.000084 0.989531 0.010385
0.001079 0.981499 0.017422
0.878563 0.108190 0.013247
0.969637 0.010148 0.020215
0.960314 0.021755 0.017931
0.977718 0.012285 0.009997
0.963716 0.009900 0.026384
0.000197 0.986549 0.013255
0.979378 0.004904 0.015718
0.953435 0.035921 0.010644
0.607909 0.292082 0.100008
0.919135 0.070191 0.010674
0.061101 0.910366 0.028533
0.480581 0.478741 0.040678
0.861664 0.120738 0.017598
0.909797 0.078773 0.011430
0.000004 0.991484 0.008512
0.774070 0.180893 0.045038
0.730584 0.104130 0.165286
0.960356 0.006654 0.032990
0.000072 0.988878 0.011049
0.838410 0.147319 0.014271
0.003400 0.975508 0.021092
0.975906 0.010144 0.013950
0.973017 0.018025 0.008958
0.939495 0.047333 0.013172
0.969592 0.020415 0.009993
0.924010 0.064279 0.011712
0.975899 0.006015 0.018086
0.965193 0.019942 0.014865
0.933455 0.054012 0.012532
0.976087 0.010513 0.013401
0.542520 0.382994 0.074486
0.641207 0.266215 0.092577
0.976422 0.010972 0.012605
0.460094 0.465563 0.074342
0.975344 0.008571 0.016085
0.672053 0.239698 0.088250
0.588510 0.330784 0.080707
0.000165 0.988954 0.010881
0.975893 0.015010 0.009097
0.976570 0.013777 0.009653
0.936493 0.048843 0.014665
0.950629 0.038466 0.010905
0.972868 0.005813 0.021319
0.000831 0.988311 0.010858
0.699956 0.069036 0.231007
0.902391 0.085942 0.011668
0.505276 0.392291 0.102433
0.044537 0.928227 0.027236
0.511803 0.379194 0.109003
0.000158 0.986730 0.013112
0.970316 0.019792 0.009892
0.955829 0.033914 0.010257
0.624981 0.239504 0.135516
0.001020 0.981738 0.017242
0.977826 0.011046 0.011128
0.764678 0.178511 0.056812
0.963777 0.019874 0.016350
0.633369 0.347146 0.019486
0.974952 0.011861 0.013187
0.968033 0.003645 0.028322
0.119974 0.846843 0.033182
0.927002 0.061468 0.011530
0.884004 0.099677 0.016319
0.000007 0.993507 0.006486
0.003854 0.976169 0.019977
0.000742 0.984721 0.014537
0.975301 0.010122 0.014577
0.970999 0.008789 0.020212
0.226176 0.722339 0.051485
0.961222 0.028857 0.009921
0.000000 0.996780 0.003219
0.896907 0.081505 0.021588
0.001462 0.978478 0.020060
0.823084 0.164084 0.012832
0.000003 0.991637 0.008359
0.002119 0.975192 0.022689
0.000014 0.991472 0.008515
0.977363 0.011010 0.011627
0.964467 0.020388 0.015145
0.976360 0.009449 0.014191
0.967565 0.023309 0.009126
0.575790 0.347885 0.076325
0.418755 0.556668 0.024577
0.624350 0.338761 0.036889
0.876334 0.111448 0.012218
0.627179 0.236764 0.136057
0.960267 0.018557 0.021176
0.952602 0.032337 0.015061
0.968563 0.022348 0.009089
0.000055 0.988018 0.011927
0.960298 0.018393 0.021309
0.520811 0.442023 0.037166
0.973297 0.007314 0.019389
0.977626 0.010909 0.011465
0.974486 0.002349 0.023166
0.972108 0.010029 0.017862
0.955537 0.032697 0.011766
0.967240 0.023505 0.009255
0.000043 0.988241 0.011716
0.967715 0.023126 0.009158
0.670058 0.186518 0.143424
0.084319 0.890487 0.025194
0.713097 0.239724 0.047179
0.968059 0.022521 0.009420
0.935080 0.052355 0.012565
0.002393 0.977699 0.019907
0.577919 0.347215 0.074866
0.930928 0.056714 0.012359
0.289572 0.661096 0.049332
0.000023 0.991089 0.008888
0.922847 0.059072 0.018081
0.031460 0.929106 0.039434
0.000009 0.995782 0.004210
0.000001 0.994256 0.005743
0.967370 0.020632 0.011998
0.977471 0.011925 0.010604
0.400655 0.573611 0.025734
0.341014 0.600393 0.058592
0.973314 0.007666 0.019020
0.025978 0.942222 0.031800
0.241793 0.010796 0.747411
0.000403 0.983859 0.015738
0.442611 0.471253 0.086136
0.058957 0.896387 0.044657
0.976717 0.012851 0.010432
0.956861 0.032983 0.010156
0.000195 0.989324 0.010481
0.000514 0.984956 0.014530
0.970274 0.010590 0.019136
0.652941 0.258056 0.089003
0.000122 0.985061 0.014817
0.464040 0.506324 0.029636
0.000040 0.988324 0.011636
0.791584 0.195588 0.012828
0.938249 0.046534 0.015217
0.808806 0.081576 0.109618
0.015459 0.968673 0.015868
0.935894 0.048883 0.015223
0.046786 0.925568 0.027646
0.974724 0.009936 0.015341
0.963331 0.012066 0.024603
0.011118 0.965142 0.023740
0.013800 0.966950 0.019250
0.000389 0.987976 0.011635
0.977494 0.006955 0.015551
0.045976 0.907578 0.046446
0.981155 0.003160 0.015685
0.051678 0.907930 0.040392
0.836756 0.150272 0.012972
0.977628 0.011056 0.011316
0.370950 0.558279 0.070771
0.317764 0.629937 0.052299
0.723554 0.125016 0.151430
0.780553 0.203575 0.015872
0.909129 0.078625 0.012246
0.970904 0.014752 0.014344
0.943039 0.035074 0.021887
0.165833 0.796220 0.037947
0.001233 0.985118 0.013649
0.978325 0.006478 0.015197
0.958772 0.010813 0.030416
0.973862 0.011370 0.014768
0.410843 0.515425 0.073732
0.969976 0.015267 0.014757
0.005819 0.974646 0.019535
0.974251 0.015019 0.010730
0.004548 0.973093 0.022358
0.936296 0.050870 0.012834
0.170014 0.063791 0.766195
0.737464 0.237297 0.025239
0.000620 0.982779 0.016601
0.968498 0.017037 0.014465
0.957346 0.027662 0.014992
0.004202 0.970229 0.025569
0.854555 0.132431 0.013014
0.978764 0.008344 0.012892
0.974431 0.014716 0.010854
0.978987 0.005696 0.015317
0.971801 0.012710 0.015489
0.822515 0.165496 0.011989
0.980662 0.008788 0.010550
0.458206 0.017028 0.524766
0.580285 0.341739 0.077977
0.904871 0.001883 0.093247
0.460389 0.466019 0.073592
0.980410 0.007796 0.011794
0.000576 0.981042 0.018382
0.974094 0.013321 0.012585
0.865837 0.121549 0.012614
0.842055 0.010051 0.147894
0.981161 0.004284 0.014555
0.901957 0.082629 0.015414
0.573747 0.009318 0.416935
0.972205 0.018307 0.009488
0.046400 0.914508 0.039092
0.949713 0.038182 0.012105
0.074399 0.014122 0.911479
0.038918 0.919662 0.041420
0.930271 0.036087 0.033643
0.905856 0.001862 0.092282
0.000324 0.985589 0.014087
0.526276 0.448436 0.025287
0.958741 0.031276 0.009984
0.960097 0.025118 0.014786
0.911323 0.071932 0.016745
0.965389 0.024657 0.009954
0.849471 0.137288 0.013240
0.415038 0.505120 0.079843
0.974425 0.010309 0.015266
0.977146 0.013391 0.009463
0.947188 0.038515 0.014297
0.777335 0.004239 0.218427
0.298343 0.642218 0.059439
0.967585 0.023285 0.009130
0.004168 0.974917 0.020915
0.000000 0.995159 0.004840
0.229494 0.707774 0.062732
0.000286 0.988220 0.011494
0.000005 0.991260 0.008735
0.912612 0.075804 0.011584
0.000654 0.986686 0.012660
0.958274 0.026938 0.014788
0.977506 0.012768 0.009726
0.967784 0.018360 0.013856
0.959550 0.010952 0.029499
0.967599 0.017040 0.015361
0.687504 0.284990 0.027506
0.946021 0.038581 0.015398
0.046615 0.926773 0.026612
0.000188 0.984321 0.015490
0.000174 0.000234 0.999592
0.965030 0.025418 0.009552
0.962133 0.010456 0.027411
0.975831 0.009009 0.015160
0.000602 0.987238 0.012161
0.952460 0.033050 0.014490
0.002595 0.983921 0.013484
0.877503 0.107889 0.014608
0.976882 0.011555 0.011563
0.524275 0.419713 0.056013
0.709524 0.197816 0.092661
0.975888 0.002981 0.021131
0.027373 0.930531 0.042096
0.975836 0.012416 0.011747
0.927340 0.060773 0.011887
0.973036 0.015472 0.011492
0.969161 0.010137 0.020702
0.006929 0.975044 0.018028
0.942950 0.045581 0.011469
0.971861 0.019096 0.009044
0.848228 0.118633 0.033139
0.977459 0.012726 0.009815
0.683413 0.150984 0.165603
0.928812 0.058221 0.012967
0.950325 0.034859 0.014816
0.976225 0.015114 0.008661
0.835347 0.149824 0.014829
0.959177 0.025775 0.015048
0.003794 0.977662 0.018544
0.120897 0.851954 0.027149
0.561291 0.033903 0.404807
0.000005 0.993879 0.006116
0.931185 0.056642 0.012173
0.967264 0.019093 0.013643
0.305211 0.645812 0.048976
0.977562 0.008399 0.014039
0.429806 0.526531 0.043663
0.000800 0.981597 0.017602
0.624534 0.266869 0.108597
0.012178 0.968971 0.018851
0.001184 0.982811 0.016005
0.973298 0.012480 0.014223
0.863007 0.123632 0.013360
0.961453 0.026768 0.011779
0.002314 0.973177 0.024509
0.955487 0.028589 0.015924
0.874267 0.103057 0.022675
0.936267 0.051186 0.012547
0.296744 0.639905 0.063351
0.000000 0.997836 0.002164
0.940546 0.046260 0.013195
0.932802 0.052510 0.014688
0.971221 0.007178 0.021601
0.284541 0.662216 0.053243
0.968364 0.017108 0.014529
0.779375 0.118501 0.102124
0.975294 0.011777 0.012929
0.967344 0.022842 0.009813
0.979560 0.008406 0.012034
0.370208 0.565427 0.064365
0.764035 0.055383 0.180583
0.977780 0.009149 0.013071
0.713106 0.145880 0.141014
0.694561 0.117566 0.187873
0.961317 0.028550 0.010133
0.883602 0.099978 0.016420
0.970393 0.009142 0.020465
0.000233 0.986117 0.013650
0.017035 0.945085 0.037880
0.910424 0.068217 0.021359
0.304000 0.630504 0.065496
0.551433 0.148274 0.300293
0.921086 0.067939 0.010975
0.939550 0.047982 0.012468
0.000382 0.986481 0.013137
0.173300 0.786017 0.040682
0.911455 0.076622 0.011923
0.961817 0.028358 0.009825
0.945105 0.041015 0.013881
0.974614 0.015766 0.009621
0.758729 0.227130 0.014141
0.733666 0.082738 0.183596
0.960759 0.024611 0.014630
0.940279 0.044739 0.014982
0.000216 0.988896 0.010888
0.000170 0.985891 0.013939
0.380152 0.546520 0.073328
0.814666 0.047398 0.137936
0.925592 0.062789 0.011619
0.002043 0.981258 0.016699
0.970541 0.016362 0.013098
0.914588 0.072742 0.012670
0.685431 0.215641 0.098929
0.083749 0.879113 0.037138
0.000061 0.990489 0.009450
0.915974 0.059572 0.024454
0.972496 0.013060 0.014444
0.001165 0.989093 0.009742
0.007415 0.965781 0.026804
0.961980 0.023052 0.014968
0.875914 0.086654 0.037432
0.812610 0.167660 0.019729
0.932642 0.054999 0.012360
0.081280 0.880960 0.037760
0.957285 0.027539 0.015176
0.334768 0.608301 0.056931
0.955203 0.005515 0.039282
0.297551 0.652156 0.050293
0.037992 0.916993 0.045015
0.655347 0.113892 0.230761
0.962300 0.016006 0.021694
0.002448 0.983497 0.014054
0.382601 0.558715 0.058684
0.836807 0.150083 0.013110
0.000070 0.991365 0.008566
0.088144 0.869419 0.042438
0.977384 0.012743 0.009873
0.266391 0.027463 0.706146
0.000000 0.994228 0.005772
0.934666 0.041303 0.024031
0.850096 0.136687 0.013217
0.002152 0.971186 0.026662
0.000148 0.989555 0.010298
0.949902 0.001865 0.048233
0.972639 0.018441 0.008920
0.628925 0.240840 0.130235
0.904298 0.067499 0.028203
0.980107 0.007755 0.012138
0.322351 0.633405 0.044244
0.956523 0.028593 0.014884
0.920435 0.068134 0.011431
0.456471 0.515313 0.028216
0.966744 0.015855 0.017401
0.844695 0.135124 0.020181
0.931644 0.050299 0.018057
0.001291 0.981051 0.017658
0.635651 0.339414 0.024935
0.000000 0.995165 0.004835
0.884229 0.081658 0.034114
0.937341 0.050658 0.012001
0.005518 0.983549 0.010932
0.976476 0.013010 0.010513
0.977078 0.013779 0.009143
0.600133 0.320468 0.079398
0.955267 0.029537 0.015197
0.069513 0.897859 0.032628
0.186709 0.770852 0.042439
0.948811 0.036441 0.014747
0.000000 0.996249 0.003751
0.000702 0.989720 0.009578
0.924678 0.053357 0.021965
0.909590 0.033439 0.056971
0.819043 0.169183 0.011774
0.291256 0.676226 0.032518
0.774867 0.208814 0.016319
0.944152 0.042126 0.013722
0.939448 0.003606 0.056945
0.744808 0.226279 0.028913
0.000014 0.991877 0.008108
0.724565 0.178134 0.097301
0.973862 0.004160 0.021978
0.967336 0.023479 0.009184
0.963138 0.022760 0.014102
0.000012 0.989444 0.010544
0.737024 0.245724 0.017251
0.954145 0.034890 0.010966
0.059665 0.062625 0.877710
0.959712 0.030335 0.009953
0.945461 0.042885 0.011654
0.919584 0.068637 0.011779
0.255655 0.703631 0.040714
0.974875 0.015261 0.009864
0.945841 0.042934 0.011224
0.825494 0.105883 0.068623
0.975458 0.013584 0.010958
0.954883 0.030490 0.014627
0.969515 0.012086 0.018399
0.971635 0.010229 0.018136
0.689681 0.291814 0.018505
0.744161 0.235687 0.020152
0.968660 0.010162 0.021178
0.792636 0.189981 0.017383
0.177502 0.780817 0.041681
0.609089 0.264992 0.125919
0.002202 0.980893 0.016905
0.884396 0.100084 0.015520
0.001132 0.985026 0.013843
0.722375 0.217699 0.059926
0.970964 0.003973 0.025063
0.918518 0.068163 0.013319
0.934988 0.052763 0.012249
0.004761 0.979443 0.015796
0.587113 0.335847 0.077040
0.226248 0.714522 0.059229
0.978044 0.001440 0.020516
0.000781 0.987276 0.011943
0.968655 0.007236 0.024109
0.018542 0.942728 0.038730
0.923544 0.065073 0.011384
0.934873 0.053571 0.011556
0.489330 0.411196 0.099474
0.871630 0.112522 0.015848
0.890867 0.096859 0.012273
0.009426 0.973068 0.017507
0.160413 0.798995 0.040591
0.955517 0.030137 0.014346
0.680618 0.228645 0.090738
0.117690 0.852465 0.029845
0.396370 0.536393 0.067237
0.967187 0.018286 0.014527
0.955062 0.026136 0.018801
0.973482 0.011508 0.015010
0.946976 0.038483 0.014541
0.857810 0.120697 0.021493
0.965334 0.011029 0.023637
0.945835 0.038739 0.015426
0.944092 0.044550 0.011358
0.086246 0.877296 0.036458
0.951467 0.027045 0.021488
0.972329 0.018472 0.009199
0.963490 0.027003 0.009507
0.432649 0.483770 0.083582
0.000091 0.987468 0.012441
0.973616 0.015350 0.011034
0.926795 0.012551 0.060654
0.574861 0.401588 0.023552
0.864336 0.117809 0.017855
0.138600 0.834878 0.026522
0.863561 0.116980 0.019459
0.976774 0.011087 0.012139
0.001559 0.984896 0.013545
0.000419 0.987306 0.012275
0.000298 0.986359 0.013343
0.919348 0.057537 0.023114
0.003028 0.976969 0.020002
0.000375 0.986886 0.012739
0.001016 0.983243 0.015741
0.561591 0.318680 0.119729
0.934044 0.050859 0.015096
0.430773 0.481286 0.087941
0.821335 0.000541 0.178124
0.099515 0.865568 0.034917
0.496529 0.478852 0.024619
0.973743 0.013887 0.012370
0.785614 0.198659 0.015727
0.953248 0.032777 0.013976
0.000003 0.991639 0.008358
0.012497 0.971223 0.016280
0.947882 0.036522 0.015595
0.903771 0.084828 0.011401
0.885500 0.006949 0.107551
0.670071 0.309533 0.020397
0.007073 0.963997 0.028930
0.004051 0.974651 0.021298
0.969189 0.021336 0.009475
0.973498 0.017486 0.009016
0.961775 0.028279 0.009946
0.968933 0.011589 0.019478
0.687665 0.169324 0.143011
0.232315 0.722749 0.044936
0.969973 0.021009 0.009018
0.111099 0.837527 0.051374
0.044507 0.927575 0.027918
0.660403 0.253343 0.086254
0.945316 0.040971 0.013713
0.960582 0.029145 0.010273
0.977085 0.011085 0.011830
0.966990 0.023223 0.009787
0.002754 0.977401 0.019845
0.954200 0.035042 0.010758
0.977782 0.013175 0.009043
0.000311 0.986038 0.013651
0.958808 0.031039 0.010152
0.972589 0.016571 0.010840
0.955586 0.034151 0.010263
0.901736 0.022684 0.075580
0.937379 0.049289 0.013332
0.959217 0.026986 0.013797
0.978577 0.007506 0.013917
0.963879 0.026107 0.010014
0.048546 0.925718 0.025736
0.000924 0.986368 0.012708
0.932943 0.040867 0.026190
0.972446 0.010991 0.016562
0.332697 0.627198 0.040105
0.955169 0.033701 0.011130
0.293384 0.668546 0.038070
0.964820 0.020374 0.014806
0.974249 0.016491 0.009260
0.909782 0.075584 0.014634
0.000000 0.996267 0.003733
0.955646 0.024343 0.020011
0.966951 0.022360 0.010689
0.248109 0.706397 0.045494
0.970574 0.020382 0.009044
0.801338 0.176398 0.022263
0.579879 0.384007 0.036114
0.707680 0.199198 0.093122
0.406575 0.519860 0.073565
0.048918 0.906944 0.044137
0.000382 0.986584 0.013034
0.521840 0.441950 0.036210
0.825162 0.161008 0.013831
0.915589 0.072210 0.012201
0.950215 0.019272 0.030513
0.154335 0.808601 0.037064
0.006080 0.976495 0.017426
0.971669 0.014728 0.013603
0.967900 0.017544 0.014556
0.387237 0.540404 0.072359
0.975597 0.015340 0.009063
0.973188 0.013491 0.013322
0.820264 0.167567 0.012169
0.582540 0.390580 0.026880
0.905008 0.077772 0.017219
0.971172 0.019878 0.008950
0.663361 0.132285 0.204354
0.898883 0.007010 0.094107
0.724597 0.140855 0.134548
0.938192 0.048768 0.013040
0.683849 0.161136 0.155015
0.974697 0.006850 0.018453
0.977961 0.011538 0.010501
0.111420 0.836827 0.051753
0.869802 0.115939 0.014259
0.971485 0.014264 0.014251
0.000019 0.991661 0.008320
0.000991 0.986403 0.012606
0.895403 0.093000 0.011596
0.971387 0.019759 0.008853
0.916459 0.070032 0.013509
0.016488 0.950905 0.032606
0.930807 0.054343 0.014849
0.974977 0.015732 0.009290
0.407709 0.530807 0.061483
0.659664 0.253926 0.086410
0.000623 0.986935 0.012443
0.908658 0.075802 0.015539
0.929259 0.054376 0.016365
0.012065 0.966481 0.021454
0.970798 0.020136 0.009066
0.452840 0.463487 0.083672
0.013037 0.965972 0.020991
0.917647 0.068985 0.013368
0.495363 0.402115 0.102523
0.065494 0.903123 0.031383
0.716223 0.252109 0.031669
0.344942 0.623941 0.031116
0.005271 0.974217 0.020512
0.412622 0.507335 0.080043
0.929974 0.057935 0.012091
0.959195 0.026134 0.014672
0.917937 0.068306 0.013757
0.779203 0.070354 0.150443
0.949030 0.036546 0.014423
0.934735 0.052906 0.012359
0.916662 0.071961 0.011378
0.010720 0.960361 0.028919
0.271434 0.678539 0.050026
0.470674 0.475844 0.053483
0.073437 0.899597 0.026966
0.740501 0.203781 0.055718
0.969294 0.016466 0.014240
0.632616 0.103501 0.263883
0.976855 0.008774 0.014372
0.896059 0.076118 0.027823
0.872108 0.003915 0.123976
0.000635 0.987031 0.012334
0.679410 0.236834 0.083756
0.676392 0.231041 0.092567
0.000919 0.981831 0.017249
0.026810 0.942868 0.030322
0.956938 0.032047 0.011015
0.939192 0.048995 0.011813
0.685928 0.173291 0.140782
0.977064 0.012103 0.010833
0.930106 0.001916 0.067977
0.908481 0.077510 0.014009
0.969707 0.007499 0.022794
0.317867 0.635498 0.046634
0.691402 0.131421 0.177178
0.033341 0.925400 0.041259
0.964106 0.026298 0.009596
0.137158 0.831084 0.031758
0.960901 0.022392 0.016706
0.611373 0.309333 0.079293
0.977273 0.012273 0.010454
0.763572 0.210675 0.025754
0.000237 0.985364 0.014399
0.007110 0.972824 0.020066
0.045397 0.928345 0.026258
0.266449 0.682363 0.051188
0.969679 0.021346 0.008975
0.970817 0.006814 0.022369
0.335803 0.085817 0.578380
0.949878 0.035429 0.014692
0.978833 0.006671 0.014496
0.487797 0.414483 0.097720
0.921001 0.064160 0.014839
0.967672 0.010615 0.021713
0.966903 0.007068 0.026029
0.962403 0.021494 0.016103
0.977480 0.012052 0.010468
0.855415 0.126042 0.018543
0.237313 0.700582 0.062104
0.914365 0.071432 0.014202
0.055651 0.914726 0.029623
0.947646 0.040897 0.011457
0.929127 0.048657 0.022217
0.000000 0.994305 0.005695
0.806972 0.172982 0.020045
0.948857 0.040159 0.010983
0.976206 0.014281 0.009513
0.881775 0.107069 0.011156
0.038920 0.935411 0.025669
0.908501 0.070178 0.021322
0.019038 0.951212 0.029750
0.956013 0.033759 0.010228
0.872464 0.068996 0.058540
0.966985 0.004071 0.028944
0.924325 0.062706 0.012969
0.717114 0.191138 0.091747
0.002081 0.979566 0.018353
0.977724 0.011863 0.010412
0.240615 0.729545 0.029840
0.976074 0.008644 0.015282
0.960570 0.025652 0.013778
0.005116 0.972374 0.022510
0.973731 0.016850 0.009419
0.935358 0.052394 0.012248
0.037726 0.938113 0.024161
0.884757 0.099113 0.016130
0.000069 0.990160 0.009771
0.006956 0.974929 0.018116
0.228134 0.713239 0.058626
0.036847 0.923425 0.039728
0.968567 0.012201 0.019231
0.916243 0.072384 0.011373
0.076723 0.901175 0.022102
0.586924 0.380037 0.033039
0.462766 0.435506 0.101728
0.188746 0.768864 0.042391
0.124037 0.838313 0.037650
0.111742 0.865139 0.023119
0.310746 0.622150 0.067104
0.005890 0.978352 0.015758
0.975255 0.011400 0.013344
0.917126 0.069209 0.013666
0.686375 0.298734 0.014890
0.889615 0.007588 0.102797
0.407380 0.516978 0.075643
0.959546 0.030481 0.009973
0.968902 0.020350 0.010748
0.976070 0.014550 0.009380
0.970087 0.015605 0.014309
0.961637 0.002401 0.035962
0.927361 0.061863 0.010776
0.011103 0.959806 0.029092
0.001316 0.979521 0.019163
0.975768 0.010189 0.014043
0.971910 0.018670 0.009420
0.859142 0.127660 0.013198
0.530175 0.382610 0.087215
0.894999 0.085842 0.019159
0.268541 0.685742 0.045716
0.576515 0.390119 0.033367
0.958104 0.027636 0.014261
0.962385 0.027457 0.010158
0.735381 0.168239 0.096379
0.929032 0.058467 0.012501
0.027520 0.945080 0.027400
0.978084 0.011425 0.010491
0.973059 0.014489 0.012452
0.012332 0.966637 0.021030
0.801559 0.125435 0.073006
0.119929 0.850874 0.029196
0.976372 0.013602 0.010026
0.656280 0.209421 0.134299
0.897367 0.089798 0.012835
0.976983 0.010494 0.012523
0.545248 0.382551 0.072201
0.376909 0.033317 0.589774
0.960801 0.025413 0.013786
0.000630 0.984913 0.014458
0.977483 0.008323 0.014194
0.972133 0.013502 0.014365
0.014646 0.963846 0.021508
0.962333 0.007905 0.029762
0.000107 0.990809 0.009084
0.728431 0.138854 0.132716
0.945955 0.039782 0.014263
0.202585 0.750573 0.046842
0.808180 0.170438 0.021382
0.677734 0.173739 0.148527
0.954227 0.032058 0.013715
0.753527 0.225542 0.020931
0.236750 0.714809 0.048441
0.953119 0.036271 0.010610
0.932012 0.055439 0.012549
0.975582 0.013123 0.011295
0.821506 0.157090 0.021404
0.004000 0.979742 0.016258
0.918163 0.071228 0.010609
0.000000 0.995198 0.004802
0.010158 0.966227 0.023616
0.121480 0.846095 0.032424
0.496185 0.430928 0.072887
0.000065 0.986915 0.013020
0.000103 0.985245 0.014652
0.216691 0.735286 0.048024
0.000007 0.992691 0.007302
0.936119 0.051308 0.012574
0.964488 0.025866 0.009646
0.977034 0.011116 0.011850
0.791247 0.103499 0.105254
0.825953 0.159397 0.014651
0.000003 0.992665 0.007332
0.838092 0.096193 0.065716
0.969947 0.007181 0.022872
0.519045 0.370842 0.110113
0.941754 0.034168 0.024079
0.727285 0.153717 0.118998
0.000132 0.988080 0.011789
0.057436 0.911009 0.031555
0.056429 0.914705 0.028865
0.826374 0.159224 0.014403
0.000000 0.995607 0.004393
0.834055 0.151863 0.014082
0.903558 0.081410 0.015032
0.592795 0.331953 0.075252
0.904507 0.084116 0.011377
0.967648 0.016598 0.015754
0.958355 0.025336 0.016309
0.000377 0.986396 0.013227
0.280074 0.651435 0.068491
0.927545 0.061771 0.010685
0.016897 0.949555 0.033548
0.938249 0.048628 0.013123
0.208553 0.750489 0.040958
0.093898 0.871445 0.034657
0.000154 0.985946 0.013901
0.167797 0.801640 0.030563
0.411342 0.546258 0.042400
0.979091 0.011981 0.008927
0.961187 0.028906 0.009907
0.895305 0.091068 0.013627
0.123943 0.839192 0.036866
0.392375 0.538365 0.069260
0.900454 0.084154 0.015392
0.000026 0.991063 0.008911
0.000428 0.988512 0.011060
0.000978 0.986916 0.012106
0.388722 0.547199 0.064079
0.049421 0.920808 0.029770
0.007535 0.969246 0.023218
0.980478 0.008292 0.011230
0.337320 0.596288 0.066392
0.632891 0.310330 0.056778
0.559926 0.356202 0.083872
0.971741 0.018978 0.009280
0.831455 0.154378 0.014167
0.974845 0.010044 0.015111
0.579692 0.342943 0.077365
0.972853 0.017653 0.009494
0.902806 0.085908 0.011287
0.008270 0.012346 0.979384
0.979341 0.004866 0.015793
0.000220 0.985155 0.014625
0.973655 0.016125 0.010220
0.000013 0.991716 0.008271
0.971987 0.018426 0.009586
0.829382 0.067963 0.102655
0.410094 0.515207 0.074699
0.973400 0.005073 0.021527
0.540114 0.369262 0.090625
0.955996 0.011513 0.032491
0.592839 0.328846 0.078315
0.909420 0.078899 0.011682
0.958929 0.030804 0.010267
0.031727 0.932348 0.035926
0.939793 0.047238 0.012969
0.001302 0.981973 0.016725
0.975063 0.010864 0.014073
0.929956 0.003700 0.066344
0.976465 0.011864 0.011671
0.963562 0.026814 0.009624
0.979557 0.003310 0.017133
0.977564 0.012431 0.010005
0.034199 0.937381 0.028420
0.392785 0.134354 0.472861
0.932624 0.039259 0.028117
0.601101 0.380193 0.018707
0.922596 0.064301 0.013103
0.958039 0.031288 0.010673
0.972753 0.018435 0.008813
0.966241 0.004484 0.029275
0.001598 0.981519 0.016884
0.910610 0.077475 0.011916
0.012141 0.964868 0.022991
0.883377 0.100736 0.015887
0.682777 0.174430 0.142793
0.762252 0.222664 0.015084
0.980242 0.005922 0.013836
0.757579 0.077819 0.164602
0.695295 0.272735 0.031970
0.687408 0.164268 0.148323
0.971537 0.014572 0.013891
0.365579 0.562260 0.072162
0.002041 0.976613 0.021346
0.900444 0.088215 0.011341
0.977898 0.012462 0.009640
0.733051 0.239432 0.027516
0.899215 0.090021 0.010765
0.910824 0.077750 0.011427
0.787533 0.003793 0.208674
0.908500 0.080215 0.011285
0.884228 0.103897 0.011875
0.861062 0.033932 0.105006
0.541040 0.056753 0.402207
0.047166 0.924844 0.027989
0.772298 0.210331 0.017371
0.001348 0.982908 0.015744
0.970941 0.020173 0.008885
0.954191 0.034992 0.010817
0.826231 0.126611 0.047157
0.975105 0.004321 0.020573
0.906495 0.015485 0.078020
0.702800 0.182721 0.114479
0.833552 0.141361 0.025087
0.897769 0.066093 0.036138
0.969862 0.012460 0.017677
0.771439 0.038313 0.190248
0.968075 0.017362 0.014563
0.942614 0.044005 0.013381
0.943261 0.029075 0.027664
0.000223 0.989714 0.010063
0.002330 0.977656 0.020014
0.936353 0.051161 0.012486
0.375323 0.552079 0.072598
0.526027 0.417705 0.056267
0.929209 0.026418 0.044373
0.974838 0.015710 0.009452
0.975307 0.013643 0.011050
0.964268 0.019907 0.015825
0.654838 0.319562 0.025601
0.962883 0.022504 0.014613
0.934003 0.041340 0.024657
0.977878 0.007672 0.014450
0.942887 0.043422 0.013691
0.233326 0.742522 0.024153
0.955995 0.029507 0.014498
0.487821 0.406436 0.105742
0.976799 0.001641 0.021560
0.915500 0.070774 0.013726
0.937516 0.049920 0.012564
0.972097 0.007083 0.020820
0.000002 0.993586 0.006412
0.955371 0.029509 0.015121
0.969112 0.016508 0.014380
0.924462 0.048295 0.027243
0.000004 0.993854 0.006142
0.957343 0.020049 0.022609
0.978127 0.011605 0.010268
0.832633 0.142229 0.025138
0.367593 0.601009 0.031398
0.489276 0.436336 0.074388
0.968205 0.017020 0.014775
0.925687 0.060992 0.013322
0.752041 0.181360 0.066599
0.940121 0.046796 0.013083
0.970690 0.020413 0.008897
0.974654 0.009488 0.015858
0.928124 0.058981 0.012896
0.904532 0.064865 0.030603
0.963154 0.026852 0.009994
0.408594 0.088955 0.502452
0.937095 0.049917 0.012988
0.926922 0.060032 0.013046
0.380749 0.558181 0.061069
0.350517 0.622638 0.026845
0.972367 0.017696 0.009937
0.958355 0.027044 0.014601
0.969677 0.015897 0.014426
0.000000 0.996502 0.003498
0.947273 0.038233 0.014494
0.001043 0.980367 0.018590
0.004825 0.978383 0.016792
0.905610 0.082985 0.011404
0.004394 0.971102 0.024505
0.964196 0.001977 0.033827
0.973363 0.010306 0.016331
0.965799 0.024122 0.010079
0.974182 0.010269 0.015549
0.940043 0.012108 0.047849
0.624454 0.240105 0.135441
0.378930 0.595653 0.025417
0.040528 0.915530 0.043942
0.977071 0.012856 0.010073
0.968712 0.022155 0.009133
0.000237 0.988327 0.011436
0.978637 0.006640 0.014723
0.677394 0.236801 0.085805
0.927509 0.057664 0.014827
0.001856 0.983102 0.015041
0.008492 0.959977 0.031531
0.964712 0.013464 0.021823
0.493488 0.470972 0.035540
0.695143 0.218569 0.086288
0.975702 0.012995 0.011304
0.594339 0.327439 0.078222
0.000002 0.993639 0.006359
0.880877 0.100061 0.019062
0.820734 0.158448 0.020817
0.518119 0.377978 0.103903
0.223628 0.709961 0.066411
0.024102 0.950265 0.025633
0.827856 0.146687 0.025457
0.975733 0.008776 0.015490
0.927640 0.059558 0.012802
0.978527 0.007252 0.014221
0.948040 0.040910 0.011050
0.404210 0.525331 0.070459
0.056481 0.901841 0.041678
0.940097 0.048163 0.011740
0.958485 0.031546 0.009969
0.002428 0.973531 0.024041
0.960689 0.028530 0.010781
0.926379 0.062630 0.010991
0.032923 0.938989 0.028088
0.264458 0.060370 0.675172
0.651863 0.026983 0.321154
0.978689 0.005324 0.015987
0.469455 0.448851 0.081694
0.361856 0.609027 0.029118
0.027135 0.953081 0.019784
0.969708 0.015868 0.014424
0.980988 0.004654 0.014358
0.907649 0.081057 0.011294
0.970148 0.020694 0.009158
0.926134 0.060048 0.013818
0.074689 0.891762 0.033549
0.002218 0.978379 0.019403
0.968322 0.021661 0.010017
0.509546 0.451724 0.038730
0.062546 0.901917 0.035537
0.052466 0.917594 0.029940
0.966191 0.015749 0.018061
0.682440 0.286542 0.031018
0.960857 0.025254 0.013889
0.976040 0.006328 0.017632
0.960366 0.026208 0.013427
0.901600 0.084370 0.014030
0.798509 0.148652 0.052839
0.943372 0.042868 0.013760
0.010315 0.965732 0.023954
0.011789 0.966732 0.021479
0.269538 0.666609 0.063854
0.006859 0.977017 0.016123
0.007221 0.963233 0.029546
0.669231 0.185516 0.145253
0.885310 0.093925 0.020766
0.671848 0.182530 0.145622
0.954495 0.035067 0.010438
0.478468 0.438407 0.083126
0.974981 0.010463 0.014556
0.826041 0.161244 0.012715
0.007663 0.969645 0.022691
0.609829 0.356390 0.033781
0.973320 0.016161 0.010519
0.719328 0.136162 0.144510
0.179622 0.784456 0.035921
0.603236 0.161235 0.235529
0.704341 0.276811 0.018848
0.922944 0.063761 0.013295
0.979931 0.005684 0.014384
0.924786 0.062385 0.012829
0.884664 0.104322 0.011014
0.623837 0.296033 0.080130
0.000000 0.996006 0.003994
0.969618 0.014865 0.015517
0.951864 0.033164 0.014971
0.052575 0.001534 0.945891
0.718128 0.263324 0.018548
0.904982 0.008949 0.086068
0.000002 0.994906 0.005092
0.002779 0.976277 0.020944
0.244417 0.707495 0.048088
0.000181 0.986286 0.013532
0.925791 0.012844 0.061366
0.000075 0.991254 0.008672
0.765332 0.062618 0.172050
0.823373 0.161503 0.015124
0.000142 0.984567 0.015291
0.318273 0.624792 0.056935
0.000002 0.993467 0.006531
0.044185 0.926665 0.029150
0.969189 0.014436 0.016375
0.976965 0.012492 0.010544
0.057981 0.901187 0.040832
0.005479 0.971501 0.023020
0.000035 0.988832 0.011133
0.085374 0.880925 0.033701
0.569944 0.406354 0.023702
0.969947 0.020974 0.009079
0.937557 0.050431 0.012012
0.927100 0.059960 0.012941
0.973114 0.004673 0.022212
0.224047 0.729999 0.045954
0.301059 0.642659 0.056283
0.961324 0.028876 0.009800
0.977181 0.012434 0.010385
0.978163 0.012959 0.008877
0.929874 0.057213 0.012913
0.869669 0.112284 0.018047
0.885041 0.103767 0.011192
0.836789 0.149189 0.014023
0.613075 0.368138 0.018786
0.004859 0.975649 0.019492
0.400775 0.128981 0.470243
0.974163 0.011061 0.014776
0.000030 0.988410 0.011560
0.965740 0.022416 0.011843
0.951612 0.036992 0.011396
0.976040 0.001088 0.022871
0.440317 0.143858 0.415825
0.966651 0.023568 0.009781
0.939897 0.048279 0.011824
0.846223 0.100474 0.053303
0.421880 0.539331 0.038789
0.962301 0.026143 0.011556
0.104521 0.867293 0.028185
0.978049 0.011904 0.010047
0.821365 0.158099 0.020537
0.899239 0.072534 0.028227
0.949467 0.039688 0.010845
0.019408 0.955013 0.025579
0.000000 0.997127 0.002873
0.973874 0.017158 0.008968
0.569637 0.412038 0.018325
0.963083 0.019220 0.017697
0.976061 0.010579 0.013360
0.714733 0.232379 0.052888
0.002369 0.978191 0.019441
0.972711 0.013086 0.014203
0.765629 0.161385 0.072986
0.770024 0.019889 0.210086
0.582667 0.396392 0.020941
0.977681 0.008154 0.014165
0.973548 0.009258 0.017194
0.636453 0.024996 0.338551
0.977544 0.004977 0.017479
0.519112 0.456639 0.024249
0.972200 0.003962 0.023838
0.000394 0.985356 0.014250
0.940501 0.047557 0.011943
0.002993 0.980900 0.016107
0.855512 0.132477 0.012012
0.000197 0.983477 0.016326
0.023538 0.949293 0.027169
0.961115 0.028893 0.009992
0.964030 0.025393 0.010577
0.003441 0.969427 0.027132
0.850166 0.132443 0.017392
0.953530 0.036018 0.010452
0.830337 0.153787 0.015875
0.940121 0.046796 0.013083
0.030753 0.948559 0.020688
0.000015 0.992875 0.007110
0.000274 0.988522 0.011205
0.939034 0.011985 0.048980
0.924355 0.062268 0.013378
0.008221 0.970744 0.021035
0.174267 0.783108 0.042625
0.000003 0.994097 0.005900
0.977175 0.014057 0.008768
0.928770 0.014064 0.057166
0.878584 0.105185 0.016231
0.495893 0.429800 0.074307
0.000241 0.984285 0.015474
0.953141 0.034805 0.012053
0.948110 0.037390 0.014500
0.752279 0.230758 0.016963
0.000073 0.988650 0.011277
0.003130 0.971630 0.025241
0.949241 0.036968 0.013791
