0.004429 0.932030 0.063541
0.881076 0.096401 0.022523
0.921817 0.052924 0.025259
0.972950 0.009519 0.017531
0.063030 0.867528 0.069443
0.947034 0.035944 0.017021
0.855255 0.112193 0.032552
0.000899 0.941753 0.057348
0.185546 0.702781 0.111673
0.052274 0.846636 0.101090
0.879883 0.096636 0.023481
0.478099 0.407555 0.114345
0.000107 0.939324 0.060569
0.270844 0.627670 0.101486
0.965985 0.021225 0.012790
0.554192 0.380373 0.065435
0.021485 0.909269 0.069246
0.000218 0.943425 0.056357
0.937264 0.040973 0.021763
0.973715 0.012859 0.013426
0.967585 0.012178 0.020237
0.843065 0.012235 0.144700
0.547270 0.299526 0.153205
0.966593 0.011101 0.022306
0.753370 0.071735 0.174895
0.972621 0.008312 0.019067
0.970268 0.014252 0.015480
0.000221 0.915854 0.083925
0.970733 0.013237 0.016029
0.963263 0.022398 0.014339
0.902543 0.023516 0.073941
0.667820 0.187041 0.145139
0.057742 0.844271 0.097987
0.579426 0.297747 0.122827
0.536722 0.087735 0.375543
0.000075 0.944786 0.055139
0.873430 0.081050 0.045520
0.943499 0.039370 0.017131
0.712623 0.106534 0.180843
0.957976 0.027636 0.014388
0.968312 0.019248 0.012440
0.002547 0.927047 0.070406
0.971730 0.006867 0.021403
0.962101 0.013465 0.024434
0.967727 0.018494 0.013779
0.934110 0.045816 0.020073
0.857316 0.116998 0.025686
0.000527 0.932049 0.067423
0.931916 0.036401 0.031683
0.962216 0.024124 0.013660
0.597771 0.355152 0.047077
0.969682 0.017588 0.012730
0.970932 0.012597 0.016470
0.882631 0.022076 0.095293
0.967582 0.013419 0.018998
0.722776 0.183385 0.093839
0.119025 0.788291 0.092683
0.958846 0.024875 0.016279
0.021237 0.910472 0.068291
0.502029 0.422671 0.075301
0.213559 0.673891 0.112551
0.569970 0.292439 0.137591
0.950544 0.033839 0.015618
0.595591 0.224765 0.179644
0.972202 0.010280 0.017518
0.972104 0.007167 0.020729
0.955558 0.029706 0.014736
0.971944 0.014490 0.013567
0.416689 0.512865 0.070446
0.970703 0.016576 0.012722
0.573571 0.370264 0.056165
0.915296 0.062793 0.021911
0.341459 0.543592 0.114949
0.932921 0.048437 0.018642
0.972549 0.014923 0.012529
0.973408 0.013862 0.012730
0.945174 0.010596 0.044230
0.972258 0.013068 0.014674
0.580082 0.298660 0.121259
0.940393 0.041766 0.017841
0.786824 0.180632 0.032544
0.003267 0.929981 0.066752
0.924686 0.055296 0.020019
0.000003 0.951542 0.048454
0.181132 0.742707 0.076161
0.912797 0.038018 0.049186
0.956883 0.028420 0.014697
0.867879 0.108203 0.023919
0.971695 0.009138 0.019167
0.827663 0.144357 0.027981
0.968767 0.008886 0.022347
0.973235 0.013610 0.013156
0.000005 0.927152 0.072843
0.622542 0.241746 0.135713
0.003575 0.013441 0.982984
0.006543 0.930234 0.063223
0.000000 0.943392 0.056608
0.922934 0.055496 0.021570
0.959353 0.014564 0.026083
0.738080 0.208452 0.053468
0.939303 0.038887 0.021810
0.000006 0.950930 0.049064
0.958240 0.009828 0.031932
0.959482 0.012933 0.027584
0.700924 0.257251 0.041825
0.042354 0.884156 0.073491
0.955720 0.013433 0.030847
0.059097 0.012216 0.928687
0.954624 0.023431 0.021945
0.013524 0.902556 0.083920
0.913246 0.066362 0.020392
0.004370 0.934513 0.061117
0.887066 0.086377 0.026557
0.895033 0.018301 0.086667
0.969299 0.012200 0.018501
0.415971 0.428254 0.155775
0.528014 0.365469 0.106517
0.970054 0.011514 0.018432
0.000001 0.941738 0.058261
0.373601 0.503679 0.122720
0.002583 0.938646 0.058771
0.965301 0.018647 0.016053
0.951692 0.008162 0.040146
0.952788 0.018797 0.028414
0.854898 0.113549 0.031553
0.964753 0.021646 0.013601
0.974983 0.005326 0.019691
0.015338 0.914034 0.070628
0.864542 0.112131 0.023326
0.698953 0.253435 0.047612
0.927528 0.052785 0.019687
0.969821 0.017910 0.012269
0.729238 0.234217 0.036545
0.955800 0.023669 0.020531
0.143193 0.780719 0.076088
0.001762 0.940516 0.057722
0.947578 0.035340 0.017081
0.967894 0.009972 0.022134
0.951104 0.028105 0.020791
0.972003 0.013552 0.014446
0.950052 0.034468 0.015480
0.937706 0.042175 0.020119
0.090245 0.839615 0.070140
0.937313 0.040929 0.021758
0.961593 0.023835 0.014572
0.963320 0.023014 0.013666
0.502007 0.324206 0.173788
0.015242 0.909832 0.074926
0.734908 0.226712 0.038380
0.946398 0.037401 0.016201
0.972089 0.014894 0.013017
0.001523 0.904888 0.093589
0.915062 0.016677 0.068261
0.927700 0.049899 0.022400
0.912727 0.064467 0.022805
0.481151 0.398634 0.120216
0.935488 0.041122 0.023390
0.964614 0.022245 0.013141
0.969096 0.017634 0.013270
0.922400 0.056565 0.021035
0.883701 0.093002 0.023298
0.948332 0.035177 0.016491
0.971693 0.009280 0.019028
0.015260 0.917079 0.067661
0.973029 0.014001 0.012970
0.001134 0.945295 0.053572
0.491028 0.435559 0.073414
0.931933 0.046589 0.021478
0.974149 0.012542 0.013309
0.025774 0.904775 0.069451
0.965104 0.021144 0.013751
0.912684 0.067410 0.019906
0.893583 0.080338 0.026078
0.000015 0.949664 0.050321
0.058550 0.863268 0.078182
0.533720 0.206643 0.259637
0.958428 0.019988 0.021584
0.960320 0.014847 0.024833
0.019707 0.889767 0.090526
0.653673 0.309399 0.036928
0.972482 0.013086 0.014432
0.901022 0.075104 0.023875
0.970929 0.014030 0.015041
0.465718 0.365047 0.169236
0.963045 0.009231 0.027724
0.000399 0.934352 0.065250
0.970459 0.008960 0.020581
0.961885 0.009413 0.028702
0.125076 0.759812 0.115112
0.410215 0.527123 0.062662
0.855101 0.054238 0.090661
0.017817 0.893376 0.088807
0.968809 0.018400 0.012791
0.913165 0.066566 0.020269
0.971956 0.007760 0.020284
0.795317 0.167173 0.037511
0.894953 0.079485 0.025562
0.969896 0.017772 0.012332
0.636801 0.192216 0.170982
0.581875 0.219678 0.198447
0.941827 0.036481 0.021692
0.964334 0.022198 0.013467
0.911467 0.068175 0.020358
0.954119 0.024870 0.021011
0.973727 0.005852 0.020421
0.604397 0.331064 0.064538
0.953892 0.025362 0.020745
0.965842 0.005966 0.028193
0.009695 0.924554 0.065751
0.959115 0.020812 0.020073
0.000190 0.949380 0.050431
0.971889 0.006719 0.021393
0.928993 0.043545 0.027463
0.000001 0.953371 0.046628
0.959603 0.026690 0.013707
0.874362 0.052780 0.072857
0.000528 0.943902 0.055569
0.905400 0.071018 0.023582
0.085024 0.841306 0.073670
0.965030 0.008513 0.026458
0.911171 0.011361 0.077468
0.969512 0.011980 0.018508
0.166653 0.752166 0.081181
0.000012 0.947720 0.052268
0.958494 0.021319 0.020187
0.934152 0.045858 0.019990
0.001056 0.937087 0.061856
0.458219 0.376392 0.165390
0.578371 0.206220 0.215409
0.000190 0.937247 0.062563
0.969741 0.011158 0.019102
0.589089 0.343646 0.067264
0.473370 0.416051 0.110579
0.946570 0.037221 0.016209
0.817754 0.153761 0.028484
0.595554 0.278486 0.125960
0.961903 0.010044 0.028054
0.735204 0.187046 0.077750
0.664870 0.279683 0.055447
0.407079 0.518409 0.074512
0.963212 0.016118 0.020670
0.000207 0.942613 0.057181
0.952752 0.030525 0.016724
0.095041 0.816049 0.088909
0.972230 0.015448 0.012322
0.970311 0.012405 0.017283
0.942122 0.003195 0.054683
0.550524 0.376885 0.072591
0.547330 0.395069 0.057601
0.957786 0.021981 0.020233
0.145598 0.742912 0.111490
0.003137 0.020493 0.976370
0.314250 0.573806 0.111943
0.901104 0.077206 0.021690
0.948681 0.031843 0.019476
0.923653 0.008731 0.067617
0.523238 0.399096 0.077666
0.955455 0.013164 0.031381
0.969885 0.017337 0.012777
0.968924 0.018715 0.012362
0.900244 0.072628 0.027129
0.515774 0.373793 0.110433
0.585874 0.211974 0.202152
0.936881 0.044162 0.018956
0.009893 0.928072 0.062034
0.967454 0.015192 0.017354
0.951856 0.025725 0.022419
0.203136 0.683372 0.113492
0.946468 0.028615 0.024917
0.958644 0.021060 0.020296
0.000142 0.937661 0.062197
0.064007 0.843709 0.092284
0.956283 0.013078 0.030640
0.048272 0.859577 0.092151
0.970363 0.011099 0.018538
0.934517 0.044044 0.021438
0.342063 0.098513 0.559425
0.969531 0.009616 0.020853
0.961374 0.018813 0.019813
0.381360 0.557363 0.061277
0.391751 0.494050 0.114198
0.966771 0.008572 0.024658
0.264017 0.646297 0.089686
0.000031 0.943923 0.056046
0.962881 0.023193 0.013926
0.006958 0.914150 0.078892
0.928194 0.051006 0.020800
0.968290 0.014426 0.017284
0.934954 0.041388 0.023658
0.583085 0.202245 0.214669
0.928644 0.052013 0.019343
0.045467 0.868422 0.086111
0.916959 0.063033 0.020009
0.957711 0.022025 0.020265
0.020685 0.896398 0.082917
0.962148 0.018015 0.019837
0.786248 0.124031 0.089721
0.943216 0.040041 0.016743
0.937778 0.040396 0.021826
0.580082 0.346721 0.073197
0.107211 0.793257 0.099533
0.000004 0.957642 0.042354
0.970114 0.015407 0.014480
0.314061 0.581145 0.104794
0.645405 0.195143 0.159452
0.360616 0.523581 0.115803
0.971789 0.007282 0.020929
0.960050 0.007134 0.032816
0.948082 0.027997 0.023922
0.968076 0.019092 0.012832
0.877122 0.093017 0.029861
0.133617 0.780183 0.086201
0.696410 0.248615 0.054975
0.877360 0.083775 0.038865
0.459546 0.364308 0.176146
0.493371 0.041527 0.465102
0.421197 0.457000 0.121802
0.940942 0.028428 0.030630
0.000019 0.944894 0.055088
0.827211 0.147514 0.025275
0.935194 0.046592 0.018213
0.963148 0.014704 0.022148
0.897601 0.028185 0.074214
0.949441 0.031210 0.019349
0.555338 0.378416 0.066246
0.966510 0.014322 0.019168
0.924060 0.051168 0.024773
0.387088 0.553307 0.059606
0.005431 0.931462 0.063108
0.965637 0.013550 0.020814
0.530362 0.390859 0.078780
0.942460 0.030119 0.027420
0.736332 0.216128 0.047540
0.109212 0.775569 0.115219
0.972854 0.005221 0.021925
0.927494 0.052928 0.019578
0.960570 0.025251 0.014179
0.416323 0.524882 0.058795
0.007535 0.923734 0.068731
0.958669 0.005716 0.035615
0.954270 0.013984 0.031746
0.891471 0.087567 0.020962
0.180366 0.739845 0.079789
0.924134 0.047264 0.028603
0.964349 0.022468 0.013183
0.965760 0.006001 0.028238
0.928288 0.051447 0.020265
0.000008 0.955150 0.044842
0.530646 0.410239 0.059115
0.003592 0.935352 0.061056
0.000023 0.943734 0.056243
0.969829 0.017937 0.012233
0.925924 0.054123 0.019953
0.000086 0.940890 0.059025
0.008442 0.920357 0.071202
0.821484 0.149444 0.029072
0.868944 0.102408 0.028648
0.952178 0.027267 0.020555
0.000300 0.937364 0.062336
0.012133 0.901703 0.086163
0.000338 0.951829 0.047833
0.899625 0.075227 0.025149
0.000775 0.008879 0.990346
0.173169 0.735291 0.091540
0.000120 0.943740 0.056140
0.001466 0.938583 0.059951
0.871682 0.103784 0.024534
0.965104 0.012347 0.022549
0.948746 0.025381 0.025873
0.972876 0.014151 0.012973
0.951311 0.014053 0.034636
0.000393 0.910682 0.088926
0.972141 0.006887 0.020973
0.947891 0.036058 0.016051
0.532788 0.325545 0.141666
0.909889 0.069949 0.020161
0.056519 0.871760 0.071721
0.527444 0.392217 0.080338
0.858602 0.111306 0.030092
0.902711 0.076361 0.020928
0.000008 0.946386 0.053606
0.737520 0.194461 0.068019
0.636508 0.149994 0.213498
0.952193 0.009787 0.038020
0.000124 0.945251 0.054625
0.837059 0.135018 0.027924
0.004105 0.924828 0.071067
0.971270 0.012132 0.016598
0.967868 0.019585 0.012547
0.929179 0.048706 0.022115
0.963117 0.022143 0.014740
0.915718 0.063770 0.020511
0.969002 0.008424 0.022574
0.954964 0.022872 0.022164
0.926223 0.052695 0.021082
0.971413 0.012472 0.016116
0.472520 0.414728 0.112752
0.562694 0.309808 0.127498
0.971652 0.012943 0.015405
0.398468 0.486167 0.115365
0.967803 0.011283 0.020914
0.591602 0.285904 0.122494
0.511913 0.370189 0.117897
0.000355 0.922670 0.076975
0.970929 0.016710 0.012361
0.971692 0.015526 0.012782
0.928134 0.049877 0.021989
0.943336 0.038924 0.017740
0.966081 0.008180 0.025739
0.001170 0.938653 0.060177
0.615284 0.108001 0.276715
0.894842 0.083045 0.022114
0.429057 0.421843 0.149100
0.044180 0.887061 0.068759
0.431001 0.412329 0.156670
0.000237 0.943291 0.056472
0.964311 0.021961 0.013728
0.950283 0.034247 0.015470
0.515816 0.284942 0.199241
0.001411 0.938730 0.059859
0.973130 0.012923 0.013948
0.720284 0.197308 0.082408
0.953648 0.022684 0.023669
0.654335 0.302871 0.042793
0.970172 0.013758 0.016071
0.959996 0.005914 0.034090
0.108468 0.819030 0.072502
0.918671 0.061172 0.020157
0.873310 0.099007 0.027683
0.000011 0.950161 0.049828
0.004631 0.932900 0.062469
0.001450 0.926151 0.072399
0.966842 0.012675 0.020483
0.960243 0.012335 0.027422
0.194472 0.710391 0.095137
0.955631 0.029740 0.014629
0.000000 0.952554 0.047446
0.878930 0.086333 0.034737
0.002446 0.923677 0.073878
0.823507 0.150468 0.026025
0.000006 0.946684 0.053309
0.003935 0.893847 0.102218
0.000026 0.950304 0.049670
0.972663 0.012900 0.014437
0.955198 0.022781 0.022022
0.969363 0.011810 0.018827
0.962175 0.024553 0.013272
0.502154 0.384256 0.113590
0.440346 0.495157 0.064496
0.588084 0.346600 0.065316
0.872235 0.104263 0.023502
0.510286 0.287359 0.202355
0.947669 0.023862 0.028469
0.943998 0.033989 0.022012
0.961846 0.024037 0.014117
0.000080 0.939470 0.060451
0.947970 0.022559 0.029470
0.559774 0.365817 0.074408
0.968367 0.009422 0.022211
0.972937 0.012798 0.014265
0.968906 0.003723 0.027371
0.967529 0.012153 0.020318
0.948040 0.035056 0.016904
0.961768 0.024810 0.013422
0.000072 0.944527 0.055402
0.962335 0.024380 0.013285
0.578384 0.236377 0.185238
0.094606 0.837302 0.068092
0.672269 0.256475 0.071256
0.962724 0.023796 0.013480
0.926619 0.052621 0.020759
0.002892 0.927412 0.069697
0.507082 0.381464 0.111454
0.924002 0.055928 0.020071
0.293271 0.614727 0.092002
0.000039 0.951770 0.048191
0.908229 0.065554 0.026217
0.032408 0.874921 0.092672
0.000013 0.960343 0.039644
0.000003 0.956079 0.043918
0.962142 0.022032 0.015826
0.972650 0.013813 0.013537
0.449452 0.487795 0.062753
0.287107 0.608988 0.103904
0.968294 0.009768 0.021938
0.038900 0.849198 0.111901
0.331978 0.019849 0.648173
0.000606 0.936560 0.062833
0.377188 0.493172 0.129640
0.057469 0.845061 0.097471
0.971899 0.014644 0.013457
0.951224 0.033503 0.015274
0.000300 0.946049 0.053651
0.000684 0.936910 0.062406
0.965616 0.012737 0.021646
0.572010 0.303850 0.124140
0.000274 0.908663 0.091063
0.454214 0.485780 0.060006
0.000066 0.944601 0.055333
0.796186 0.176731 0.027083
0.928317 0.048323 0.023360
0.758766 0.109482 0.131752
0.021079 0.897257 0.081664
0.925759 0.050640 0.023601
0.043906 0.883480 0.072615
0.964634 0.012745 0.022621
0.958036 0.014915 0.027049
0.012327 0.923879 0.063793
0.015180 0.922232 0.062588
0.000703 0.942990 0.056307
0.968065 0.009412 0.022524
0.046960 0.852934 0.100105
0.975041 0.004746 0.020213
0.076752 0.804479 0.118769
0.835164 0.138083 0.026753
0.972928 0.012937 0.014135
0.313567 0.569150 0.117283
0.268494 0.633353 0.098153
0.641393 0.170924 0.187683
0.784438 0.182589 0.032972
0.902150 0.076017 0.021833
0.963043 0.017314 0.019643
0.928590 0.040838 0.030572
0.146809 0.772210 0.080981
0.002122 0.917024 0.080854
0.971960 0.008606 0.019434
0.954755 0.013361 0.031884
0.964798 0.014097 0.021105
0.355195 0.528613 0.116192
0.963247 0.017536 0.019217
0.006509 0.931292 0.062199
0.968623 0.017298 0.014079
0.007872 0.902691 0.089437
0.927515 0.051475 0.021010
0.174330 0.106368 0.719301
0.749119 0.203688 0.047193
0.000888 0.934904 0.064208
0.960656 0.019417 0.019927
0.948853 0.029622 0.021525
0.007478 0.886623 0.105899
0.852867 0.121670 0.025464
0.973630 0.010288 0.016082
0.967808 0.017169 0.015023
0.972805 0.007749 0.019446
0.964561 0.015008 0.020431
0.822712 0.152814 0.024474
0.975474 0.010711 0.013815
0.518077 0.025765 0.456158
0.504093 0.380368 0.115540
0.907801 0.003302 0.088897
0.399828 0.485746 0.114426
0.975364 0.009720 0.014916
0.000830 0.931213 0.067957
0.969161 0.015188 0.015650
0.861343 0.113647 0.025010
0.856638 0.013979 0.129383
0.974541 0.006115 0.019344
0.896164 0.077106 0.026730
0.580805 0.018345 0.400850
0.967067 0.019831 0.013102
0.069156 0.812963 0.117881
0.941389 0.040825 0.017786
0.123999 0.027165 0.848836
0.044006 0.860899 0.095095
0.916700 0.043312 0.039988
0.908819 0.003279 0.087901
0.000452 0.942391 0.057157
0.565822 0.378160 0.056018
0.953203 0.031860 0.014938
0.951698 0.027226 0.021076
0.898305 0.074621 0.027074
0.959182 0.026551 0.014267
0.848010 0.126032 0.025958
0.349145 0.523788 0.127067
0.969710 0.012387 0.017903
0.972225 0.015215 0.012560
0.938490 0.039789 0.021721
0.805157 0.007070 0.187773
0.255217 0.639841 0.104942
0.962195 0.024530 0.013274
0.006355 0.898124 0.095521
0.000001 0.952993 0.047006
0.202338 0.686737 0.110926
0.000400 0.948889 0.050710
0.000009 0.946522 0.053469
0.905370 0.073680 0.020950
0.000845 0.942095 0.057060
0.949824 0.028936 0.021240
0.971811 0.014674 0.013515
0.960770 0.020613 0.018618
0.955223 0.013477 0.031300
0.958122 0.019750 0.022129
0.703908 0.243062 0.053030
0.937656 0.040360 0.021985
0.050468 0.880227 0.069305
0.000287 0.935887 0.063826
0.000421 0.001032 0.998547
0.959597 0.026490 0.013913
0.957978 0.012872 0.029149
0.967307 0.011544 0.021149
0.000724 0.943348 0.055929
0.943834 0.034729 0.021437
0.003298 0.937410 0.059292
0.866027 0.107676 0.026297
0.972141 0.013422 0.014436
0.486357 0.423595 0.090048
0.620259 0.246942 0.132799
0.969952 0.004492 0.025556
0.029198 0.874796 0.096006
0.971034 0.014252 0.014714
0.917834 0.060941 0.021226
0.967071 0.017317 0.015612
0.964651 0.012352 0.022997
0.007052 0.926721 0.066227
0.937599 0.044610 0.017792
0.966659 0.020595 0.012746
0.822358 0.127883 0.049759
0.972585 0.014575 0.012840
0.599735 0.197573 0.202692
0.919495 0.058230 0.022275
0.941671 0.036355 0.021974
0.970199 0.017039 0.012762
0.833534 0.138501 0.027965
0.946780 0.029188 0.024033
0.004167 0.928391 0.067442
0.118462 0.817953 0.063585
0.530341 0.056951 0.412708
0.000008 0.950431 0.049561
0.921408 0.057211 0.021381
0.959964 0.022412 0.017624
0.256691 0.649167 0.094142
0.970651 0.010768 0.018582
0.438697 0.482269 0.079033
0.001033 0.935312 0.063655
0.550378 0.307123 0.142499
0.016882 0.888196 0.094921
0.001866 0.936624 0.061509
0.965723 0.015014 0.019263
0.857335 0.117246 0.025419
0.952122 0.030292 0.017586
0.003048 0.920963 0.075989
0.944697 0.033077 0.022226
0.855902 0.109758 0.034341
0.927616 0.051675 0.020709
0.253247 0.637720 0.109033
0.000000 0.965172 0.034828
0.931873 0.047038 0.021089
0.922397 0.053414 0.024190
0.966463 0.009289 0.024248
0.242820 0.659203 0.097977
0.960280 0.019641 0.020078
0.716370 0.152971 0.130660
0.970521 0.013671 0.015808
0.959840 0.025204 0.014956
0.974419 0.010339 0.015242
0.310325 0.579223 0.110451
0.675129 0.089479 0.235392
0.971932 0.011531 0.016538
0.633885 0.189647 0.176469
0.614552 0.163377 0.222071
0.955847 0.029347 0.014805
0.878591 0.092075 0.029335
0.964536 0.011703 0.023761
0.000334 0.942863 0.056803
0.018898 0.889508 0.091594
0.894976 0.072789 0.032234
0.256493 0.630228 0.113279
0.487829 0.196111 0.316059
0.911939 0.067622 0.020439
0.928676 0.049843 0.021481
0.000535 0.941347 0.058117
0.154994 0.761043 0.083963
0.900365 0.077473 0.022162
0.956321 0.029194 0.014485
0.936428 0.042119 0.021454
0.969615 0.017421 0.012964
0.758602 0.211833 0.029564
0.647602 0.123393 0.229005
0.952414 0.026732 0.020855
0.928811 0.046866 0.024323
0.000280 0.944728 0.054992
0.000261 0.942746 0.056993
0.321361 0.558648 0.119992
0.741156 0.075992 0.182852
0.917132 0.062526 0.020342
0.002372 0.938573 0.059055
0.965464 0.018060 0.016475
0.908581 0.070062 0.021357
0.597435 0.263133 0.139432
0.079676 0.839141 0.081183
0.000093 0.945344 0.054563
0.896842 0.069522 0.033636
0.964906 0.015564 0.019530
0.001451 0.948563 0.049986
0.009289 0.910736 0.079974
0.953617 0.025293 0.021090
0.849844 0.100324 0.049832
0.814879 0.148684 0.036437
0.927492 0.052943 0.019565
0.109806 0.777013 0.113181
0.948670 0.029604 0.021727
0.283503 0.614696 0.101801
0.950721 0.007841 0.041438
0.258288 0.648056 0.093656
0.039605 0.861537 0.098858
0.578190 0.160083 0.261727
0.950223 0.021047 0.028729
0.003765 0.938230 0.058005
0.319600 0.574589 0.105811
0.834970 0.138047 0.026983
0.000096 0.946716 0.053188
0.122510 0.760417 0.117073
0.972575 0.014535 0.012890
0.255733 0.051075 0.693192
0.000001 0.951176 0.048824
0.916940 0.047729 0.035331
0.848823 0.125244 0.025933
0.003648 0.883202 0.113151
0.000263 0.937086 0.062652
0.946588 0.003176 0.050236
0.967464 0.019982 0.012554
0.530438 0.285596 0.183966
0.881789 0.079551 0.038660
0.975064 0.009683 0.015252
0.376085 0.527131 0.096784
0.948017 0.030491 0.021491
0.912302 0.067299 0.020399
0.482272 0.445825 0.071904
0.959637 0.019338 0.021026
0.847354 0.118801 0.033845
0.920961 0.053161 0.025878
0.001755 0.937974 0.060271
0.650188 0.293277 0.056535
0.000001 0.952974 0.047025
0.862871 0.090638 0.046492
0.929942 0.049872 0.020186
0.007749 0.920532 0.071719
0.971647 0.014797 0.013556
0.971243 0.015692 0.013065
0.514628 0.362137 0.123235
0.942275 0.033131 0.024594
0.066217 0.857945 0.075838
0.164740 0.749361 0.085899
0.940017 0.037942 0.022041
0.000000 0.940117 0.059883
0.000823 0.950239 0.048937
0.905865 0.060068 0.034066
0.875793 0.047156 0.077052
0.819631 0.155644 0.024725
0.288388 0.642686 0.068925
0.782852 0.183999 0.033149
0.935607 0.043114 0.021279
0.936917 0.005584 0.057498
0.725384 0.223401 0.051215
0.000032 0.924468 0.075499
0.651505 0.221258 0.127237
0.968233 0.006013 0.025753
0.961943 0.024708 0.013349
0.956262 0.024558 0.019180
0.000020 0.940205 0.059776
0.741505 0.222226 0.036269
0.947669 0.036076 0.016256
0.067473 0.106125 0.826402
0.952555 0.031506 0.015939
0.936938 0.044049 0.019013
0.911931 0.067281 0.020788
0.301752 0.598133 0.100116
0.969909 0.016940 0.013151
0.940357 0.042333 0.017310
0.771386 0.130472 0.098142
0.970591 0.015349 0.014060
0.946287 0.032340 0.021373
0.963324 0.014545 0.022131
0.967020 0.012356 0.020624
0.702283 0.256785 0.040932
0.730441 0.231000 0.038558
0.964164 0.012392 0.023444
0.783319 0.183514 0.033167
0.157323 0.757511 0.085166
0.516077 0.310751 0.173172
0.003518 0.904496 0.091985
0.878784 0.092847 0.028369
0.001453 0.945355 0.053191
0.664644 0.248594 0.086762
0.965438 0.005842 0.028720
0.913691 0.064636 0.021673
0.929936 0.050843 0.019221
0.005013 0.935934 0.059052
0.512132 0.373850 0.114018
0.199713 0.688022 0.112265
0.971564 0.002488 0.025948
0.000928 0.940803 0.058269
0.963961 0.009443 0.026595
0.020454 0.887022 0.092524
0.915154 0.064650 0.020196
0.924492 0.054928 0.020580
0.412855 0.440278 0.146867
0.868778 0.103237 0.027984
0.885401 0.091743 0.022857
0.009599 0.929715 0.060686
0.143464 0.772549 0.083987
0.945875 0.032496 0.021629
0.599433 0.275755 0.124812
0.108416 0.824465 0.067119
0.326246 0.556841 0.116914
0.959092 0.020729 0.020179
0.943315 0.030595 0.026090
0.964398 0.014238 0.021364
0.938144 0.039863 0.021993
0.843909 0.122299 0.033792
0.960708 0.013299 0.025993
0.934757 0.040870 0.024374
0.938702 0.043711 0.017587
0.081314 0.838221 0.080464
0.938029 0.033485 0.028486
0.967092 0.020068 0.012839
0.957918 0.028050 0.014032
0.358796 0.505837 0.135367
0.000139 0.940490 0.059372
0.968582 0.017087 0.014331
0.908892 0.019515 0.071593
0.607715 0.340868 0.051417
0.860816 0.106839 0.032345
0.139943 0.798074 0.061983
0.854910 0.113909 0.031182
0.971998 0.013040 0.014961
0.001740 0.937877 0.060383
0.000739 0.912279 0.086982
0.000436 0.945758 0.053806
0.899697 0.066626 0.033677
0.005620 0.899685 0.094695
0.000480 0.939951 0.059569
0.001721 0.906936 0.091343
0.474199 0.358745 0.167056
0.922764 0.052446 0.024790
0.353158 0.505729 0.141112
0.841784 0.001225 0.156991
0.094300 0.827791 0.077909
0.530791 0.411302 0.057907
0.968851 0.015660 0.015489
0.789847 0.177787 0.032366
0.945083 0.034195 0.020723
0.000006 0.946758 0.053236
0.015441 0.914363 0.070196
0.938195 0.038839 0.022966
0.896890 0.081908 0.021202
0.882130 0.011188 0.106682
0.691851 0.265314 0.042835
0.008374 0.910337 0.081289
0.006784 0.898558 0.094658
0.963827 0.022759 0.013414
0.967170 0.019401 0.013429
0.956293 0.029111 0.014596
0.964096 0.013751 0.022154
0.606885 0.218487 0.174627
0.199616 0.713358 0.087026
0.963370 0.022754 0.013877
0.102392 0.794701 0.102907
0.063682 0.848975 0.087342
0.579044 0.299714 0.121242
0.936787 0.041997 0.021216
0.954212 0.030766 0.015022
0.972313 0.013030 0.014657
0.960842 0.025197 0.013960
0.003488 0.934243 0.062269
0.948679 0.035249 0.016071
0.972011 0.015101 0.012888
0.000422 0.938521 0.061058
0.951674 0.032136 0.016191
0.967567 0.018174 0.014259
0.950041 0.034458 0.015501
0.895917 0.029223 0.074860
0.927937 0.049901 0.022161
0.952149 0.028584 0.019267
0.973573 0.009462 0.016966
0.957609 0.027921 0.014470
0.048179 0.888579 0.063242
0.001092 0.942462 0.056446
0.916825 0.049554 0.033621
0.967715 0.013033 0.019252
0.382851 0.522305 0.094844
0.948669 0.035026 0.016305
0.286157 0.630922 0.082921
0.952499 0.023920 0.023581
0.969127 0.018184 0.012690
0.900579 0.074191 0.025230
0.000001 0.961038 0.038962
0.944621 0.028412 0.026967
0.960518 0.023851 0.015632
0.212012 0.697858 0.090130
0.965307 0.021810 0.012884
0.807173 0.153445 0.039382
0.615536 0.315998 0.068466
0.629540 0.245162 0.125298
0.334296 0.541227 0.124476
0.048617 0.854056 0.097327
0.000543 0.941456 0.058001
0.559249 0.364595 0.076156
0.821439 0.150354 0.028206
0.908436 0.070142 0.021422
0.941505 0.024219 0.034276
0.136906 0.783004 0.080090
0.006281 0.928211 0.065508
0.966028 0.017067 0.016905
0.960084 0.019870 0.020046
0.334875 0.549607 0.115518
0.970610 0.017027 0.012364
0.968309 0.015305 0.016386
0.820756 0.154012 0.025232
0.566562 0.381944 0.051494
0.894680 0.079180 0.026139
0.965923 0.021340 0.012737
0.582864 0.178446 0.238689
0.898885 0.010380 0.090735
0.638876 0.188414 0.172709
0.929248 0.049610 0.021142
0.609376 0.206891 0.183732
0.968369 0.008944 0.022687
0.973233 0.013384 0.013383
0.103485 0.793215 0.103300
0.860049 0.113124 0.026826
0.963636 0.016851 0.019513
0.000032 0.946287 0.053681
0.001131 0.939820 0.059049
0.889501 0.088655 0.021844
0.964880 0.021563 0.013557
0.911781 0.066145 0.022074
0.017504 0.897344 0.085152
0.920184 0.055249 0.024568
0.969901 0.017460 0.012639
0.349548 0.545034 0.105417
0.584656 0.295569 0.119775
0.001162 0.930499 0.068338
0.897712 0.075118 0.027171
0.919054 0.057439 0.023507
0.013822 0.924225 0.061953
0.965465 0.021651 0.012884
0.384640 0.485298 0.130061
0.016339 0.913480 0.070181
0.912864 0.065306 0.021830
0.417132 0.432728 0.150140
0.093966 0.810162 0.095872
0.705682 0.242150 0.052168
0.389977 0.537582 0.072441
0.008863 0.908786 0.082351
0.351454 0.524747 0.123799
0.921372 0.058025 0.020603
0.946055 0.029925 0.024020
0.913621 0.064259 0.022120
0.705021 0.105280 0.189699
0.939533 0.038354 0.022112
0.929466 0.051197 0.019337
0.909055 0.070424 0.020520
0.011719 0.907400 0.080881
0.231533 0.672750 0.095718
0.419967 0.487435 0.092598
0.095908 0.805152 0.098939
0.687119 0.232118 0.080763
0.964292 0.018107 0.017601
0.592478 0.137614 0.269908
0.969903 0.011143 0.018954
0.875735 0.083681 0.040584
0.880554 0.006312 0.113134
0.001011 0.933317 0.065672
0.615318 0.265689 0.118994
0.596381 0.277179 0.126440
0.001170 0.932750 0.066080
0.028109 0.897078 0.074813
0.950054 0.032898 0.017048
0.933912 0.047630 0.018458
0.588912 0.222817 0.188271
0.972227 0.013988 0.013785
0.911933 0.003930 0.084137
0.903934 0.072865 0.023201
0.964908 0.009635 0.025457
0.281703 0.628847 0.089450
0.629871 0.171732 0.198397
0.037033 0.867969 0.094998
0.958647 0.027304 0.014049
0.122992 0.807440 0.069569
0.950546 0.025137 0.024316
0.525054 0.352168 0.122778
0.971583 0.014226 0.014191
0.773032 0.182518 0.044450
0.000352 0.942321 0.057327
0.007850 0.929406 0.062744
0.045757 0.888252 0.065991
0.231089 0.674744 0.094167
0.964360 0.022721 0.012918
0.964645 0.008874 0.026482
0.312197 0.131073 0.556730
0.941126 0.036986 0.021888
0.972395 0.008836 0.018769
0.412667 0.442579 0.144753
0.911023 0.063969 0.025008
0.963069 0.012847 0.024084
0.958444 0.010244 0.031312
0.952952 0.024667 0.022381
0.972715 0.013878 0.013407
0.855458 0.112862 0.031680
0.206833 0.677772 0.115394
0.910445 0.066755 0.022799
0.052887 0.874414 0.072699
0.942180 0.040500 0.017320
0.912542 0.057280 0.030178
0.000001 0.951263 0.048736
0.809741 0.153080 0.037179
0.943333 0.039863 0.016804
0.971294 0.016008 0.012698
0.876303 0.101366 0.022331
0.058481 0.852824 0.088695
0.892985 0.074683 0.032332
0.020174 0.896816 0.083009
0.950375 0.034202 0.015423
0.841615 0.087151 0.071234
0.961584 0.005972 0.032444
0.919377 0.059743 0.020880
0.632148 0.237633 0.130219
0.002448 0.930108 0.067444
0.971499 0.014279 0.014222
0.223350 0.712406 0.064244
0.968213 0.010946 0.020841
0.953556 0.027320 0.019124
0.005985 0.926440 0.067575
0.968593 0.018521 0.012886
0.930192 0.050638 0.019169
0.037134 0.900495 0.062371
0.882038 0.090827 0.027135
0.000096 0.945796 0.054108
0.007826 0.934134 0.058040
0.202827 0.690851 0.106322
0.037512 0.866655 0.095833
0.963102 0.014819 0.022080
0.908666 0.070797 0.020537
0.086238 0.846681 0.067081
0.615712 0.316032 0.068255
0.381582 0.462654 0.155764
0.166781 0.747439 0.085780
0.112673 0.806277 0.081050
0.131075 0.786918 0.082006
0.270024 0.617248 0.112728
0.006457 0.934148 0.059395
0.970504 0.013322 0.016173
0.912644 0.065215 0.022141
0.704170 0.262612 0.033219
0.873969 0.013349 0.112682
0.335826 0.537401 0.126773
0.953923 0.031230 0.014847
0.962519 0.022017 0.015464
0.971139 0.016266 0.012595
0.962258 0.018077 0.019665
0.956745 0.003798 0.039457
0.917660 0.062401 0.019939
0.012120 0.906796 0.081084
0.001775 0.929896 0.068328
0.968523 0.012661 0.018816
0.966750 0.020176 0.013075
0.856414 0.118012 0.025574
0.461858 0.412881 0.125261
0.881848 0.088527 0.029625
0.228416 0.681448 0.090136
0.542358 0.393992 0.063649
0.949867 0.029477 0.020656
0.956856 0.028426 0.014718
0.648940 0.216187 0.134874
0.919327 0.058833 0.021840
0.028664 0.901015 0.070321
0.973364 0.013275 0.013361
0.968136 0.016228 0.015636
0.012395 0.923300 0.064305
0.750366 0.155366 0.094269
0.117389 0.812832 0.069779
0.971505 0.015359 0.013136
0.558258 0.259463 0.182278
0.891723 0.085197 0.023080
0.972316 0.012426 0.015257
0.477327 0.405978 0.116695
0.419198 0.051582 0.529220
0.953764 0.027116 0.019120
0.000942 0.944434 0.054624
0.969430 0.010752 0.019818
0.964459 0.016029 0.019512
0.016236 0.921738 0.062026
0.957796 0.010162 0.032041
0.000142 0.945915 0.053943
0.644032 0.185665 0.170303
0.937190 0.041002 0.021808
0.178091 0.731622 0.090286
0.812364 0.149568 0.038068
0.569585 0.223089 0.207325
0.944663 0.036253 0.019083
0.756243 0.202430 0.041326
0.207036 0.702139 0.090825
0.945794 0.036947 0.017259
0.927110 0.053133 0.019757
0.970672 0.014974 0.014355
0.800273 0.161289 0.038439
0.006003 0.901395 0.092602
0.909004 0.070874 0.020122
0.000001 0.952424 0.047575
0.011626 0.922109 0.066264
0.109334 0.819004 0.071662
0.433008 0.454654 0.112339
0.000107 0.939562 0.060331
0.000167 0.937139 0.062694
0.189467 0.718122 0.092410
0.000017 0.925503 0.074480
0.927104 0.052084 0.020812
0.958959 0.026987 0.014054
0.972322 0.013008 0.014671
0.742942 0.133166 0.123892
0.825855 0.145048 0.029097
0.000005 0.947553 0.052442
0.786322 0.119768 0.093909
0.965206 0.009361 0.025434
0.436288 0.405693 0.158019
0.924470 0.040644 0.034886
0.644529 0.199323 0.156147
0.000202 0.940964 0.058834
0.055857 0.869421 0.074722
0.055093 0.874259 0.070648
0.824045 0.147644 0.028311
0.000000 0.953859 0.046140
0.833637 0.138455 0.027908
0.895577 0.078341 0.026082
0.535893 0.354271 0.109836
0.897564 0.081297 0.021139
0.958202 0.020939 0.020859
0.947911 0.027951 0.024138
0.000501 0.940271 0.059228
0.246278 0.638555 0.115167
0.917566 0.062596 0.019838
0.018029 0.895665 0.086306
0.929464 0.049358 0.021179
0.258275 0.635695 0.106030
0.089715 0.832620 0.077665
0.000234 0.938132 0.061634
0.149936 0.783316 0.066748
0.462263 0.449981 0.087756
0.973462 0.013923 0.012615
0.954126 0.030166 0.015708
0.887813 0.087640 0.024547
0.112739 0.807110 0.080151
0.343387 0.544895 0.111718
0.897447 0.077481 0.025072
0.000042 0.945935 0.054023
0.000515 0.942636 0.056848
0.001184 0.940051 0.058765
0.320600 0.566375 0.113025
0.048933 0.878300 0.072767
0.008116 0.918298 0.073586
0.975357 0.010215 0.014427
0.291447 0.598803 0.109750
0.576676 0.331326 0.091998
0.486598 0.391740 0.121662
0.966481 0.020545 0.012974
0.831295 0.140565 0.028140
0.970221 0.012074 0.017705
0.503687 0.381380 0.114932
0.967747 0.019213 0.013040
0.896258 0.082625 0.021117
0.011528 0.028912 0.959560
0.972557 0.006751 0.020693
0.000324 0.937049 0.062627
0.968647 0.017755 0.013598
0.000022 0.947038 0.052940
0.966847 0.019940 0.013213
0.799015 0.087924 0.113061
0.336878 0.537276 0.125846
0.966818 0.007346 0.025835
0.470059 0.401527 0.128414
0.951617 0.014010 0.034373
0.515590 0.368916 0.115494
0.902174 0.076596 0.021231
0.953420 0.031412 0.015168
0.048458 0.835153 0.116389
0.928602 0.049306 0.022092
0.001615 0.939402 0.058983
0.970349 0.012831 0.016820
0.928433 0.005772 0.065794
0.971635 0.013776 0.014589
0.958001 0.027868 0.014130
0.971977 0.004972 0.023051
0.971845 0.014390 0.013764
0.036369 0.892275 0.071356
0.352856 0.184680 0.462463
0.916570 0.048002 0.035428
0.621045 0.333274 0.045680
0.917717 0.061126 0.021157
0.951632 0.032744 0.015625
0.967571 0.019981 0.012448
0.960796 0.006398 0.032806
0.002707 0.903653 0.093641
0.904286 0.074801 0.020914
0.013243 0.921095 0.065662
0.880588 0.092311 0.027101
0.601932 0.223424 0.174644
0.766499 0.200385 0.033116
0.972945 0.008060 0.018995
0.661510 0.117317 0.221173
0.685316 0.260943 0.053741
0.584920 0.211434 0.203646
0.963657 0.017963 0.018379
0.310233 0.567585 0.122183
0.002548 0.925781 0.071672
0.894104 0.084600 0.021296
0.973108 0.014264 0.012629
0.735005 0.217863 0.047131
0.891988 0.086900 0.021112
0.903660 0.075465 0.020875
0.806979 0.006308 0.186713
0.901482 0.077684 0.020834
0.879395 0.097895 0.022711
0.827294 0.049594 0.123112
0.553511 0.080018 0.366472
0.046232 0.882882 0.070886
0.779180 0.186161 0.034659
0.002002 0.933981 0.064017
0.965673 0.021622 0.012706
0.946953 0.035808 0.017239
0.789840 0.143613 0.066546
0.969388 0.006192 0.024420
0.906009 0.019745 0.074246
0.622180 0.230854 0.146966
0.815765 0.145043 0.039193
0.869115 0.077984 0.052902
0.964356 0.015013 0.020630
0.681106 0.065507 0.253387
0.960060 0.019835 0.020106
0.934388 0.044633 0.020979
0.930810 0.035806 0.033384
0.000280 0.944331 0.055388
0.003407 0.926017 0.070576
0.927630 0.051710 0.020660
0.319834 0.557210 0.122956
0.473363 0.432682 0.093954
0.905397 0.037299 0.057303
0.969837 0.017371 0.012792
0.970435 0.015407 0.014158
0.955122 0.022988 0.021890
0.636933 0.314269 0.048798
0.954996 0.024514 0.020490
0.917888 0.049994 0.032118
0.971145 0.009964 0.018891
0.932818 0.044807 0.022374
0.260416 0.662065 0.077519
0.947541 0.031320 0.021139
0.393403 0.440752 0.165844
0.969578 0.002878 0.027544
0.908592 0.067494 0.023913
0.928665 0.050638 0.020697
0.967290 0.009217 0.023493
0.000004 0.943612 0.056383
0.946825 0.031346 0.021829
0.961133 0.019008 0.019859
0.910513 0.054922 0.034564
0.000007 0.950749 0.049244
0.942024 0.025810 0.032166
0.973395 0.013445 0.013160
0.814885 0.145819 0.039297
0.400285 0.519432 0.080284
0.424513 0.461019 0.114467
0.960355 0.019412 0.020233
0.919560 0.059525 0.020915
0.695454 0.212904 0.091642
0.931253 0.047681 0.021066
0.965410 0.021847 0.012743
0.967803 0.011747 0.020451
0.920934 0.057119 0.021946
0.876480 0.079374 0.044146
0.957716 0.027788 0.014496
0.375513 0.133048 0.491439
0.928921 0.050102 0.020977
0.922284 0.057060 0.020657
0.317266 0.573817 0.108917
0.402705 0.530184 0.067111
0.966495 0.019939 0.013566
0.949878 0.029086 0.021036
0.961666 0.018471 0.019864
0.000000 0.961565 0.038435
0.938538 0.039534 0.021928
0.001445 0.930137 0.068418
0.007750 0.928213 0.064037
0.898838 0.080046 0.021116
0.005124 0.919269 0.075608
0.959356 0.003296 0.037348
0.968654 0.012419 0.018927
0.960369 0.025332 0.014299
0.969528 0.012306 0.018165
0.937744 0.015080 0.047176
0.547512 0.283690 0.168798
0.386547 0.556207 0.057247
0.041447 0.861047 0.097506
0.972186 0.014702 0.013112
0.963287 0.023550 0.013163
0.000436 0.914429 0.085135
0.972215 0.008795 0.018991
0.590168 0.283379 0.126454
0.917097 0.058250 0.024653
0.002323 0.943173 0.054504
0.009879 0.905740 0.084381
0.953149 0.018244 0.028608
0.496259 0.435441 0.068300
0.617688 0.263456 0.118857
0.970799 0.014851 0.014350
0.518872 0.366196 0.114932
0.000005 0.954710 0.045286
0.864410 0.103153 0.032437
0.823988 0.139487 0.036525
0.435042 0.408796 0.156162
0.199689 0.685445 0.114866
0.036150 0.862227 0.101623
0.805626 0.151810 0.042565
0.969934 0.011193 0.018873
0.920118 0.058587 0.021295
0.971947 0.009476 0.018578
0.942523 0.040533 0.016944
0.352749 0.534514 0.112738
0.054493 0.848143 0.097364
0.932676 0.047668 0.019656
0.952946 0.032103 0.014952
0.003135 0.921530 0.075335
0.953917 0.029648 0.016435
0.916775 0.062985 0.020240
0.045723 0.847967 0.106310
0.304738 0.092276 0.602986
0.578727 0.046756 0.374517
0.972612 0.007327 0.020061
0.402972 0.470173 0.126855
0.388128 0.534692 0.077179
0.030013 0.899869 0.070118
0.961682 0.018452 0.019866
0.974211 0.006556 0.019233
0.900699 0.078413 0.020888
0.964872 0.022097 0.013031
0.917535 0.060505 0.021960
0.071848 0.851403 0.076749
0.002772 0.928724 0.068504
0.963062 0.022959 0.013979
0.551908 0.371617 0.076475
0.057806 0.856007 0.086187
0.053699 0.864492 0.081808
0.955647 0.019961 0.024392
0.705738 0.238297 0.055966
0.953788 0.026993 0.019220
0.967582 0.008836 0.023582
0.953215 0.028822 0.017963
0.886415 0.088018 0.025567
0.755173 0.165826 0.079000
0.934556 0.043932 0.021512
0.015750 0.880961 0.103289
0.013198 0.924855 0.061947
0.236357 0.653011 0.110632
0.007325 0.936798 0.055876
0.008560 0.909389 0.082051
0.562215 0.234737 0.203048
0.870175 0.098473 0.031352
0.553881 0.233292 0.212827
0.948944 0.035288 0.015768
0.414475 0.462410 0.123114
0.966362 0.013079 0.020559
0.825866 0.148715 0.025419
0.008904 0.925836 0.065260
0.640074 0.295628 0.064297
0.967612 0.018402 0.013986
0.613977 0.184838 0.201185
0.157903 0.767123 0.074974
0.529246 0.210567 0.260187
0.717651 0.243448 0.038900
0.918164 0.060582 0.021253
0.972779 0.007747 0.019474
0.917559 0.060295 0.022146
0.878958 0.099025 0.022017
0.544259 0.339387 0.116355
0.000000 0.954649 0.045351
0.960960 0.017953 0.021087
0.939333 0.036277 0.024390
0.094904 0.004432 0.900664
0.733440 0.228051 0.038509
0.908642 0.012135 0.079223
0.000004 0.955330 0.044666
0.003847 0.929124 0.067029
0.210744 0.697067 0.092189
0.000266 0.938709 0.061025
0.925350 0.016040 0.058610
0.000102 0.946584 0.053314
0.659402 0.099341 0.241257
0.813703 0.157165 0.029132
0.000225 0.936182 0.063593
0.274660 0.623967 0.101373
0.000005 0.948903 0.051092
0.041864 0.884292 0.073844
0.961823 0.016699 0.021478
0.972167 0.014301 0.013532
0.055545 0.848304 0.096151
0.006303 0.928402 0.065295
0.000053 0.941405 0.058542
0.080118 0.842996 0.076886
0.603418 0.344534 0.052048
0.964653 0.022364 0.012983
0.932426 0.048803 0.018771
0.922148 0.057291 0.020561
0.967339 0.006586 0.026075
0.195650 0.714624 0.089726
0.257920 0.642416 0.099664
0.954229 0.030156 0.015615
0.972323 0.014299 0.013377
0.972409 0.014896 0.012695
0.923487 0.056307 0.020206
0.866326 0.101654 0.032020
0.879111 0.098620 0.022269
0.835804 0.136525 0.027671
0.621138 0.338855 0.040007
0.005232 0.926133 0.068635
0.356369 0.176503 0.467127
0.969427 0.013041 0.017531
0.000067 0.911871 0.088062
0.960541 0.023607 0.015852
0.943392 0.038542 0.018067
0.969938 0.001977 0.028085
0.391675 0.194889 0.413436
0.959882 0.025190 0.014928
0.934376 0.047226 0.018398
0.803665 0.119019 0.077316
0.467808 0.445754 0.086438
0.953630 0.029180 0.017191
0.125796 0.778716 0.095489
0.973296 0.013730 0.012974
0.824460 0.139212 0.036328
0.878766 0.080381 0.040853
0.943971 0.039410 0.016618
0.020783 0.910836 0.068382
0.000001 0.963680 0.036320
0.968773 0.018761 0.012466
0.568252 0.392615 0.039133
0.953277 0.023639 0.023083
0.971378 0.012535 0.016088
0.664643 0.251028 0.084329
0.003501 0.924743 0.071756
0.967775 0.015005 0.017220
0.693821 0.200666 0.105513
0.789829 0.026474 0.183697
0.612635 0.339279 0.048086
0.969674 0.010566 0.019760
0.968265 0.011307 0.020428
0.564865 0.047227 0.387909
0.970724 0.006865 0.022411
0.539804 0.396778 0.063419
0.966695 0.005796 0.027510
0.000568 0.939269 0.060163
0.935115 0.046450 0.018434
0.003249 0.937645 0.059106
0.851826 0.124298 0.023875
0.000307 0.934640 0.065053
0.025124 0.904795 0.070081
0.955528 0.029767 0.014705
0.958688 0.026398 0.014914
0.004336 0.916478 0.079186
0.838447 0.130355 0.031198
0.947994 0.036133 0.015873
0.823779 0.146986 0.029234
0.931252 0.047681 0.021067
0.029418 0.909318 0.061264
0.000023 0.949125 0.050853
0.000345 0.944508 0.055147
0.936168 0.015011 0.048821
0.918155 0.060746 0.021099
0.012340 0.888312 0.099348
0.212153 0.690295 0.097552
0.000006 0.955899 0.044095
0.971282 0.015987 0.012731
0.911594 0.021461 0.066945
0.875935 0.096284 0.027781
0.430388 0.455424 0.114188
0.000356 0.935838 0.063807
0.943104 0.038183 0.018714
0.939412 0.038733 0.021854
0.757737 0.207507 0.034756
0.000109 0.942295 0.057595
0.003920 0.919296 0.076784
0.941231 0.037974 0.020795
