0.998560 0.001083 0.000358
0.145498 0.849223 0.005279
0.126989 0.865524 0.007486
0.046407 0.943875 0.009719
0.978804 0.018771 0.002426
0.080136 0.914718 0.005146
0.193695 0.801435 0.004870
0.999735 0.000201 0.000063
0.941483 0.053214 0.005302
0.984965 0.012930 0.002105
0.151365 0.842948 0.005687
0.834636 0.147734 0.017629
0.999940 0.000053 0.000007
0.899112 0.091210 0.009678
0.051186 0.942846 0.005968
0.528311 0.466514 0.005176
0.993424 0.005432 0.001144
0.999927 0.000043 0.000030
0.099067 0.893628 0.007305
0.044058 0.948944 0.006998
0.059721 0.933576 0.006703
0.224475 0.748249 0.027276
0.794812 0.184315 0.020873
0.055668 0.935647 0.008685
0.519700 0.451653 0.028648
0.049243 0.944028 0.006730
0.047961 0.943695 0.008343
0.999878 0.000113 0.000009
0.048133 0.943026 0.008841
0.055269 0.938038 0.006694
0.183691 0.799658 0.016651
0.712529 0.255979 0.031492
0.975558 0.022561 0.001881
0.745274 0.234067 0.020658
0.821838 0.132394 0.045768
0.999973 0.000014 0.000013
0.228107 0.758975 0.012919
0.078411 0.915490 0.006099
0.629926 0.341401 0.028673
0.061277 0.932739 0.005983
0.048135 0.945786 0.006080
0.999266 0.000566 0.000168
0.049699 0.942391 0.007910
0.061475 0.927054 0.011471
0.049919 0.943138 0.006943
0.102942 0.891357 0.005701
0.167980 0.826650 0.005370
0.999839 0.000099 0.000061
0.123556 0.864949 0.011494
0.056040 0.937898 0.006062
0.451701 0.543169 0.005130
0.046968 0.946503 0.006530
0.048335 0.942427 0.009238
0.188998 0.784015 0.026987
0.052819 0.938155 0.009026
0.527390 0.450688 0.021922
0.916122 0.082077 0.001802
0.060941 0.931808 0.007251
0.993414 0.005489 0.001097
0.591144 0.405154 0.003702
0.838525 0.159362 0.002113
0.784493 0.191603 0.023905
0.070380 0.923785 0.005835
0.793664 0.182728 0.023609
0.047156 0.943458 0.009386
0.047134 0.944280 0.008586
0.064050 0.930069 0.005881
0.044861 0.947667 0.007472
0.630612 0.365812 0.003576
0.045811 0.947499 0.006690
0.514056 0.479137 0.006806
0.114982 0.879609 0.005409
0.889269 0.099351 0.011380
0.092866 0.901680 0.005454
0.043417 0.949717 0.006866
0.044214 0.949367 0.006419
0.080492 0.903771 0.015737
0.045315 0.946404 0.008281
0.791797 0.182521 0.025682
0.081923 0.911820 0.006257
0.255808 0.738491 0.005701
0.998931 0.000789 0.000280
0.104319 0.890089 0.005593
0.999999 0.000001 0.000001
0.902693 0.092417 0.004890
0.173361 0.815327 0.011312
0.064259 0.929684 0.006056
0.159241 0.835534 0.005225
0.051450 0.941941 0.006609
0.203795 0.790950 0.005255
0.054731 0.936637 0.008632
0.043126 0.949432 0.007442
0.999998 0.000002 0.000000
0.760532 0.208455 0.031012
0.991393 0.002269 0.006338
0.997888 0.001687 0.000426
1.000000 0.000000 0.000000
0.111771 0.883170 0.005059
0.064074 0.924703 0.011223
0.369496 0.621728 0.008776
0.097126 0.895512 0.007361
0.999998 0.000001 0.000001
0.074351 0.914547 0.011102
0.068428 0.917942 0.013630
0.336946 0.658264 0.004790
0.968434 0.030651 0.000915
0.071775 0.914699 0.013526
0.910707 0.068533 0.020760
0.079739 0.912850 0.007411
0.996108 0.003202 0.000691
0.112531 0.881484 0.005985
0.998561 0.001150 0.000289
0.147916 0.846687 0.005397
0.161957 0.811909 0.026135
0.051330 0.938450 0.010220
0.885114 0.098091 0.016795
0.736897 0.249598 0.013505
0.052656 0.940261 0.007083
1.000000 0.000000 0.000000
0.890715 0.097467 0.011818
0.999097 0.000735 0.000168
0.053934 0.938208 0.007858
0.073632 0.911429 0.014939
0.090907 0.900578 0.008514
0.189403 0.805158 0.005439
0.055930 0.938609 0.005461
0.042447 0.949917 0.007636
0.995350 0.003988 0.000663
0.162321 0.831924 0.005755
0.355832 0.638982 0.005186
0.099791 0.894801 0.005408
0.046295 0.947504 0.006202
0.303698 0.691755 0.004546
0.073853 0.918794 0.007353
0.952565 0.041518 0.005918
0.999423 0.000448 0.000129
0.081288 0.913337 0.005375
0.053597 0.937671 0.008732
0.080754 0.911990 0.007256
0.048696 0.943949 0.007354
0.071086 0.923387 0.005528
0.092801 0.900164 0.007034
0.969527 0.026560 0.003913
0.098994 0.893703 0.007303
0.057072 0.936301 0.006626
0.054614 0.939147 0.006239
0.857443 0.122565 0.019992
0.995451 0.003866 0.000683
0.301076 0.694042 0.004882
0.075682 0.918715 0.005603
0.044303 0.948569 0.007128
0.999103 0.000849 0.000047
0.131847 0.846341 0.021812
0.109327 0.883944 0.006729
0.121328 0.873433 0.005238
0.832911 0.147553 0.019536
0.104955 0.887612 0.007432
0.052987 0.940985 0.006029
0.050040 0.943917 0.006043
0.109582 0.883955 0.006463
0.147960 0.846274 0.005766
0.072739 0.921002 0.006259
0.048536 0.940990 0.010474
0.995144 0.003983 0.000873
0.044977 0.948497 0.006527
0.999641 0.000252 0.000106
0.599664 0.395359 0.004978
0.103344 0.889631 0.007025
0.043634 0.949369 0.006997
0.992014 0.006701 0.001285
0.055408 0.938892 0.005700
0.118653 0.875681 0.005666
0.147907 0.845308 0.006785
0.999995 0.000003 0.000002
0.981053 0.016359 0.002588
0.832418 0.129500 0.038082
0.073508 0.919029 0.007463
0.068640 0.919234 0.012127
0.994286 0.004750 0.000964
0.361483 0.633949 0.004569
0.044899 0.946934 0.008167
0.129268 0.865235 0.005496
0.047204 0.944563 0.008232
0.842720 0.141499 0.015781
0.062286 0.923575 0.014139
0.999856 0.000101 0.000044
0.050140 0.941568 0.008291
0.064522 0.920970 0.014508
0.968331 0.027845 0.003824
0.618193 0.378885 0.002922
0.306495 0.676386 0.017119
0.994221 0.004929 0.000850
0.047996 0.945570 0.006434
0.119424 0.874767 0.005808
0.047507 0.944156 0.008338
0.241497 0.753415 0.005089
0.140298 0.854299 0.005403
0.046260 0.947475 0.006265
0.779337 0.184927 0.035737
0.807713 0.155582 0.036705
0.094139 0.898498 0.007364
0.053518 0.940240 0.006243
0.116766 0.877421 0.005813
0.079264 0.913383 0.007353
0.044270 0.947845 0.007885
0.500936 0.494086 0.004978
0.078433 0.914271 0.007295
0.053143 0.935305 0.011553
0.997036 0.002340 0.000624
0.070208 0.922548 0.007244
0.999933 0.000041 0.000026
0.047557 0.944355 0.008089
0.124928 0.866977 0.008095
1.000000 0.000000 0.000000
0.058993 0.935381 0.005625
0.258567 0.722080 0.019353
0.999836 0.000119 0.000045
0.129731 0.863741 0.006528
0.969437 0.027572 0.002991
0.059604 0.930779 0.009617
0.121094 0.856645 0.022261
0.053634 0.939293 0.007073
0.939081 0.055473 0.005446
0.999994 0.000004 0.000002
0.071654 0.921122 0.007225
0.095153 0.898040 0.006807
0.999639 0.000289 0.000072
0.872363 0.109274 0.018363
0.788602 0.175281 0.036117
0.999939 0.000035 0.000027
0.052631 0.939910 0.007460
0.471733 0.524113 0.004154
0.810653 0.173345 0.016001
0.075168 0.919171 0.005660
0.213362 0.781632 0.005006
0.747778 0.226306 0.025916
0.064744 0.924287 0.010968
0.472653 0.509973 0.017373
0.421114 0.572370 0.006516
0.636667 0.359741 0.003593
0.062153 0.930029 0.007818
0.999912 0.000071 0.000017
0.071080 0.922717 0.006202
0.931480 0.067068 0.001452
0.043614 0.949729 0.006657
0.049307 0.941087 0.009606
0.068728 0.910566 0.020706
0.569311 0.423173 0.007517
0.498424 0.497332 0.004244
0.072350 0.920405 0.007245
0.959095 0.036566 0.004339
0.993209 0.001469 0.005322
0.902929 0.085748 0.011324
0.127631 0.866531 0.005838
0.084418 0.907707 0.007876
0.115867 0.863994 0.020139
0.546270 0.449774 0.003956
0.074137 0.911260 0.014603
0.046774 0.946629 0.006596
0.047382 0.946497 0.006121
0.149142 0.843586 0.007273
0.792876 0.188961 0.018164
0.802565 0.159873 0.037562
0.093628 0.901234 0.005137
0.996452 0.003049 0.000499
0.052289 0.938870 0.008842
0.085684 0.907482 0.006834
0.939452 0.053759 0.006789
0.097746 0.894499 0.007755
0.072259 0.920536 0.007205
0.999951 0.000027 0.000022
0.965770 0.032854 0.001375
0.072958 0.912593 0.014449
0.975423 0.023182 0.001395
0.051953 0.940862 0.007185
0.100743 0.892146 0.007111
0.894677 0.064402 0.040921
0.055705 0.936847 0.007448
0.067800 0.925084 0.007117
0.642829 0.353832 0.003339
0.867512 0.119310 0.013177
0.056954 0.933558 0.009488
0.901648 0.090121 0.008231
0.999989 0.000005 0.000006
0.057072 0.936580 0.006348
0.997767 0.001838 0.000395
0.104378 0.888976 0.006646
0.052075 0.939593 0.008332
0.108263 0.884226 0.007511
0.808435 0.156066 0.035499
0.096856 0.897559 0.005585
0.987119 0.011286 0.001596
0.108545 0.885444 0.006011
0.072660 0.920099 0.007241
0.983786 0.015968 0.000246
0.065084 0.927589 0.007328
0.400208 0.586445 0.013347
0.079891 0.914670 0.005439
0.098747 0.893912 0.007341
0.509227 0.486888 0.003885
0.966867 0.029310 0.003823
0.999999 0.000001 0.000001
0.047501 0.944781 0.007719
0.889759 0.099098 0.011143
0.773786 0.191492 0.034722
0.887700 0.099948 0.012352
0.047333 0.943996 0.008671
0.059094 0.928823 0.012083
0.093145 0.899342 0.007513
0.048691 0.944961 0.006348
0.171109 0.823956 0.004935
0.957301 0.037364 0.005335
0.372479 0.622517 0.005005
0.208342 0.780901 0.010757
0.875303 0.106991 0.017705
0.812135 0.132068 0.055797
0.864953 0.121663 0.013384
0.114100 0.874718 0.011181
0.999993 0.000003 0.000004
0.194053 0.800593 0.005353
0.089166 0.905266 0.005568
0.063175 0.925734 0.011091
0.221321 0.763893 0.014787
0.087038 0.906005 0.006956
0.493325 0.502900 0.003775
0.057444 0.932429 0.010127
0.121958 0.870826 0.007216
0.675640 0.319784 0.004575
0.998328 0.001286 0.000386
0.059847 0.931932 0.008221
0.608913 0.384744 0.006344
0.102989 0.889295 0.007716
0.341803 0.652162 0.006035
0.919572 0.079243 0.001185
0.044091 0.947249 0.008660
0.098752 0.895742 0.005506
0.059855 0.933946 0.006199
0.653952 0.341273 0.004774
0.997522 0.002147 0.000331
0.060721 0.925361 0.013917
0.072123 0.914936 0.012942
0.138189 0.856638 0.005173
0.893941 0.101328 0.004731
0.129142 0.862616 0.008241
0.053153 0.940828 0.006019
0.058708 0.931240 0.010052
0.101968 0.892548 0.005485
0.999997 0.000001 0.000001
0.512627 0.483288 0.004085
0.998884 0.000854 0.000262
0.999991 0.000004 0.000005
0.046257 0.947569 0.006174
0.101899 0.892679 0.005422
0.999969 0.000019 0.000013
0.997473 0.002115 0.000412
0.207347 0.787445 0.005208
0.165232 0.829374 0.005394
0.081963 0.909262 0.008776
0.999893 0.000075 0.000032
0.996435 0.002907 0.000658
0.999894 0.000079 0.000027
0.143501 0.849786 0.006713
0.997275 0.000248 0.002477
0.942871 0.050202 0.006927
0.999962 0.000024 0.000014
0.999513 0.000345 0.000142
0.159999 0.834270 0.005731
0.058601 0.929578 0.011821
0.097077 0.895424 0.007499
0.043563 0.949191 0.007247
0.093876 0.896443 0.009681
0.999776 0.000213 0.000012
0.049170 0.943048 0.007781
0.073431 0.920796 0.005773
0.761124 0.222310 0.016565
0.121778 0.872577 0.005645
0.981708 0.015911 0.002381
0.552646 0.443138 0.004216
0.180428 0.814118 0.005454
0.124660 0.869703 0.005636
0.999996 0.000002 0.000002
0.414846 0.574408 0.010746
0.792361 0.175888 0.031751
0.081736 0.905586 0.012678
0.999956 0.000028 0.000016
0.191703 0.802838 0.005459
0.998869 0.000897 0.000234
0.047886 0.942681 0.009433
0.048717 0.945193 0.006090
0.109665 0.883467 0.006868
0.058254 0.935553 0.006193
0.113857 0.880098 0.006045
0.054130 0.937080 0.008790
0.080523 0.912528 0.006949
0.108259 0.886714 0.005027
0.047301 0.943612 0.009087
0.829125 0.154178 0.016697
0.793182 0.181444 0.025375
0.046741 0.944597 0.008662
0.868488 0.117176 0.014336
0.057516 0.934694 0.007790
0.776865 0.196781 0.026354
0.823650 0.155708 0.020642
0.999793 0.000197 0.000010
0.045115 0.948423 0.006462
0.044576 0.948528 0.006896
0.106791 0.886083 0.007126
0.083726 0.910828 0.005446
0.057521 0.932562 0.009916
0.999217 0.000751 0.000032
0.797418 0.162411 0.040171
0.137745 0.856555 0.005700
0.860097 0.123708 0.016195
0.986492 0.011653 0.001855
0.874762 0.108208 0.017030
0.999915 0.000054 0.000031
0.055310 0.938277 0.006413
0.070716 0.923702 0.005582
0.856739 0.125085 0.018176
0.999489 0.000378 0.000133
0.043845 0.948174 0.007981
0.458156 0.529440 0.012405
0.085873 0.906714 0.007413
0.386944 0.608703 0.004353
0.048448 0.942866 0.008686
0.066971 0.921192 0.011837
0.963337 0.032053 0.004610
0.110452 0.883501 0.006047
0.170748 0.822591 0.006661
0.999996 0.000002 0.000002
0.998566 0.001097 0.000337
0.999110 0.000851 0.000039
0.060694 0.932457 0.006849
0.077700 0.913989 0.008311
0.941476 0.050418 0.008106
0.064145 0.930064 0.005790
1.000000 0.000000 0.000000
0.191889 0.800685 0.007426
0.998530 0.001377 0.000093
0.195368 0.799336 0.005296
0.999997 0.000001 0.000002
0.997587 0.002324 0.000089
0.999991 0.000004 0.000005
0.044713 0.947071 0.008216
0.077384 0.915316 0.007299
0.053588 0.939149 0.007263
0.055736 0.938560 0.005704
0.816443 0.164920 0.018636
0.587927 0.408713 0.003360
0.535332 0.456066 0.008601
0.154758 0.839982 0.005260
0.872184 0.110590 0.017226
0.099952 0.891851 0.008197
0.092941 0.899531 0.007528
0.059955 0.934708 0.005337
0.999973 0.000014 0.000012
0.096287 0.895308 0.008405
0.513408 0.482351 0.004241
0.053964 0.934313 0.011723
0.044295 0.947543 0.008162
0.045518 0.943141 0.011341
0.054579 0.934389 0.011033
0.077921 0.915626 0.006452
0.056440 0.937787 0.005773
0.999974 0.000013 0.000013
0.055549 0.938703 0.005748
0.816789 0.156088 0.027123
0.923099 0.075385 0.001516
0.491628 0.496594 0.011779
0.055188 0.938818 0.005995
0.105480 0.887959 0.006561
0.999007 0.000816 0.000177
0.797487 0.184466 0.018048
0.103359 0.890270 0.006370
0.795683 0.199967 0.004350
0.999985 0.000007 0.000007
0.142905 0.849469 0.007626
0.990534 0.008071 0.001395
0.999996 0.000003 0.000002
0.999999 0.000001 0.000001
0.057322 0.935298 0.007380
0.044248 0.948154 0.007597
0.595765 0.400803 0.003432
0.911575 0.077705 0.010720
0.053615 0.935075 0.011310
0.972535 0.026963 0.000502
0.675963 0.267484 0.056553
0.999822 0.000119 0.000059
0.883200 0.101401 0.015399
0.983038 0.014742 0.002220
0.044833 0.947777 0.007390
0.069759 0.924679 0.005562
0.999867 0.000111 0.000022
0.999752 0.000195 0.000053
0.056930 0.931976 0.011094
0.796643 0.177620 0.025737
0.999852 0.000137 0.000011
0.615990 0.378506 0.005504
0.999976 0.000012 0.000013
0.221249 0.773718 0.005033
0.111698 0.881074 0.007228
0.495529 0.477033 0.027437
0.983184 0.016593 0.000223
0.115353 0.877368 0.007279
0.983920 0.014243 0.001838
0.067823 0.925049 0.007128
0.073017 0.913966 0.013017
0.995503 0.003674 0.000823
0.991217 0.008259 0.000524
0.999545 0.000426 0.000029
0.061580 0.931135 0.007286
0.986671 0.011389 0.001940
0.041215 0.950704 0.008081
0.946780 0.052248 0.000972
0.196015 0.798947 0.005038
0.044202 0.947732 0.008066
0.905637 0.082107 0.012256
0.912369 0.078354 0.009277
0.766860 0.194791 0.038349
0.243943 0.750931 0.005126
0.127388 0.866680 0.005932
0.064905 0.927967 0.007128
0.129970 0.861847 0.008183
0.954849 0.040033 0.005117
0.998584 0.001375 0.000042
0.048154 0.943974 0.007872
0.076453 0.908421 0.015126
0.065729 0.927152 0.007119
0.887247 0.099318 0.013434
0.061166 0.931129 0.007705
0.997877 0.001727 0.000396
0.050730 0.941985 0.007285
0.994761 0.005065 0.000174
0.105731 0.887582 0.006687
0.938609 0.026850 0.034541
0.304395 0.690650 0.004955
0.999750 0.000173 0.000077
0.067579 0.925146 0.007275
0.086348 0.906211 0.007441
0.995288 0.004562 0.000149
0.174998 0.819857 0.005144
0.044987 0.946204 0.008809
0.054350 0.938631 0.007018
0.046482 0.945522 0.007996
0.060320 0.931901 0.007780
0.195944 0.798475 0.005581
0.041893 0.950447 0.007659
0.512793 0.449617 0.037590
0.827893 0.152584 0.019522
0.093731 0.878234 0.028035
0.862637 0.123279 0.014085
0.042464 0.949056 0.008480
0.999709 0.000215 0.000076
0.049489 0.942271 0.008241
0.170537 0.824027 0.005436
0.195370 0.770487 0.034143
0.043910 0.948763 0.007327
0.147991 0.847039 0.004969
0.527477 0.424186 0.048337
0.050020 0.943591 0.006389
0.951973 0.047145 0.000882
0.087304 0.906496 0.006200
0.876639 0.087070 0.036291
0.978857 0.019769 0.001374
0.148073 0.839463 0.012464
0.094450 0.876905 0.028646
0.999853 0.000094 0.000052
0.479247 0.516438 0.004315
0.067051 0.927338 0.005611
0.081886 0.910765 0.007349
0.151424 0.841304 0.007272
0.061360 0.932581 0.006059
0.180279 0.814577 0.005144
0.895098 0.091212 0.013689
0.050744 0.939315 0.009940
0.043967 0.949201 0.006832
0.097650 0.895043 0.007307
0.209957 0.745204 0.044839
0.921667 0.068368 0.009965
0.055712 0.938579 0.005710
0.995734 0.004149 0.000117
1.000000 0.000000 0.000000
0.941059 0.051900 0.007041
0.999871 0.000087 0.000043
0.999996 0.000001 0.000002
0.122642 0.871600 0.005758
0.999746 0.000194 0.000060
0.084373 0.908260 0.007367
0.046572 0.946718 0.006711
0.065512 0.927226 0.007261
0.073991 0.911871 0.014138
0.075310 0.917481 0.007208
0.353059 0.642184 0.004757
0.098637 0.893905 0.007458
0.969305 0.029229 0.001466
0.999910 0.000054 0.000036
0.992842 0.000574 0.006585
0.059032 0.935135 0.005833
0.070696 0.915083 0.014221
0.060490 0.932173 0.007337
0.999762 0.000181 0.000056
0.091003 0.901728 0.007269
0.997784 0.002115 0.000101
0.174011 0.819856 0.006133
0.045260 0.946652 0.008088
0.689738 0.300584 0.009679
0.782930 0.189880 0.027191
0.045575 0.944197 0.010229
0.992188 0.006448 0.001364
0.046640 0.945329 0.008031
0.117323 0.876432 0.006245
0.053367 0.939338 0.007295
0.059430 0.928552 0.012018
0.997878 0.001787 0.000335
0.086770 0.907767 0.005463
0.050232 0.943721 0.006047
0.288665 0.701815 0.009520
0.043783 0.949120 0.007097
0.801208 0.162716 0.036076
0.117321 0.876179 0.006501
0.095219 0.897309 0.007471
0.048451 0.945736 0.005813
0.194503 0.800094 0.005403
0.097209 0.896026 0.006766
0.998709 0.001065 0.000226
0.925623 0.071012 0.003365
0.703400 0.255367 0.041233
0.999996 0.000002 0.000001
0.114708 0.878880 0.006411
0.067021 0.924807 0.008172
0.922002 0.069175 0.008823
0.051612 0.941199 0.007189
0.653590 0.341670 0.004740
0.999676 0.000220 0.000104
0.787599 0.186458 0.025943
0.987413 0.012399 0.000187
0.998832 0.001082 0.000086
0.060302 0.932568 0.007130
0.173373 0.821131 0.005496
0.079015 0.914614 0.006372
0.998996 0.000785 0.000219
0.094660 0.897357 0.007984
0.213075 0.779346 0.007579
0.104715 0.888682 0.006603
0.920869 0.069084 0.010047
1.000000 0.000000 0.000000
0.102005 0.891114 0.006881
0.119990 0.873301 0.006709
0.056552 0.930920 0.012528
0.924706 0.066184 0.009110
0.069398 0.923420 0.007181
0.580511 0.392362 0.027127
0.047913 0.943482 0.008605
0.064446 0.929846 0.005708
0.043734 0.947836 0.008430
0.905514 0.082682 0.011804
0.748662 0.215374 0.035965
0.049686 0.941518 0.008795
0.744554 0.221987 0.033459
0.789800 0.169145 0.041055
0.063710 0.930297 0.005993
0.167902 0.827159 0.004938
0.061688 0.926890 0.011422
0.999891 0.000067 0.000042
0.994931 0.004098 0.000971
0.170201 0.821675 0.008124
0.926025 0.063943 0.010031
0.840956 0.123068 0.035976
0.120473 0.873717 0.005809
0.109593 0.883600 0.006807
0.999843 0.000110 0.000047
0.942068 0.052402 0.005530
0.136998 0.857049 0.005953
0.063108 0.931118 0.005774
0.098801 0.894051 0.007147
0.047051 0.946265 0.006684
0.262585 0.732214 0.005202
0.757994 0.207640 0.034366
0.080311 0.912387 0.007302
0.115362 0.877931 0.006706
0.999904 0.000069 0.000026
0.999909 0.000054 0.000037
0.903722 0.083659 0.012619
0.602165 0.369149 0.028686
0.112358 0.881594 0.006048
0.999250 0.000567 0.000183
0.053959 0.937962 0.008079
0.118260 0.875611 0.006129
0.794948 0.178186 0.026866
0.974368 0.022261 0.003372
0.999958 0.000033 0.000009
0.174315 0.815731 0.009954
0.061338 0.931412 0.007249
0.999139 0.000803 0.000058
0.996323 0.003289 0.000388
0.080033 0.912597 0.007369
0.257176 0.730077 0.012747
0.225665 0.769181 0.005154
0.098580 0.895892 0.005528
0.917648 0.081206 0.001147
0.087092 0.905444 0.007463
0.907847 0.081808 0.010345
0.075085 0.909143 0.015772
0.899634 0.091695 0.008671
0.988815 0.009483 0.001702
0.817064 0.140057 0.042879
0.095317 0.896207 0.008476
0.997309 0.002587 0.000104
0.893385 0.095669 0.010945
0.196195 0.798674 0.005131
0.999968 0.000023 0.000010
0.911410 0.087220 0.001370
0.043662 0.949211 0.007127
0.891526 0.064985 0.043489
0.999999 0.000000 0.000000
0.156725 0.834980 0.008295
0.179243 0.815611 0.005146
0.997853 0.002051 0.000096
0.999839 0.000151 0.000010
0.065164 0.915276 0.019560
0.049179 0.944796 0.006025
0.829145 0.152703 0.018151
0.203534 0.785510 0.010956
0.042967 0.948383 0.008650
0.695765 0.300983 0.003252
0.087091 0.905494 0.007415
0.116220 0.877918 0.005862
0.561747 0.434967 0.003285
0.070942 0.919063 0.009996
0.199013 0.795600 0.005387
0.125741 0.866456 0.007803
0.999354 0.000492 0.000154
0.409251 0.586835 0.003914
1.000000 0.000000 0.000000
0.225919 0.763815 0.010266
0.101980 0.892879 0.005142
0.993947 0.005971 0.000082
0.045183 0.947407 0.007410
0.047170 0.946558 0.006272
0.834631 0.147426 0.017943
0.104514 0.888751 0.006734
0.979426 0.017810 0.002764
0.948292 0.045690 0.006018
0.097035 0.895549 0.007415
1.000000 0.000000 0.000000
0.999711 0.000236 0.000053
0.165513 0.826919 0.007568
0.266610 0.719721 0.013669
0.201286 0.793505 0.005209
0.777732 0.217704 0.004564
0.249599 0.745414 0.004987
0.098463 0.894556 0.006980
0.083704 0.896119 0.020177
0.371253 0.622764 0.005983
0.999983 0.000015 0.000002
0.692797 0.278258 0.028945
0.050536 0.938715 0.010748
0.056041 0.938226 0.005733
0.069840 0.922761 0.007399
0.999992 0.000003 0.000004
0.288650 0.706312 0.005038
0.075634 0.918417 0.005948
0.970013 0.010594 0.019393
0.072672 0.922137 0.005191
0.095291 0.899427 0.005282
0.117139 0.876886 0.005974
0.753862 0.243589 0.002549
0.046854 0.946289 0.006857
0.082788 0.911595 0.005616
0.447270 0.539659 0.013071
0.046700 0.945755 0.007545
0.088269 0.904426 0.007304
0.061593 0.928521 0.009887
0.055129 0.933879 0.010992
0.327209 0.668108 0.004683
0.323574 0.670469 0.005957
0.060234 0.927595 0.012172
0.259945 0.734274 0.005780
0.947351 0.046880 0.005770
0.845060 0.135046 0.019894
0.997678 0.002258 0.000064
0.163231 0.831775 0.004994
0.999524 0.000360 0.000116
0.573984 0.408898 0.017118
0.054012 0.934161 0.011827
0.112442 0.881698 0.005859
0.096563 0.898012 0.005425
0.998303 0.001427 0.000270
0.813636 0.167012 0.019352
0.934194 0.060246 0.005560
0.039601 0.950740 0.009659
0.999658 0.000286 0.000056
0.060836 0.925713 0.013451
0.994528 0.004437 0.001035
0.113520 0.880568 0.005912
0.110812 0.882837 0.006351
0.875676 0.108136 0.016189
0.162653 0.831809 0.005538
0.142600 0.851801 0.005599
0.996484 0.003061 0.000455
0.955124 0.039562 0.005314
0.089542 0.903657 0.006801
0.776506 0.195964 0.027530
0.957999 0.037759 0.004242
0.906341 0.081537 0.012122
0.071286 0.921519 0.007195
0.102787 0.889457 0.007756
0.065947 0.926861 0.007193
0.098792 0.893848 0.007360
0.216696 0.776646 0.006658
0.063944 0.923979 0.012078
0.110532 0.881695 0.007773
0.085326 0.909195 0.005478
0.972229 0.024425 0.003345
0.115293 0.874766 0.009941
0.049966 0.943841 0.006193
0.061296 0.933084 0.005620
0.893428 0.093178 0.013394
0.999955 0.000026 0.000018
0.049318 0.943285 0.007397
0.173132 0.810901 0.015967
0.434588 0.560949 0.004463
0.190095 0.805014 0.004891
0.900061 0.096615 0.003325
0.196515 0.797553 0.005932
0.046036 0.945526 0.008438
0.999452 0.000447 0.000101
0.999549 0.000435 0.000016
0.999834 0.000117 0.000050
0.173104 0.817905 0.008991
0.996480 0.003418 0.000103
0.999856 0.000104 0.000041
0.998923 0.001040 0.000037
0.860645 0.120910 0.018445
0.122557 0.870707 0.006736
0.905034 0.081096 0.013870
0.108285 0.844273 0.047442
0.964515 0.032032 0.003453
0.506448 0.489608 0.003945
0.049489 0.942432 0.008079
0.239321 0.755607 0.005071
0.086440 0.906471 0.007089
0.999997 0.000001 0.000002
0.987884 0.011896 0.000220
0.099918 0.892743 0.007339
0.130116 0.864393 0.005491
0.170430 0.804735 0.024835
0.347052 0.648174 0.004774
0.997241 0.002299 0.000460
0.995474 0.004393 0.000134
0.054056 0.939824 0.006120
0.052800 0.941397 0.005803
0.063145 0.930977 0.005878
0.058572 0.930681 0.010747
0.791926 0.171520 0.036555
0.933839 0.058258 0.007904
0.057821 0.936740 0.005438
0.970755 0.025528 0.003717
0.950220 0.048852 0.000928
0.791599 0.182831 0.025570
0.097439 0.895520 0.007040
0.067526 0.926570 0.005904
0.045472 0.946225 0.008304
0.059256 0.934675 0.006069
0.998921 0.000793 0.000286
0.072372 0.921678 0.005950
0.046104 0.947621 0.006275
0.999865 0.000096 0.000039
0.073316 0.921284 0.005400
0.050209 0.942586 0.007205
0.071053 0.923390 0.005557
0.186929 0.791690 0.021380
0.108849 0.884452 0.006699
0.076325 0.916447 0.007227
0.045464 0.945031 0.009505
0.063289 0.930733 0.005978
0.982781 0.014986 0.002234
0.999606 0.000320 0.000075
0.149352 0.839435 0.011213
0.053086 0.936839 0.010074
0.696727 0.300459 0.002813
0.074593 0.919262 0.006145
0.792633 0.203552 0.003815
0.089404 0.903929 0.006666
0.047560 0.946032 0.006409
0.142884 0.850416 0.006700
1.000000 0.000000 0.000000
0.097465 0.894199 0.008336
0.061372 0.932163 0.006465
0.935104 0.057425 0.007471
0.051867 0.942205 0.005927
0.241993 0.752794 0.005213
0.460518 0.534845 0.004637
0.736402 0.234887 0.028711
0.906158 0.081144 0.012697
0.986223 0.011811 0.001966
0.999825 0.000130 0.000045
0.530685 0.465529 0.003786
0.212844 0.781913 0.005244
0.121194 0.872769 0.006037
0.108042 0.878299 0.013659
0.957641 0.037482 0.004877
0.997950 0.001756 0.000294
0.055795 0.935687 0.008518
0.068010 0.924654 0.007336
0.894871 0.092470 0.012660
0.045476 0.948115 0.006409
0.050574 0.940959 0.008466
0.198315 0.796493 0.005192
0.511941 0.481516 0.006543
0.146611 0.846463 0.006926
0.051065 0.943026 0.005909
0.811767 0.149422 0.038811
0.138515 0.837680 0.023806
0.778604 0.185107 0.036288
0.104778 0.888407 0.006816
0.758800 0.206229 0.034971
0.052356 0.938617 0.009028
0.043298 0.949101 0.007601
0.968786 0.027546 0.003668
0.186394 0.807073 0.006534
0.064183 0.928754 0.007063
0.999985 0.000011 0.000004
0.999664 0.000264 0.000072
0.137179 0.857425 0.005396
0.055764 0.938797 0.005439
0.116177 0.878235 0.005588
0.995074 0.004080 0.000845
0.123749 0.869521 0.006730
0.046647 0.946856 0.006497
0.857579 0.130878 0.011543
0.751951 0.223919 0.024130
0.999256 0.000715 0.000029
0.156390 0.836647 0.006963
0.119440 0.873179 0.007382
0.994981 0.004317 0.000703
0.051843 0.942202 0.005955
0.866965 0.118812 0.014223
0.987920 0.011710 0.000370
0.114229 0.880085 0.005685
0.880281 0.102850 0.016869
0.927885 0.070913 0.001202
0.382681 0.611009 0.006309
0.652795 0.343633 0.003572
0.994187 0.005654 0.000159
0.893213 0.092373 0.014413
0.109680 0.884011 0.006310
0.098991 0.894520 0.006489
0.116432 0.878141 0.005427
0.645310 0.324715 0.029975
0.096666 0.896534 0.006800
0.094579 0.899428 0.005993
0.118757 0.875482 0.005761
0.996528 0.002876 0.000596
0.926682 0.065002 0.008316
0.760006 0.229471 0.010523
0.924743 0.074457 0.000800
0.530181 0.453777 0.016041
0.055466 0.936129 0.008406
0.672764 0.296690 0.030546
0.052727 0.939936 0.007337
0.211929 0.779124 0.008947
0.141276 0.826082 0.032642
0.999332 0.000640 0.000028
0.642144 0.342781 0.015074
0.773220 0.199428 0.027353
0.999655 0.000251 0.000093
0.991371 0.007135 0.001494
0.074453 0.919473 0.006074
0.091180 0.903338 0.005482
0.814076 0.160958 0.024966
0.044898 0.947421 0.007680
0.118900 0.863278 0.017822
0.124821 0.869550 0.005629
0.058152 0.929329 0.012519
0.863320 0.128722 0.007958
0.696896 0.268753 0.034351
0.984616 0.014047 0.001338
0.060210 0.934006 0.005784
0.957978 0.037046 0.004975
0.091278 0.901121 0.007601
0.829292 0.152368 0.018340
0.047268 0.945605 0.007128
0.287452 0.707257 0.005291
0.999883 0.000070 0.000047
0.997388 0.002156 0.000456
0.978481 0.019634 0.001885
0.921260 0.070189 0.008551
0.052984 0.941231 0.005785
0.055926 0.933964 0.010109
0.908283 0.051415 0.040302
0.095381 0.897242 0.007377
0.047815 0.944636 0.007549
0.873408 0.110349 0.016243
0.133388 0.859860 0.006753
0.061027 0.927086 0.011886
0.074233 0.914948 0.010818
0.083680 0.908931 0.007388
0.043888 0.948601 0.007511
0.185673 0.808987 0.005340
0.939721 0.054232 0.006047
0.121072 0.873522 0.005407
0.983201 0.014543 0.002256
0.079966 0.913971 0.006063
0.149118 0.841246 0.009636
1.000000 0.000000 0.000000
0.231430 0.763439 0.005131
0.079071 0.915257 0.005672
0.044960 0.948271 0.006769
0.153686 0.841270 0.005044
0.955336 0.043921 0.000744
0.172561 0.819311 0.008128
0.993630 0.005597 0.000773
0.070850 0.923608 0.005541
0.307724 0.673601 0.018675
0.058108 0.929074 0.012818
0.107610 0.886806 0.005584
0.749132 0.224381 0.026487
0.999250 0.000594 0.000156
0.049095 0.943801 0.007104
0.858324 0.136039 0.005638
0.056331 0.936298 0.007371
0.073913 0.918849 0.007238
0.997936 0.001658 0.000406
0.048310 0.945222 0.006468
0.096535 0.898040 0.005425
0.986810 0.011433 0.001757
0.153010 0.841585 0.005405
0.999969 0.000019 0.000012
0.997441 0.002121 0.000438
0.929862 0.063372 0.006766
0.989829 0.008803 0.001368
0.063076 0.925930 0.010994
0.119098 0.875152 0.005750
0.925750 0.073099 0.001151
0.469788 0.526202 0.004010
0.895916 0.089353 0.014731
0.946020 0.047955 0.006026
0.964798 0.030857 0.004345
0.885006 0.113842 0.001152
0.918144 0.072182 0.009675
0.996747 0.002986 0.000267
0.048189 0.942972 0.008840
0.116646 0.877884 0.005470
0.312202 0.683195 0.004602
0.213195 0.762209 0.024596
0.905388 0.081847 0.012765
0.066298 0.928030 0.005672
0.059079 0.934308 0.006614
0.045057 0.948274 0.006669
0.065802 0.927038 0.007159
0.055372 0.929935 0.014693
0.114760 0.879365 0.005875
0.996366 0.003025 0.000609
0.999512 0.000357 0.000131
0.055504 0.937387 0.007109
0.050358 0.943324 0.006319
0.171573 0.823065 0.005363
0.837082 0.143372 0.019546
0.171143 0.821292 0.007565
0.929553 0.062649 0.007798
0.575895 0.416572 0.007534
0.081694 0.911100 0.007206
0.062695 0.931225 0.006081
0.752271 0.218357 0.029372
0.117460 0.876102 0.006439
0.990771 0.007835 0.001394
0.043138 0.949249 0.007614
0.050353 0.941608 0.008039
0.995790 0.003550 0.000660
0.483151 0.494401 0.022449
0.931457 0.065597 0.002946
0.045044 0.947850 0.007106
0.834989 0.142278 0.022733
0.137720 0.856356 0.005924
0.045722 0.945554 0.008724
0.756987 0.230332 0.012681
0.684549 0.286523 0.028929
0.074002 0.918761 0.007237
0.999538 0.000384 0.000078
0.055859 0.937425 0.006716
0.062253 0.930557 0.007190
0.994021 0.005203 0.000776
0.066626 0.919623 0.013750
0.999955 0.000031 0.000013
0.766889 0.197259 0.035852
0.099279 0.893399 0.007321
0.943265 0.049857 0.006878
0.234297 0.760499 0.005204
0.839455 0.137993 0.022552
0.088230 0.904496 0.007274
0.284348 0.710636 0.005016
0.925120 0.066817 0.008063
0.081406 0.913370 0.005224
0.100222 0.894364 0.005414
0.047011 0.945239 0.007750
0.276164 0.716696 0.007141
0.995809 0.004109 0.000082
0.122386 0.872018 0.005596
0.999999 0.000000 0.000000
0.996225 0.003077 0.000697
0.961585 0.033831 0.004585
0.840493 0.144922 0.014585
0.999963 0.000020 0.000016
0.999944 0.000031 0.000025
0.936863 0.055840 0.007297
0.999992 0.000007 0.000001
0.105797 0.887568 0.006635
0.060008 0.934142 0.005849
0.045243 0.946464 0.008293
0.506813 0.466227 0.026961
0.202561 0.792029 0.005410
0.999998 0.000001 0.000001
0.424763 0.562621 0.012616
0.059081 0.927810 0.013110
0.877098 0.105387 0.017516
0.146890 0.844948 0.008162
0.747233 0.220469 0.032299
0.999911 0.000071 0.000018
0.982675 0.014918 0.002406
0.983051 0.014732 0.002217
0.206932 0.787824 0.005243
1.000000 0.000000 0.000000
0.194749 0.799990 0.005260
0.147992 0.846892 0.005116
0.696567 0.288842 0.014591
0.129436 0.865068 0.005496
0.077429 0.913728 0.008842
0.094003 0.898392 0.007605
0.999781 0.000179 0.000040
0.927975 0.063724 0.008301
0.114896 0.879262 0.005843
0.994961 0.004164 0.000875
0.104464 0.888728 0.006808
0.805548 0.192370 0.002081
0.966398 0.030286 0.003316
0.999917 0.000056 0.000027
0.939873 0.054702 0.005426
0.615072 0.381129 0.003799
0.044098 0.949566 0.006336
0.070175 0.924446 0.005380
0.150284 0.843279 0.006438
0.961376 0.034373 0.004251
0.873072 0.115172 0.011756
0.136909 0.857687 0.005404
0.999985 0.000009 0.000006
0.999846 0.000116 0.000038
0.999462 0.000478 0.000060
0.906531 0.081727 0.011741
0.982662 0.015289 0.002048
0.997486 0.002105 0.000409
0.042269 0.949641 0.008090
0.903183 0.085215 0.011602
0.643299 0.345426 0.011275
0.834294 0.145499 0.020207
0.050753 0.943048 0.006199
0.197137 0.797616 0.005246
0.049837 0.940216 0.009947
0.827448 0.153266 0.019286
0.049209 0.944344 0.006447
0.130159 0.864422 0.005419
0.984756 0.002106 0.013137
0.046734 0.945437 0.007829
0.999890 0.000075 0.000035
0.048579 0.944464 0.006957
0.999992 0.000004 0.000004
0.050344 0.943222 0.006435
0.385826 0.590527 0.023648
0.905809 0.081352 0.012839
0.056178 0.933645 0.010178
0.838252 0.141179 0.020569
0.076003 0.910401 0.013596
0.822530 0.157303 0.020166
0.126060 0.868211 0.005729
0.066665 0.927425 0.005910
0.966626 0.032725 0.000649
0.111453 0.881556 0.006991
0.999473 0.000383 0.000144
0.048842 0.941910 0.009249
0.092535 0.885593 0.021873
0.046129 0.945779 0.008092
0.061187 0.933070 0.005742
0.047361 0.944483 0.008155
0.046797 0.946316 0.006886
0.985360 0.013087 0.001553
0.899237 0.066473 0.034290
0.151971 0.836211 0.011818
0.408141 0.587831 0.004027
0.109604 0.884824 0.005572
0.070776 0.923204 0.006020
0.048980 0.945066 0.005954
0.058281 0.929204 0.012515
0.998249 0.001700 0.000051
0.120514 0.873731 0.005755
0.995656 0.003614 0.000730
0.152963 0.841620 0.005417
0.794730 0.169351 0.035918
0.263458 0.731684 0.004858
0.048545 0.944719 0.006736
0.760851 0.209619 0.029530
0.400856 0.592965 0.006178
0.820430 0.155982 0.023588
0.065151 0.926535 0.008314
0.885716 0.104617 0.009667
0.999214 0.000608 0.000179
0.132280 0.862329 0.005391
0.042862 0.950100 0.007038
0.333522 0.661036 0.005442
0.138052 0.856697 0.005251
0.123790 0.870553 0.005657
0.173502 0.793895 0.032603
0.125387 0.869067 0.005546
0.147259 0.847468 0.005274
0.340308 0.638305 0.021388
0.633254 0.336928 0.029817
0.982330 0.015801 0.001868
0.249445 0.745347 0.005208
0.998684 0.001241 0.000074
0.051333 0.942832 0.005835
0.078990 0.915326 0.005683
0.357981 0.628683 0.013336
0.049323 0.940459 0.010218
0.152259 0.825087 0.022654
0.768335 0.198527 0.033138
0.259135 0.733644 0.007221
0.248325 0.742066 0.009610
0.060550 0.929076 0.010375
0.725369 0.239384 0.035247
0.069053 0.923695 0.007252
0.098296 0.894863 0.006840
0.126675 0.861319 0.012006
0.999916 0.000061 0.000023
0.998318 0.001535 0.000148
0.104643 0.888763 0.006595
0.910359 0.080123 0.009519
0.714788 0.274013 0.011198
0.196041 0.791416 0.012543
0.046674 0.946730 0.006597
0.046937 0.945485 0.007578
0.079121 0.913486 0.007393
0.434272 0.559328 0.006400
0.073915 0.918713 0.007372
0.146276 0.842957 0.010767
0.050399 0.942173 0.007428
0.105834 0.887223 0.006943
0.763317 0.234674 0.002009
0.086310 0.906401 0.007288
0.898849 0.088464 0.012687
0.044853 0.945489 0.009658
0.128847 0.866090 0.005063
0.103988 0.889349 0.006663
0.056074 0.931423 0.012503
0.999998 0.000002 0.000000
0.089418 0.903073 0.007508
0.068187 0.924689 0.007124
0.149045 0.840374 0.010581
0.999998 0.000001 0.000001
0.116487 0.875280 0.008233
0.042949 0.949575 0.007476
0.260208 0.732588 0.007204
0.658831 0.338481 0.002688
0.856134 0.128896 0.014970
0.067719 0.924883 0.007398
0.111005 0.883430 0.005564
0.547991 0.432195 0.019813
0.102772 0.890340 0.006888
0.051660 0.942520 0.005820
0.054996 0.937017 0.007987
0.114398 0.880551 0.005051
0.230461 0.758323 0.011216
0.061431 0.932539 0.006030
0.881129 0.077728 0.041143
0.103431 0.889902 0.006667
0.106356 0.888236 0.005407
0.898713 0.090117 0.011170
0.642500 0.354307 0.003192
0.052740 0.940642 0.006618
0.083263 0.909455 0.007282
0.067420 0.925459 0.007120
1.000000 0.000000 0.000000
0.098286 0.894319 0.007395
0.999390 0.000513 0.000097
0.994402 0.005419 0.000179
0.128121 0.866344 0.005535
0.998540 0.001145 0.000315
0.054439 0.930262 0.015299
0.052594 0.937051 0.010354
0.058489 0.935236 0.006275
0.050787 0.939197 0.010016
0.103529 0.877113 0.019359
0.811127 0.159453 0.029420
0.662891 0.333206 0.003903
0.988253 0.010006 0.001742
0.044439 0.948347 0.007214
0.054527 0.939661 0.005812
0.999742 0.000247 0.000011
0.047997 0.944349 0.007654
0.786444 0.190362 0.023194
0.126419 0.866863 0.006718
0.999235 0.000596 0.000170
0.997209 0.002224 0.000567
0.090177 0.901201 0.008621
0.577025 0.418282 0.004692
0.737389 0.236256 0.026355
0.046867 0.945363 0.007770
0.810371 0.169624 0.020006
0.999998 0.000001 0.000001
0.199222 0.793580 0.007198
0.221945 0.772800 0.005254
0.857414 0.127360 0.015226
0.943668 0.049561 0.006771
0.974219 0.025384 0.000398
0.281773 0.711286 0.006942
0.053267 0.936841 0.009893
0.110995 0.882585 0.006419
0.048844 0.943773 0.007382
0.080069 0.914269 0.005661
0.873856 0.113996 0.012148
0.985265 0.012879 0.001856
0.098143 0.896663 0.005193
0.067419 0.927021 0.005560
0.998983 0.000798 0.000220
0.069684 0.924178 0.006138
0.116161 0.877905 0.005934
0.965684 0.033815 0.000501
0.829302 0.141595 0.029103
0.756315 0.193789 0.049896
0.046387 0.945294 0.008319
0.845253 0.140701 0.014046
0.652261 0.344947 0.002791
0.977635 0.021838 0.000527
0.067533 0.925363 0.007104
0.044930 0.947895 0.007176
0.126128 0.868341 0.005531
0.052458 0.941565 0.005977
0.115751 0.877504 0.006745
0.976464 0.020627 0.002910
0.999237 0.000590 0.000173
0.055088 0.938486 0.006426
0.525157 0.470559 0.004284
0.982658 0.015099 0.002243
0.971429 0.027302 0.001269
0.082880 0.909475 0.007645
0.363452 0.631508 0.005041
0.074846 0.917893 0.007261
0.059405 0.932507 0.008088
0.073162 0.919266 0.007572
0.162088 0.831452 0.006460
0.428274 0.560521 0.011205
0.100971 0.891883 0.007146
0.988932 0.010851 0.000217
0.995982 0.003299 0.000719
0.925858 0.065964 0.008179
0.997653 0.001961 0.000386
0.997255 0.002268 0.000477
0.841860 0.136049 0.022091
0.187494 0.805068 0.007438
0.853562 0.127170 0.019268
0.072283 0.922069 0.005649
0.864278 0.118356 0.017366
0.062034 0.931204 0.006762
0.194617 0.799696 0.005687
0.997281 0.002139 0.000580
0.431070 0.564260 0.004670
0.051764 0.941169 0.007067
0.811972 0.164667 0.023361
0.944088 0.049709 0.006202
0.837955 0.124518 0.037528
0.319057 0.676074 0.004868
0.110762 0.883780 0.005458
0.048126 0.944801 0.007073
0.116224 0.878577 0.005198
0.150859 0.844106 0.005035
0.808788 0.169070 0.022141
1.000000 0.000000 0.000000
0.069947 0.922740 0.007313
0.106114 0.887200 0.006686
0.814698 0.114880 0.070422
0.302193 0.692937 0.004870
0.137437 0.834970 0.027592
0.999998 0.000001 0.000001
0.997952 0.001825 0.000223
0.933822 0.058391 0.007787
0.999909 0.000062 0.000029
0.121587 0.856434 0.021979
0.999968 0.000022 0.000010
0.793059 0.177394 0.029547
0.225839 0.768013 0.006148
0.999926 0.000043 0.000031
0.900229 0.089962 0.009809
0.999998 0.000002 0.000001
0.986513 0.011604 0.001883
0.063921 0.928038 0.008041
0.044584 0.947927 0.007488
0.984809 0.013309 0.001883
0.997885 0.001621 0.000494
0.999981 0.000010 0.000009
0.973327 0.023504 0.003169
0.438741 0.556827 0.004432
0.052681 0.941422 0.005897
0.093531 0.901051 0.005419
0.105956 0.888584 0.005460
0.051781 0.937626 0.010593
0.933317 0.059584 0.007100
0.917979 0.072099 0.009922
0.070360 0.924416 0.005223
0.044485 0.948094 0.007421
0.045513 0.948293 0.006194
0.105422 0.888902 0.005676
0.186174 0.808902 0.004924
0.151091 0.843764 0.005144
0.192774 0.801935 0.005292
0.400418 0.594633 0.004948
0.998446 0.001277 0.000277
0.894354 0.074015 0.031631
0.050231 0.940321 0.009448
0.999966 0.000030 0.000003
0.058877 0.933909 0.007215
0.085684 0.908550 0.005766
0.038517 0.950769 0.010714
0.892209 0.071238 0.036553
0.062515 0.931690 0.005795
0.089740 0.904503 0.005757
0.374277 0.614526 0.011197
0.619093 0.377608 0.003298
0.075486 0.918125 0.006389
0.894750 0.104060 0.001190
0.042915 0.949762 0.007322
0.220244 0.774524 0.005232
0.209512 0.781487 0.009000
0.078697 0.915795 0.005508
0.993151 0.005782 0.001067
1.000000 0.000000 0.000000
0.047629 0.946193 0.006177
0.451509 0.543167 0.005324
0.084908 0.905855 0.009237
0.047304 0.943645 0.009051
0.524890 0.463923 0.011187
0.997833 0.002048 0.000119
0.051880 0.939285 0.008836
0.616733 0.361275 0.021992
0.293825 0.673692 0.032483
0.427746 0.568144 0.004110
0.055364 0.937923 0.006713
0.052673 0.937304 0.010024
0.793247 0.154470 0.052283
0.048768 0.942765 0.008466
0.508757 0.487956 0.003287
0.052187 0.936363 0.011450
0.999835 0.000113 0.000052
0.088169 0.905834 0.005997
0.998979 0.000808 0.000212
0.172876 0.821530 0.005594
0.999901 0.000059 0.000040
0.991983 0.006740 0.001277
0.064273 0.929883 0.005844
0.060497 0.933026 0.006478
0.998789 0.000902 0.000309
0.216059 0.777160 0.006781
0.073655 0.920819 0.005527
0.209539 0.784740 0.005720
0.102772 0.890339 0.006888
0.990385 0.008364 0.001252
0.999992 0.000004 0.000003
0.999894 0.000074 0.000032
0.101843 0.880109 0.018048
0.112106 0.882271 0.005623
0.991243 0.008592 0.000165
0.837960 0.159824 0.002215
0.999998 0.000001 0.000001
0.047009 0.946988 0.006003
0.172527 0.811383 0.016090
0.158536 0.836053 0.005411
0.853892 0.131046 0.015061
0.999886 0.000074 0.000040
0.090913 0.903141 0.005946
0.097143 0.895477 0.007379
0.275017 0.719987 0.004995
0.999965 0.000021 0.000014
0.998818 0.000914 0.000268
0.089945 0.903068 0.006987
