-0.000000 0.999834 0.000094 0.000072
-0.000000 0.145556 0.015488 0.838955
-0.000000 0.134074 0.016064 0.849863
0.000000 0.049415 0.012371 0.938214
-0.000000 0.997205 0.000152 0.002642
0.000000 0.083711 0.012334 0.903954
0.000000 0.211688 0.024993 0.763319
0.000000 0.999936 0.000055 0.000008
-0.000000 0.986395 0.000445 0.013159
-0.000000 0.998202 0.000224 0.001574
-0.000000 0.151789 0.014211 0.834000
-0.000000 0.980469 0.000207 0.019324
0.000000 0.992505 0.007481 0.000013
-0.000000 0.968827 0.000568 0.030605
0.000000 0.051230 0.008611 0.940159
0.000000 0.577269 0.016438 0.406293
0.000000 0.999673 0.000062 0.000265
-0.000000 0.999952 0.000047 0.000001
-0.000000 0.105407 0.015916 0.878677
-0.000000 0.044707 0.009116 0.946177
-0.000000 0.062719 0.013903 0.923378
-0.000000 0.275046 0.035744 0.689210
0.000000 0.928783 0.001001 0.070216
0.000000 0.058695 0.015151 0.926154
-0.000000 0.623419 0.006821 0.369760
0.000000 0.050818 0.012636 0.936545
-0.000000 0.049560 0.010698 0.939743
0.000000 0.958620 0.041352 0.000028
0.000000 0.050185 0.011029 0.938786
0.000000 0.056135 0.009785 0.934080
-0.000000 0.211147 0.017634 0.771219
-0.000000 0.891324 0.001129 0.107547
0.000000 0.989149 0.001560 0.009291
-0.000000 0.883468 0.001258 0.115274
-0.000000 0.984523 0.000514 0.014963
-0.000000 0.999925 0.000075 0.000001
0.000000 0.249923 0.006817 0.743259
-0.000000 0.080386 0.012129 0.907485
-0.000000 0.765130 0.003372 0.231498
0.000000 0.062163 0.009897 0.927940
-0.000000 0.048017 0.008424 0.943559
0.000000 0.999793 0.000161 0.000045
-0.000000 0.052609 0.014260 0.933132
-0.000000 0.066971 0.017525 0.915504
-0.000000 0.050576 0.009325 0.940099
-0.000000 0.108221 0.010461 0.881319
0.000000 0.171111 0.018158 0.810731
-0.000000 0.999947 0.000051 0.000002
-0.000000 0.134858 0.010147 0.854994
-0.000000 0.056547 0.009307 0.934146
0.000000 0.477632 0.014478 0.507889
-0.000000 0.047054 0.008517 0.944429
-0.000000 0.050820 0.011430 0.937749
0.000000 0.244000 0.070885 0.685115
-0.000000 0.055587 0.013189 0.931224
0.000000 0.622995 0.003430 0.373575
-0.000000 0.936934 0.012422 0.050644
-0.000000 0.062569 0.011342 0.926090
-0.000000 0.999656 0.000061 0.000283
0.000000 0.657048 0.033852 0.309100
0.000000 0.837213 0.074593 0.088194
-0.000000 0.943772 0.000625 0.055603
-0.000000 0.071976 0.010896 0.917129
0.000000 0.947538 0.000724 0.051739
-0.000000 0.049858 0.012255 0.937886
-0.000000 0.049101 0.013572 0.937328
-0.000000 0.065136 0.010315 0.924549
0.000000 0.045526 0.009241 0.945233
-0.000000 0.672407 0.053508 0.274085
0.000000 0.045920 0.008497 0.945582
-0.000000 0.540733 0.008032 0.451235
0.000000 0.124186 0.016755 0.859058
-0.000000 0.984036 0.000262 0.015702
-0.000000 0.097987 0.013631 0.888382
-0.000000 0.043481 0.008438 0.948080
-0.000000 0.044447 0.008590 0.946962
0.000000 0.091714 0.032043 0.876243
-0.000000 0.046670 0.010110 0.943220
-0.000000 0.985358 0.000128 0.014514
-0.000000 0.084037 0.012626 0.903337
0.000000 0.263339 0.013837 0.722824
0.000000 0.999773 0.000157 0.000070
0.000000 0.110445 0.013207 0.876349
-0.000000 0.999962 0.000038 0.000000
-0.000000 0.939457 0.001675 0.058867
0.000000 0.190596 0.011617 0.797787
0.000000 0.065283 0.009098 0.925620
0.000000 0.160774 0.016669 0.822557
0.000000 0.053201 0.012786 0.934013
-0.000000 0.206157 0.019304 0.774539
-0.000000 0.057341 0.013279 0.929381
0.000000 0.043614 0.008920 0.947466
0.000000 0.969403 0.030596 0.000000
-0.000000 0.956886 0.000409 0.042705
0.000000 0.769309 0.230391 0.000301
0.000000 0.999737 0.000118 0.000144
-0.000000 0.974798 0.025202 0.000000
0.000000 0.119802 0.016199 0.863999
0.000000 0.069265 0.018380 0.912354
-0.000000 0.404270 0.008034 0.587696
0.000000 0.104019 0.016058 0.879923
-0.000000 0.999655 0.000345 0.000000
-0.000000 0.081387 0.015908 0.902705
-0.000000 0.078386 0.020862 0.900751
0.000000 0.364876 0.031828 0.603296
-0.000000 0.972312 0.010179 0.017510
-0.000000 0.080783 0.022811 0.896406
0.000000 0.527021 0.457054 0.015925
-0.000000 0.085136 0.013944 0.900920
-0.000000 0.999647 0.000118 0.000235
-0.000000 0.111882 0.013715 0.874403
0.000000 0.999753 0.000132 0.000115
0.000000 0.160461 0.020414 0.819125
0.000000 0.206891 0.072882 0.720228
-0.000000 0.055084 0.013259 0.931657
-0.000000 0.993485 0.000115 0.006400
0.000000 0.837938 0.001994 0.160068
0.000000 0.054179 0.012361 0.933459
0.000000 0.972993 0.027007 0.000000
-0.000000 0.993376 0.000100 0.006524
-0.000000 0.999662 0.000220 0.000118
-0.000000 0.055599 0.010987 0.933414
0.000000 0.084393 0.028855 0.886752
-0.000000 0.096166 0.011619 0.892215
-0.000000 0.211043 0.022277 0.766681
0.000000 0.056613 0.009391 0.933996
-0.000000 0.044001 0.012706 0.943292
0.000000 0.999733 0.000052 0.000214
0.000000 0.159433 0.015683 0.824883
0.000000 0.381908 0.021252 0.596839
0.000000 0.106519 0.014813 0.878668
-0.000000 0.046102 0.008272 0.945626
0.000000 0.315841 0.026337 0.657822
0.000000 0.077858 0.014340 0.907802
-0.000000 0.996916 0.000071 0.003013
-0.000000 0.999859 0.000100 0.000040
-0.000000 0.084575 0.010806 0.904619
-0.000000 0.056432 0.014963 0.928606
-0.000000 0.085549 0.014723 0.899729
0.000000 0.049752 0.008690 0.941558
-0.000000 0.073128 0.011049 0.915823
0.000000 0.097532 0.014600 0.887868
0.000000 0.998149 0.000066 0.001785
0.000000 0.105327 0.015910 0.878763
-0.000000 0.058015 0.010096 0.931889
0.000000 0.055128 0.009413 0.935459
0.000000 0.990674 0.000147 0.009179
0.000000 0.999723 0.000062 0.000215
0.000000 0.324395 0.029344 0.646261
-0.000000 0.078038 0.011456 0.910506
0.000000 0.044653 0.008819 0.946528
-0.000000 0.946525 0.053232 0.000243
0.000000 0.162352 0.054219 0.783429
0.000000 0.113003 0.015513 0.871484
0.000000 0.127425 0.016654 0.855921
-0.000000 0.980448 0.000215 0.019337
0.000000 0.112862 0.015275 0.871863
0.000000 0.053224 0.008892 0.937884
0.000000 0.050488 0.009059 0.940453
-0.000000 0.111429 0.014440 0.874131
-0.000000 0.148381 0.014090 0.837530
-0.000000 0.074407 0.011614 0.913979
-0.000000 0.052457 0.013625 0.933917
-0.000000 0.999518 0.000127 0.000355
-0.000000 0.045329 0.008665 0.946006
-0.000000 0.999943 0.000049 0.000008
-0.000000 0.658634 0.015890 0.325476
-0.000000 0.107577 0.015126 0.877296
0.000000 0.044220 0.008907 0.946873
-0.000000 0.999585 0.000062 0.000353
-0.000000 0.056100 0.009479 0.934421
0.000000 0.116690 0.013254 0.870056
0.000000 0.156299 0.011450 0.832251
-0.000000 0.999967 0.000033 0.000000
-0.000000 0.998291 0.000118 0.001591
0.000000 0.984605 0.000364 0.015031
-0.000000 0.077828 0.013479 0.908693
0.000000 0.076611 0.016302 0.907087
-0.000000 0.999289 0.000203 0.000508
-0.000000 0.365181 0.023305 0.611514
0.000000 0.046126 0.009921 0.943953
-0.000000 0.136662 0.017717 0.845620
0.000000 0.048651 0.010248 0.941101
0.000000 0.939674 0.001269 0.059057
-0.000000 0.071905 0.021254 0.906841
0.000000 0.999531 0.000455 0.000014
0.000000 0.052260 0.013763 0.933977
-0.000000 0.075034 0.021919 0.903047
0.000000 0.998336 0.000088 0.001576
-0.000000 0.632214 0.044394 0.323392
0.000000 0.348830 0.009421 0.641750
0.000000 0.998576 0.000457 0.000967
0.000000 0.048098 0.008574 0.943329
0.000000 0.117923 0.013382 0.868695
-0.000000 0.049342 0.013449 0.937209
0.000000 0.252061 0.027118 0.720821
-0.000000 0.154386 0.020041 0.825573
0.000000 0.046113 0.008320 0.945567
-0.000000 0.984201 0.000183 0.015616
-0.000000 0.987538 0.000191 0.012271
-0.000000 0.101108 0.015998 0.882894
0.000000 0.053934 0.009135 0.936931
0.000000 0.115290 0.013513 0.871197
0.000000 0.086070 0.015534 0.898396
-0.000000 0.046207 0.013473 0.940320
0.000000 0.554786 0.016048 0.429166
-0.000000 0.084160 0.015104 0.900735
-0.000000 0.058236 0.019500 0.922265
-0.000000 0.999842 0.000058 0.000100
-0.000000 0.074384 0.014271 0.911345
-0.000000 0.999865 0.000132 0.000003
-0.000000 0.049963 0.014077 0.935960
0.000000 0.138551 0.018454 0.842995
0.000000 0.999876 0.000124 0.000000
-0.000000 0.059686 0.009535 0.930779
-0.000000 0.301577 0.010940 0.687483
0.000000 0.999945 0.000050 0.000005
-0.000000 0.133559 0.016648 0.849792
0.000000 0.992735 0.000360 0.006905
-0.000000 0.064004 0.015991 0.920005
0.000000 0.145330 0.058979 0.795691
-0.000000 0.055297 0.012463 0.932240
0.000000 0.983532 0.000396 0.016071
0.000000 0.998360 0.001639 0.000001
0.000000 0.076312 0.014472 0.909217
0.000000 0.098541 0.014257 0.887202
0.000000 0.999678 0.000274 0.000048
-0.000000 0.992615 0.000124 0.007261
-0.000000 0.947984 0.000959 0.051057
-0.000000 0.999948 0.000051 0.000001
-0.000000 0.054446 0.012841 0.932713
0.000000 0.508391 0.050323 0.441287
0.000000 0.937052 0.000717 0.062230
0.000000 0.077323 0.011565 0.911112
0.000000 0.216895 0.020067 0.763038
-0.000000 0.912341 0.000872 0.086787
0.000000 0.070203 0.017128 0.912669
0.000000 0.543680 0.003967 0.452353
-0.000000 0.457808 0.012042 0.530149
0.000000 0.667840 0.054690 0.277470
-0.000000 0.065253 0.014273 0.920475
0.000000 0.999101 0.000880 0.000018
-0.000000 0.072942 0.011733 0.915325
-0.000000 0.945559 0.011828 0.042614
0.000000 0.043532 0.008281 0.948186
0.000000 0.052213 0.012218 0.935570
0.000000 0.084622 0.042208 0.873170
-0.000000 0.619534 0.007808 0.372658
-0.000000 0.543081 0.044394 0.412524
-0.000000 0.076913 0.014479 0.908608
-0.000000 0.994848 0.000214 0.004938
-0.000000 0.924404 0.075347 0.000249
0.000000 0.985377 0.000229 0.014394
-0.000000 0.127780 0.014875 0.857345
0.000000 0.087551 0.008218 0.904231
0.000000 0.141253 0.037122 0.821624
-0.000000 0.591793 0.058408 0.349799
-0.000000 0.085820 0.024180 0.890001
0.000000 0.046896 0.008550 0.944555
0.000000 0.047226 0.008355 0.944419
0.000000 0.157393 0.014021 0.828586
-0.000000 0.935654 0.000648 0.063698
-0.000000 0.979527 0.000328 0.020146
-0.000000 0.098830 0.013766 0.887404
0.000000 0.999177 0.000238 0.000585
0.000000 0.054606 0.011932 0.933463
-0.000000 0.089959 0.015472 0.894569
-0.000000 0.993130 0.000203 0.006667
-0.000000 0.108984 0.018686 0.872331
0.000000 0.077551 0.014702 0.907747
0.000000 0.999874 0.000124 0.000001
0.000000 0.978551 0.003643 0.017806
-0.000000 0.084355 0.023607 0.892038
0.000000 0.985792 0.002712 0.011496
-0.000000 0.053456 0.012404 0.934140
0.000000 0.105590 0.015409 0.879001
0.000000 0.996035 0.000342 0.003623
-0.000000 0.059218 0.014361 0.926421
0.000000 0.072086 0.014126 0.913788
0.000000 0.669361 0.040677 0.289962
-0.000000 0.977966 0.000307 0.021727
-0.000000 0.060579 0.014822 0.924599
0.000000 0.968482 0.000503 0.031015
-0.000000 0.999960 0.000040 0.000000
0.000000 0.057580 0.008423 0.933997
-0.000000 0.999390 0.000322 0.000288
0.000000 0.106528 0.014503 0.878969
-0.000000 0.054308 0.011832 0.933860
-0.000000 0.115332 0.017156 0.867512
0.000000 0.987407 0.000203 0.012390
0.000000 0.101121 0.014110 0.884768
0.000000 0.999173 0.000080 0.000747
-0.000000 0.107701 0.013585 0.878714
-0.000000 0.077382 0.014540 0.908078
0.000000 0.940589 0.050430 0.008982
-0.000000 0.068428 0.013871 0.917702
0.000000 0.450642 0.009082 0.540275
0.000000 0.083334 0.012195 0.904472
-0.000000 0.105378 0.016015 0.878606
-0.000000 0.569147 0.055844 0.375009
-0.000000 0.995727 0.000203 0.004070
-0.000000 0.999961 0.000039 0.000000
-0.000000 0.048576 0.009940 0.941485
-0.000000 0.972487 0.000413 0.027100
0.000000 0.984836 0.000160 0.015005
-0.000000 0.991631 0.000126 0.008243
0.000000 0.049409 0.013909 0.936682
0.000000 0.064752 0.022456 0.912792
-0.000000 0.101780 0.017477 0.880743
0.000000 0.048816 0.008727 0.942457
-0.000000 0.190568 0.023546 0.785885
0.000000 0.997358 0.000078 0.002564
0.000000 0.426265 0.039549 0.534186
-0.000000 0.224687 0.006827 0.768486
-0.000000 0.991964 0.000139 0.007897
-0.000000 0.990412 0.000409 0.009179
-0.000000 0.979410 0.000277 0.020313
-0.000000 0.124451 0.009753 0.865796
0.000000 0.999909 0.000091 0.000000
-0.000000 0.191684 0.017047 0.791268
-0.000000 0.092874 0.013241 0.893885
0.000000 0.069073 0.014358 0.916570
-0.000000 0.250232 0.010472 0.739296
0.000000 0.090195 0.008148 0.901657
-0.000000 0.513926 0.046433 0.439641
-0.000000 0.061737 0.012254 0.926009
0.000000 0.128581 0.015719 0.855700
-0.000000 0.708235 0.008648 0.283117
0.000000 0.999902 0.000050 0.000048
-0.000000 0.062166 0.012495 0.925339
0.000000 0.664661 0.008142 0.327197
-0.000000 0.110116 0.014897 0.874987
0.000000 0.383019 0.015510 0.601471
-0.000000 0.886878 0.072140 0.040983
-0.000000 0.046563 0.014559 0.938877
-0.000000 0.103840 0.014428 0.881732
-0.000000 0.060518 0.008622 0.930861
0.000000 0.691729 0.008540 0.299731
-0.000000 0.999323 0.000284 0.000394
-0.000000 0.068789 0.025386 0.905825
0.000000 0.079922 0.022849 0.897230
0.000000 0.137071 0.014202 0.848727
-0.000000 0.930966 0.002410 0.066624
0.000000 0.140879 0.012651 0.846470
-0.000000 0.053422 0.009042 0.937536
-0.000000 0.063820 0.014888 0.921292
-0.000000 0.105956 0.014392 0.879652
-0.000000 0.999914 0.000086 0.000000
0.000000 0.551215 0.045256 0.403529
-0.000000 0.999919 0.000048 0.000033
0.000000 0.999924 0.000076 0.000000
0.000000 0.046039 0.008244 0.945717
0.000000 0.108852 0.014841 0.876308
-0.000000 0.999738 0.000261 0.000002
0.000000 0.999808 0.000067 0.000125
0.000000 0.211880 0.020370 0.767750
-0.000000 0.175230 0.021315 0.803455
-0.000000 0.085913 0.008711 0.905376
0.000000 0.999625 0.000365 0.000010
-0.000000 0.999481 0.000210 0.000309
0.000000 0.999952 0.000044 0.000004
-0.000000 0.149952 0.017991 0.832057
-0.000000 0.999067 0.000926 0.000006
0.000000 0.994062 0.000142 0.005796
0.000000 0.999955 0.000044 0.000001
0.000000 0.999829 0.000144 0.000027
-0.000000 0.161604 0.015134 0.823263
0.000000 0.064896 0.016667 0.918438
-0.000000 0.107691 0.016997 0.875312
-0.000000 0.043904 0.008666 0.947430
-0.000000 0.102883 0.014426 0.882691
-0.000000 0.952454 0.047484 0.000062
0.000000 0.051987 0.014153 0.933860
-0.000000 0.075284 0.011388 0.913327
-0.000000 0.863197 0.002340 0.134463
0.000000 0.119948 0.013288 0.866764
0.000000 0.998889 0.000064 0.001047
0.000000 0.612598 0.062456 0.324946
0.000000 0.194340 0.020290 0.785370
-0.000000 0.123470 0.014155 0.862375
-0.000000 0.999706 0.000294 0.000000
0.000000 0.462616 0.009760 0.527624
0.000000 0.986401 0.000188 0.013411
0.000000 0.091373 0.019228 0.889399
-0.000000 0.999704 0.000294 0.000003
0.000000 0.194468 0.019342 0.786190
0.000000 0.999894 0.000067 0.000039
0.000000 0.050560 0.011714 0.937726
0.000000 0.048656 0.008511 0.942832
0.000000 0.113021 0.015462 0.871517
-0.000000 0.059389 0.010091 0.930520
0.000000 0.113279 0.013731 0.872991
-0.000000 0.056811 0.013412 0.929776
0.000000 0.084793 0.015294 0.899913
-0.000000 0.116661 0.015946 0.867393
0.000000 0.049549 0.011278 0.939173
-0.000000 0.966872 0.000362 0.032766
0.000000 0.969652 0.000299 0.030049
-0.000000 0.048541 0.010565 0.940894
0.000000 0.985310 0.000194 0.014496
0.000000 0.059743 0.012457 0.927800
-0.000000 0.966109 0.000300 0.033591
-0.000000 0.986928 0.000129 0.012943
0.000000 0.955373 0.044575 0.000052
0.000000 0.045018 0.008328 0.946654
0.000000 0.044770 0.008643 0.946588
-0.000000 0.112666 0.014077 0.873257
0.000000 0.086649 0.012682 0.900669
0.000000 0.061591 0.015542 0.922868
0.000000 0.992371 0.007268 0.000361
-0.000000 0.988129 0.000230 0.011641
-0.000000 0.137895 0.015121 0.846985
-0.000000 0.962861 0.000668 0.036471
0.000000 0.999346 0.000056 0.000599
-0.000000 0.984489 0.000272 0.015239
-0.000000 0.999788 0.000206 0.000005
-0.000000 0.055698 0.008272 0.936030
0.000000 0.072603 0.011007 0.916390
0.000000 0.979053 0.000367 0.020579
-0.000000 0.999616 0.000329 0.000055
0.000000 0.044833 0.009546 0.945621
-0.000000 0.510699 0.007807 0.481494
-0.000000 0.094795 0.017652 0.887552
0.000000 0.419325 0.029172 0.551503
-0.000000 0.050366 0.011156 0.938478
0.000000 0.074890 0.017145 0.907964
0.000000 0.997688 0.000068 0.002243
-0.000000 0.109557 0.013605 0.876838
-0.000000 0.177286 0.014136 0.808578
-0.000000 0.999906 0.000093 0.000000
-0.000000 0.999900 0.000055 0.000045
-0.000000 0.971573 0.028187 0.000240
-0.000000 0.063860 0.014109 0.922030
-0.000000 0.084140 0.013696 0.902164
0.000000 0.996679 0.000073 0.003248
0.000000 0.065252 0.010123 0.924624
-0.000000 0.985014 0.014986 0.000000
0.000000 0.205144 0.014797 0.780059
0.000000 0.989823 0.009726 0.000450
0.000000 0.193092 0.017552 0.789356
0.000000 0.999820 0.000180 0.000000
-0.000000 0.940542 0.058719 0.000738
0.000000 0.999958 0.000042 0.000000
-0.000000 0.045968 0.009930 0.944102
0.000000 0.081835 0.015498 0.902667
0.000000 0.055386 0.012690 0.931924
0.000000 0.056111 0.009157 0.934733
-0.000000 0.966681 0.000337 0.032982
0.000000 0.593686 0.038933 0.367381
-0.000000 0.569011 0.006707 0.424282
0.000000 0.155729 0.016300 0.827971
0.000000 0.991652 0.000147 0.008200
-0.000000 0.106405 0.011843 0.881752
0.000000 0.101383 0.016527 0.882090
-0.000000 0.061038 0.009841 0.929121
-0.000000 0.999956 0.000044 0.000000
0.000000 0.103946 0.014809 0.881245
-0.000000 0.565845 0.057428 0.376727
0.000000 0.059651 0.016047 0.924301
0.000000 0.045474 0.009798 0.944728
0.000000 0.050191 0.018828 0.930982
0.000000 0.059588 0.014822 0.925590
0.000000 0.080106 0.009228 0.910666
-0.000000 0.056868 0.009151 0.933981
0.000000 0.999924 0.000076 0.000000
0.000000 0.055913 0.009160 0.934927
-0.000000 0.987129 0.000175 0.012696
-0.000000 0.936228 0.009703 0.054069
0.000000 0.548232 0.005225 0.446543
-0.000000 0.055609 0.009286 0.935105
0.000000 0.107343 0.014430 0.878226
-0.000000 0.999485 0.000364 0.000151
-0.000000 0.937555 0.000648 0.061797
-0.000000 0.104482 0.013931 0.881586
0.000000 0.845985 0.008556 0.145459
-0.000000 0.999931 0.000069 0.000000
0.000000 0.150502 0.007925 0.841573
0.000000 0.998930 0.000184 0.000886
-0.000000 0.999973 0.000027 0.000000
-0.000000 0.999804 0.000196 0.000000
-0.000000 0.058846 0.010857 0.930297
-0.000000 0.044933 0.009102 0.945966
-0.000000 0.638155 0.047699 0.314147
0.000000 0.994475 0.000084 0.005440
-0.000000 0.058658 0.015634 0.925708
-0.000000 0.920259 0.067249 0.012493
-0.000000 0.560399 0.352214 0.087387
-0.000000 0.999904 0.000091 0.000005
-0.000000 0.987595 0.000197 0.012209
0.000000 0.998025 0.000194 0.001781
-0.000000 0.045431 0.009157 0.945412
0.000000 0.071599 0.010726 0.917674
-0.000000 0.998898 0.001073 0.000028
0.000000 0.999534 0.000428 0.000037
0.000000 0.061914 0.015635 0.922451
-0.000000 0.985914 0.000128 0.013957
0.000000 0.950396 0.049574 0.000031
0.000000 0.649422 0.008741 0.341837
-0.000000 0.999949 0.000051 0.000000
0.000000 0.221103 0.018893 0.760004
0.000000 0.118351 0.014903 0.866747
-0.000000 0.591300 0.006228 0.402473
0.000000 0.941262 0.048487 0.010250
-0.000000 0.122342 0.015100 0.862558
0.000000 0.996447 0.000277 0.003276
-0.000000 0.072346 0.015505 0.912149
-0.000000 0.082976 0.018108 0.898916
0.000000 0.999126 0.000252 0.000622
-0.000000 0.993596 0.001899 0.004506
-0.000000 0.988720 0.011145 0.000135
0.000000 0.066858 0.015676 0.917466
0.000000 0.998575 0.000196 0.001229
-0.000000 0.043013 0.013251 0.943736
-0.000000 0.904475 0.072502 0.023024
-0.000000 0.198994 0.018798 0.782208
-0.000000 0.045290 0.009692 0.945018
-0.000000 0.992966 0.000116 0.006917
0.000000 0.984343 0.000254 0.015403
0.000000 0.960660 0.000529 0.038811
0.000000 0.248550 0.023283 0.728167
-0.000000 0.127940 0.014837 0.857224
0.000000 0.068396 0.013614 0.917990
-0.000000 0.142421 0.013408 0.844170
-0.000000 0.997178 0.000072 0.002750
0.000000 0.952752 0.046700 0.000548
-0.000000 0.049704 0.012869 0.937427
-0.000000 0.089881 0.024798 0.885321
-0.000000 0.070131 0.014818 0.915051
0.000000 0.992419 0.000111 0.007469
0.000000 0.063813 0.013137 0.923050
0.000000 0.999725 0.000115 0.000160
-0.000000 0.051463 0.008547 0.939990
0.000000 0.949503 0.048652 0.001846
-0.000000 0.108079 0.014491 0.877429
0.000000 0.997059 0.000769 0.002172
0.000000 0.335754 0.036801 0.627445
-0.000000 0.999947 0.000049 0.000004
-0.000000 0.071282 0.014041 0.914677
0.000000 0.093943 0.016037 0.890020
-0.000000 0.936959 0.061489 0.001552
0.000000 0.178768 0.018044 0.803187
0.000000 0.047069 0.011160 0.941771
-0.000000 0.055678 0.009118 0.935204
-0.000000 0.047922 0.012806 0.939271
0.000000 0.063246 0.014061 0.922693
-0.000000 0.191425 0.016578 0.791997
-0.000000 0.042841 0.009403 0.947756
0.000000 0.488793 0.269360 0.241846
-0.000000 0.988404 0.000114 0.011482
-0.000000 0.118437 0.070149 0.811414
-0.000000 0.976771 0.000310 0.022919
0.000000 0.044111 0.010291 0.945598
-0.000000 0.999532 0.000435 0.000032
0.000000 0.051116 0.010687 0.938197
0.000000 0.171849 0.017337 0.810814
-0.000000 0.251779 0.108758 0.639464
-0.000000 0.045384 0.012669 0.941947
0.000000 0.164503 0.021049 0.814449
-0.000000 0.645435 0.040965 0.313600
0.000000 0.050283 0.008943 0.940774
0.000000 0.907493 0.071653 0.020854
-0.000000 0.090169 0.009105 0.900726
-0.000000 0.605104 0.377088 0.017808
0.000000 0.988614 0.002569 0.008817
0.000000 0.163569 0.012128 0.824303
-0.000000 0.120843 0.070704 0.808453
-0.000000 0.999942 0.000055 0.000003
0.000000 0.522207 0.043678 0.434115
-0.000000 0.068535 0.010556 0.920909
-0.000000 0.088389 0.015500 0.896110
0.000000 0.158962 0.013912 0.827126
-0.000000 0.062106 0.008779 0.929114
0.000000 0.184569 0.018223 0.797209
0.000000 0.988821 0.000184 0.010995
0.000000 0.054173 0.012613 0.933214
-0.000000 0.044017 0.008354 0.947629
-0.000000 0.104106 0.015909 0.879985
0.000000 0.272198 0.156504 0.571298
-0.000000 0.994868 0.000093 0.005039
-0.000000 0.056084 0.009157 0.934759
0.000000 0.951817 0.046291 0.001892
0.000000 0.999873 0.000127 0.000000
0.000000 0.996770 0.000087 0.003143
0.000000 0.999953 0.000045 0.000003
-0.000000 0.999955 0.000045 0.000000
-0.000000 0.121812 0.014212 0.863976
0.000000 0.999906 0.000082 0.000011
-0.000000 0.091119 0.015661 0.893220
0.000000 0.047218 0.009205 0.943577
-0.000000 0.068887 0.013017 0.918096
0.000000 0.084602 0.023395 0.892003
-0.000000 0.080350 0.015506 0.904144
-0.000000 0.387955 0.040514 0.571531
0.000000 0.106657 0.014441 0.878902
-0.000000 0.980381 0.002643 0.016976
0.000000 0.999946 0.000053 0.000001
0.000000 0.827999 0.171924 0.000077
-0.000000 0.059713 0.009660 0.930627
0.000000 0.081782 0.022551 0.895667
-0.000000 0.064433 0.014505 0.921063
-0.000000 0.999848 0.000132 0.000020
0.000000 0.097099 0.015441 0.887461
-0.000000 0.994236 0.004620 0.001144
-0.000000 0.176314 0.013068 0.810619
0.000000 0.046446 0.009915 0.943639
0.000000 0.761594 0.004000 0.234405
-0.000000 0.984727 0.000137 0.015137
-0.000000 0.049266 0.017244 0.933490
0.000000 0.999631 0.000077 0.000291
-0.000000 0.047887 0.010117 0.941995
-0.000000 0.118048 0.014495 0.867458
-0.000000 0.054936 0.010664 0.934400
0.000000 0.066085 0.017075 0.916840
0.000000 0.999862 0.000049 0.000089
-0.000000 0.090916 0.013043 0.896042
-0.000000 0.050273 0.008680 0.941048
0.000000 0.321928 0.012343 0.665730
-0.000000 0.044026 0.008565 0.947409
-0.000000 0.987907 0.000179 0.011914
0.000000 0.120115 0.015316 0.864570
-0.000000 0.103083 0.016370 0.880547
-0.000000 0.048619 0.008660 0.942721
-0.000000 0.199971 0.017776 0.782253
-0.000000 0.102430 0.016788 0.880782
-0.000000 0.999782 0.000117 0.000100
-0.000000 0.950639 0.002012 0.047350
-0.000000 0.823837 0.010963 0.165200
-0.000000 0.999317 0.000682 0.000000
0.000000 0.116016 0.014669 0.869315
-0.000000 0.069491 0.008851 0.921658
-0.000000 0.995131 0.000075 0.004794
-0.000000 0.053006 0.012228 0.934766
-0.000000 0.715539 0.015261 0.269199
0.000000 0.999946 0.000047 0.000007
-0.000000 0.945639 0.000650 0.053711
-0.000000 0.940283 0.052630 0.007086
-0.000000 0.993541 0.006065 0.000394
0.000000 0.062977 0.013121 0.923901
-0.000000 0.175403 0.015746 0.808851
0.000000 0.081594 0.008887 0.909519
0.000000 0.999483 0.000398 0.000119
0.000000 0.099866 0.009493 0.890641
0.000000 0.229605 0.008645 0.761750
0.000000 0.106464 0.014373 0.879163
-0.000000 0.988890 0.000224 0.010886
0.000000 0.999543 0.000457 0.000000
0.000000 0.105494 0.014925 0.879581
-0.000000 0.125222 0.017109 0.857668
-0.000000 0.063309 0.017943 0.918749
-0.000000 0.995425 0.000079 0.004495
-0.000000 0.073742 0.014127 0.912131
0.000000 0.698341 0.003654 0.298005
0.000000 0.049725 0.010959 0.939316
-0.000000 0.065782 0.009259 0.924959
-0.000000 0.045422 0.010512 0.944065
0.000000 0.993525 0.000098 0.006377
-0.000000 0.952240 0.000712 0.047048
-0.000000 0.052137 0.010259 0.937604
-0.000000 0.916679 0.001117 0.082204
-0.000000 0.973962 0.000444 0.025594
-0.000000 0.064775 0.010349 0.924876
0.000000 0.185016 0.022808 0.792175
0.000000 0.067761 0.015162 0.917078
0.000000 0.999955 0.000043 0.000002
-0.000000 0.999775 0.000067 0.000158
0.000000 0.186346 0.014351 0.799303
-0.000000 0.995286 0.000093 0.004620
0.000000 0.969423 0.001025 0.029553
-0.000000 0.119307 0.013725 0.866968
0.000000 0.111068 0.014715 0.874217
-0.000000 0.999947 0.000049 0.000003
-0.000000 0.984420 0.000414 0.015167
0.000000 0.136599 0.013179 0.850223
-0.000000 0.064132 0.010136 0.925733
0.000000 0.104106 0.015503 0.880391
0.000000 0.047295 0.008806 0.943899
-0.000000 0.263535 0.016024 0.720440
0.000000 0.938957 0.000963 0.060080
-0.000000 0.086137 0.015199 0.898664
-0.000000 0.120635 0.016946 0.862420
0.000000 0.999803 0.000188 0.000009
-0.000000 0.999880 0.000117 0.000003
-0.000000 0.992850 0.000119 0.007032
-0.000000 0.742503 0.003545 0.253952
-0.000000 0.111519 0.013569 0.874912
-0.000000 0.999932 0.000045 0.000023
0.000000 0.055795 0.011283 0.932922
0.000000 0.119455 0.014665 0.865880
-0.000000 0.984658 0.000152 0.015190
0.000000 0.997687 0.000123 0.002190
-0.000000 0.998864 0.001127 0.000009
-0.000000 0.186270 0.007157 0.806573
-0.000000 0.064191 0.013340 0.922469
-0.000000 0.997654 0.001952 0.000394
0.000000 0.997723 0.001272 0.001005
0.000000 0.087011 0.015624 0.897365
-0.000000 0.283467 0.007436 0.709097
-0.000000 0.241244 0.027311 0.731445
-0.000000 0.103428 0.014372 0.882200
-0.000000 0.885237 0.070752 0.044011
-0.000000 0.094955 0.016017 0.889028
0.000000 0.987528 0.000194 0.012278
0.000000 0.087615 0.030876 0.881509
0.000000 0.965574 0.000604 0.033822
0.000000 0.998822 0.000193 0.000985
0.000000 0.989538 0.000227 0.010235
0.000000 0.101294 0.011855 0.886851
0.000000 0.988189 0.010705 0.001107
-0.000000 0.975120 0.000366 0.024515
0.000000 0.198611 0.018877 0.782512
0.000000 0.999821 0.000176 0.000003
-0.000000 0.883788 0.073202 0.043009
0.000000 0.043951 0.008716 0.947333
0.000000 0.985373 0.002044 0.012584
0.000000 0.999969 0.000031 0.000000
-0.000000 0.175199 0.015714 0.809087
-0.000000 0.183351 0.018413 0.798236
0.000000 0.941486 0.057784 0.000731
-0.000000 0.987307 0.012643 0.000050
-0.000000 0.079701 0.038556 0.881743
-0.000000 0.049114 0.008522 0.942364
-0.000000 0.948256 0.000914 0.050830
-0.000000 0.219438 0.006780 0.773782
0.000000 0.044794 0.010557 0.944649
-0.000000 0.733826 0.068898 0.197276
-0.000000 0.094408 0.015950 0.889642
0.000000 0.114927 0.013562 0.871510
-0.000000 0.574205 0.049254 0.376541
-0.000000 0.076070 0.010861 0.913069
-0.000000 0.226022 0.027633 0.746345
0.000000 0.137354 0.013973 0.848673
0.000000 0.999543 0.000377 0.000080
0.000000 0.435129 0.040682 0.524189
-0.000000 0.999828 0.000172 0.000000
-0.000000 0.247297 0.011309 0.741394
0.000000 0.107823 0.014880 0.877297
-0.000000 0.959169 0.037328 0.003503
0.000000 0.045827 0.009233 0.944940
0.000000 0.047545 0.008874 0.943582
0.000000 0.988980 0.000114 0.010906
0.000000 0.110090 0.016991 0.872919
-0.000000 0.998955 0.000061 0.000984
0.000000 0.996733 0.000078 0.003189
-0.000000 0.104481 0.016111 0.879408
0.000000 0.971079 0.028921 0.000000
0.000000 0.999783 0.000179 0.000038
0.000000 0.177859 0.014450 0.807691
0.000000 0.302611 0.010822 0.686567
0.000000 0.198631 0.016951 0.784418
0.000000 0.815802 0.006243 0.177954
0.000000 0.264400 0.024733 0.710867
0.000000 0.102951 0.015026 0.882023
-0.000000 0.101852 0.044193 0.853955
0.000000 0.406750 0.012773 0.580477
0.000000 0.966756 0.033241 0.000003
-0.000000 0.855105 0.001414 0.143480
-0.000000 0.054705 0.017627 0.927668
0.000000 0.056447 0.009214 0.934339
0.000000 0.073064 0.013525 0.913411
0.000000 0.999958 0.000042 0.000000
-0.000000 0.296361 0.022800 0.680839
0.000000 0.077690 0.010246 0.912064
-0.000000 0.996994 0.001704 0.001301
-0.000000 0.075255 0.011403 0.913342
0.000000 0.100457 0.012367 0.887176
0.000000 0.116876 0.014160 0.868964
0.000000 0.768260 0.068412 0.163328
0.000000 0.047215 0.008945 0.943840
0.000000 0.085717 0.012472 0.901811
0.000000 0.507727 0.008244 0.484029
-0.000000 0.047576 0.009621 0.942803
0.000000 0.094496 0.015426 0.890079
-0.000000 0.065900 0.013835 0.920265
-0.000000 0.060019 0.014970 0.925011
-0.000000 0.336665 0.029298 0.634037
-0.000000 0.335581 0.012041 0.652378
0.000000 0.067159 0.017451 0.915391
-0.000000 0.268009 0.014124 0.717867
0.000000 0.992577 0.000187 0.007236
0.000000 0.977417 0.000357 0.022226
0.000000 0.949344 0.049667 0.000989
-0.000000 0.174766 0.021226 0.804007
-0.000000 0.999872 0.000101 0.000026
0.000000 0.666015 0.003024 0.330961
-0.000000 0.059601 0.019782 0.920617
0.000000 0.116215 0.015558 0.868227
0.000000 0.102456 0.014342 0.883202
-0.000000 0.999655 0.000147 0.000199
0.000000 0.969292 0.000302 0.030405
-0.000000 0.981676 0.000574 0.017750
-0.000000 0.042856 0.016967 0.940176
-0.000000 0.999546 0.000386 0.000068
-0.000000 0.069256 0.019793 0.910951
-0.000000 0.999760 0.000068 0.000173
-0.000000 0.112087 0.013391 0.874522
-0.000000 0.110517 0.013860 0.875622
-0.000000 0.982232 0.000299 0.017469
-0.000000 0.169480 0.020042 0.810478
0.000000 0.142921 0.015736 0.841342
-0.000000 0.999072 0.000254 0.000674
-0.000000 0.997241 0.000076 0.002683
0.000000 0.093497 0.015223 0.891280
0.000000 0.971887 0.000248 0.027865
0.000000 0.990496 0.000285 0.009219
-0.000000 0.994201 0.000088 0.005712
-0.000000 0.076202 0.014530 0.909268
-0.000000 0.111410 0.013587 0.875004
-0.000000 0.070136 0.014726 0.915138
-0.000000 0.105740 0.015977 0.878283
0.000000 0.235037 0.011214 0.753749
-0.000000 0.070394 0.018840 0.910766
-0.000000 0.119225 0.017942 0.862832
0.000000 0.089184 0.012848 0.897969
-0.000000 0.995802 0.000214 0.003984
0.000000 0.123994 0.009101 0.866905
0.000000 0.050053 0.008631 0.941316
0.000000 0.062201 0.009683 0.928116
-0.000000 0.981430 0.000328 0.018242
0.000000 0.999951 0.000048 0.000001
0.000000 0.050278 0.009719 0.940003
-0.000000 0.198039 0.016953 0.785008
0.000000 0.472611 0.039441 0.487948
-0.000000 0.211307 0.025406 0.763286
0.000000 0.926489 0.003230 0.070281
-0.000000 0.216238 0.014496 0.769266
0.000000 0.047578 0.010215 0.942207
0.000000 0.999836 0.000117 0.000047
-0.000000 0.954614 0.045225 0.000161
0.000000 0.999650 0.000333 0.000017
-0.000000 0.186073 0.008257 0.805670
-0.000000 0.941636 0.057255 0.001108
-0.000000 0.999949 0.000048 0.000004
0.000000 0.951290 0.048303 0.000406
0.000000 0.980374 0.000335 0.019291
-0.000000 0.128644 0.017399 0.853957
-0.000000 0.993966 0.000109 0.005925
0.000000 0.146835 0.136830 0.716335
-0.000000 0.990443 0.000440 0.009117
0.000000 0.533682 0.042471 0.423847
-0.000000 0.050994 0.010692 0.938314
-0.000000 0.245778 0.023128 0.731094
0.000000 0.090560 0.014741 0.894699
-0.000000 0.999959 0.000041 0.000000
0.000000 0.977490 0.014861 0.007648
-0.000000 0.106235 0.014605 0.879160
0.000000 0.128817 0.014166 0.857017
0.000000 0.210926 0.048598 0.740476
0.000000 0.377399 0.032789 0.589812
-0.000000 0.999156 0.000423 0.000421
-0.000000 0.943090 0.055159 0.001751
0.000000 0.054435 0.009102 0.936463
-0.000000 0.053309 0.009088 0.937603
-0.000000 0.064159 0.010202 0.925639
-0.000000 0.063126 0.015579 0.921295
-0.000000 0.985769 0.000181 0.014050
0.000000 0.991335 0.000165 0.008500
-0.000000 0.058675 0.009619 0.931706
0.000000 0.998160 0.000097 0.001743
-0.000000 0.923261 0.051368 0.025371
0.000000 0.983892 0.000141 0.015967
-0.000000 0.102178 0.015230 0.882592
-0.000000 0.068822 0.009358 0.921820
0.000000 0.046853 0.009980 0.943168
0.000000 0.059801 0.008550 0.931649
0.000000 0.999916 0.000055 0.000029
-0.000000 0.074033 0.011350 0.914617
0.000000 0.046391 0.008729 0.944880
-0.000000 0.999845 0.000147 0.000008
-0.000000 0.075534 0.011493 0.912973
0.000000 0.051104 0.009798 0.939098
0.000000 0.073024 0.011046 0.915930
0.000000 0.232090 0.035930 0.731979
0.000000 0.112291 0.015516 0.872193
0.000000 0.080935 0.013958 0.905107
0.000000 0.048223 0.011932 0.939844
-0.000000 0.064184 0.008939 0.926877
-0.000000 0.997663 0.000165 0.002172
-0.000000 0.999651 0.000286 0.000064
-0.000000 0.161454 0.008253 0.830294
-0.000000 0.056626 0.013648 0.929726
0.000000 0.734421 0.066907 0.198672
0.000000 0.076540 0.010154 0.913305
-0.000000 0.827878 0.007507 0.164615
0.000000 0.093573 0.016254 0.890173
0.000000 0.047602 0.008491 0.943907
-0.000000 0.149167 0.017782 0.833050
-0.000000 0.999928 0.000072 0.000000
-0.000000 0.104508 0.013712 0.881780
-0.000000 0.062844 0.010879 0.926277
-0.000000 0.995693 0.000080 0.004227
0.000000 0.051976 0.008804 0.939220
-0.000000 0.269775 0.031276 0.698949
0.000000 0.520504 0.054870 0.424626
0.000000 0.920572 0.000713 0.078715
-0.000000 0.994321 0.000091 0.005588
-0.000000 0.998861 0.000135 0.001004
-0.000000 0.999768 0.000218 0.000014
-0.000000 0.590045 0.058335 0.351620
0.000000 0.216587 0.017616 0.765796
0.000000 0.121887 0.014749 0.863364
0.000000 0.123388 0.015614 0.860998
0.000000 0.997350 0.000071 0.002579
-0.000000 0.999583 0.000163 0.000254
-0.000000 0.058098 0.010482 0.931419
-0.000000 0.071640 0.014095 0.914265
-0.000000 0.993644 0.000099 0.006257
-0.000000 0.045369 0.008333 0.946298
-0.000000 0.052459 0.011353 0.936187
-0.000000 0.195606 0.017018 0.787376
0.000000 0.537088 0.010557 0.452355
0.000000 0.154821 0.011451 0.833728
-0.000000 0.051093 0.008684 0.940222
0.000000 0.989300 0.000196 0.010503
0.000000 0.170057 0.061974 0.767969
-0.000000 0.984209 0.000185 0.015606
0.000000 0.107607 0.014657 0.877736
-0.000000 0.924784 0.001125 0.074090
-0.000000 0.055248 0.015293 0.929459
0.000000 0.043927 0.009096 0.946977
-0.000000 0.995895 0.000225 0.003880
0.000000 0.190510 0.016602 0.792887
0.000000 0.067599 0.013509 0.918892
0.000000 0.998652 0.001345 0.000003
-0.000000 0.999947 0.000042 0.000011
0.000000 0.136466 0.014892 0.848641
0.000000 0.056429 0.009356 0.934215
-0.000000 0.121670 0.016166 0.862164
-0.000000 0.999734 0.000070 0.000196
0.000000 0.129627 0.017463 0.852910
-0.000000 0.046678 0.008443 0.944879
-0.000000 0.937991 0.000936 0.061073
0.000000 0.913210 0.000834 0.085956
-0.000000 0.973337 0.026436 0.000227
0.000000 0.166856 0.019739 0.813405
-0.000000 0.125675 0.010198 0.864127
-0.000000 0.998758 0.000355 0.000886
0.000000 0.051936 0.008688 0.939376
-0.000000 0.959568 0.000688 0.039744
-0.000000 0.983873 0.009267 0.006861
-0.000000 0.118862 0.015837 0.865302
0.000000 0.992931 0.000115 0.006954
-0.000000 0.900631 0.063293 0.036076
0.000000 0.427884 0.013622 0.558494
-0.000000 0.690447 0.047678 0.261875
0.000000 0.965959 0.031996 0.002045
0.000000 0.993616 0.000100 0.006283
0.000000 0.110068 0.013917 0.876015
-0.000000 0.102424 0.016392 0.881184
-0.000000 0.124974 0.016769 0.858257
-0.000000 0.787006 0.003155 0.209839
-0.000000 0.100971 0.015635 0.883393
0.000000 0.097404 0.013800 0.888796
0.000000 0.117477 0.013837 0.868686
0.000000 0.999601 0.000140 0.000259
-0.000000 0.990516 0.000175 0.009309
0.000000 0.823792 0.002720 0.173488
0.000000 0.892858 0.061826 0.045317
-0.000000 0.609115 0.003553 0.387332
0.000000 0.057644 0.012216 0.930140
0.000000 0.776576 0.009527 0.213897
-0.000000 0.054404 0.012547 0.933049
0.000000 0.236551 0.013443 0.750006
-0.000000 0.184709 0.093744 0.721547
0.000000 0.986143 0.013599 0.000258
0.000000 0.727950 0.004602 0.267449
-0.000000 0.961558 0.000352 0.038089
0.000000 0.999943 0.000049 0.000008
0.000000 0.999573 0.000066 0.000362
-0.000000 0.076448 0.011990 0.911561
0.000000 0.095687 0.013562 0.890751
0.000000 0.978678 0.000295 0.021027
-0.000000 0.045705 0.009291 0.945004
-0.000000 0.142320 0.020603 0.837077
0.000000 0.130474 0.016727 0.852799
-0.000000 0.064739 0.018617 0.916645
-0.000000 0.919753 0.001528 0.078719
-0.000000 0.832443 0.003444 0.164113
0.000000 0.993216 0.001510 0.005274
-0.000000 0.060986 0.009778 0.929235
-0.000000 0.996937 0.000076 0.002987
0.000000 0.101610 0.018377 0.880013
-0.000000 0.987377 0.000128 0.012496
0.000000 0.048261 0.009590 0.942149
0.000000 0.330783 0.032629 0.636589
-0.000000 0.999950 0.000049 0.000002
-0.000000 0.999608 0.000145 0.000246
-0.000000 0.990849 0.000815 0.008336
0.000000 0.988297 0.000212 0.011491
0.000000 0.053125 0.008849 0.938026
-0.000000 0.059890 0.017950 0.922160
0.000000 0.997316 0.000284 0.002400
-0.000000 0.102518 0.015949 0.881533
-0.000000 0.049055 0.012374 0.938571
0.000000 0.981624 0.000299 0.018077
-0.000000 0.140030 0.017898 0.842072
0.000000 0.067253 0.017590 0.915158
-0.000000 0.080873 0.015533 0.903594
-0.000000 0.090404 0.014346 0.895250
0.000000 0.044497 0.009114 0.946389
-0.000000 0.204311 0.024478 0.771211
-0.000000 0.991114 0.000258 0.008629
0.000000 0.131452 0.017556 0.850992
-0.000000 0.999031 0.000065 0.000904
0.000000 0.082033 0.012277 0.905689
-0.000000 0.158375 0.007353 0.834272
-0.000000 0.999895 0.000105 0.000000
-0.000000 0.247628 0.027891 0.724481
0.000000 0.081528 0.012031 0.906441
-0.000000 0.045088 0.008582 0.946330
0.000000 0.154162 0.015391 0.830447
0.000000 0.919612 0.059056 0.021332
0.000000 0.188862 0.014398 0.796741
-0.000000 0.998516 0.000367 0.001117
0.000000 0.072848 0.010860 0.916292
-0.000000 0.353161 0.007923 0.638916
0.000000 0.064839 0.022509 0.912653
-0.000000 0.112652 0.015286 0.872062
0.000000 0.930864 0.000640 0.068496
0.000000 0.999833 0.000118 0.000049
-0.000000 0.050006 0.008617 0.941377
0.000000 0.896552 0.002123 0.101325
0.000000 0.059163 0.014181 0.926655
0.000000 0.077803 0.013686 0.908511
0.000000 0.999492 0.000256 0.000252
-0.000000 0.048463 0.008646 0.942890
-0.000000 0.102584 0.014153 0.883263
0.000000 0.998326 0.000142 0.001532
-0.000000 0.164910 0.020406 0.814683
-0.000000 0.999959 0.000041 0.000001
0.000000 0.999692 0.000112 0.000196
-0.000000 0.983031 0.000458 0.016512
-0.000000 0.998877 0.000182 0.000941
0.000000 0.068790 0.014265 0.916945
0.000000 0.117804 0.013848 0.868348
0.000000 0.931014 0.013646 0.055340
0.000000 0.525933 0.053001 0.421066
0.000000 0.987379 0.000248 0.012373
0.000000 0.994433 0.000132 0.005435
0.000000 0.998078 0.000066 0.001856
-0.000000 0.866973 0.046103 0.086923
0.000000 0.995246 0.000092 0.004662
0.000000 0.997485 0.001119 0.001396
-0.000000 0.050227 0.011252 0.938521
-0.000000 0.123918 0.016548 0.859534
-0.000000 0.322362 0.024326 0.653312
0.000000 0.262472 0.024695 0.712834
-0.000000 0.992955 0.000117 0.006928
0.000000 0.067653 0.010330 0.922017
0.000000 0.060527 0.010609 0.928864
0.000000 0.045116 0.008505 0.946380
0.000000 0.069468 0.013858 0.916674
0.000000 0.063081 0.027687 0.909232
-0.000000 0.113069 0.013276 0.873656
-0.000000 0.999527 0.000163 0.000310
0.000000 0.999932 0.000057 0.000011
-0.000000 0.057409 0.012578 0.930013
-0.000000 0.050595 0.008925 0.940479
0.000000 0.173524 0.017866 0.808610
0.000000 0.974632 0.000309 0.025059
-0.000000 0.181984 0.012946 0.805070
-0.000000 0.994637 0.000091 0.005272
-0.000000 0.609039 0.006464 0.384496
-0.000000 0.086285 0.014785 0.898930
0.000000 0.063711 0.010141 0.926148
-0.000000 0.952590 0.000426 0.046984
-0.000000 0.119388 0.014889 0.865722
0.000000 0.999067 0.000132 0.000801
-0.000000 0.043763 0.009079 0.947158
0.000000 0.051892 0.010799 0.937309
-0.000000 0.999417 0.000133 0.000451
0.000000 0.567995 0.004319 0.427686
-0.000000 0.955894 0.002092 0.042014
-0.000000 0.045441 0.008914 0.945645
0.000000 0.989672 0.000147 0.010182
0.000000 0.139213 0.016038 0.844749
-0.000000 0.047518 0.010600 0.941882
0.000000 0.829900 0.003097 0.167003
0.000000 0.710334 0.124349 0.165317
0.000000 0.078149 0.013745 0.908105
0.000000 0.998540 0.001352 0.000108
-0.000000 0.058269 0.013434 0.928297
-0.000000 0.065243 0.013375 0.921381
0.000000 0.998500 0.000356 0.001145
-0.000000 0.074856 0.023317 0.901826
0.000000 0.999898 0.000099 0.000002
-0.000000 0.967125 0.000385 0.032490
-0.000000 0.105716 0.015963 0.878321
0.000000 0.996697 0.000075 0.003228
-0.000000 0.258317 0.029413 0.712270
-0.000000 0.989180 0.000172 0.010648
0.000000 0.091089 0.008058 0.900852
-0.000000 0.298551 0.026464 0.674985
-0.000000 0.982378 0.000361 0.017261
-0.000000 0.084766 0.012449 0.902785
-0.000000 0.106878 0.014844 0.878278
