-0.000000 0.000000 0.998904 0.001096
-0.000000 -0.000000 0.141567 0.858433
-0.000000 0.000000 0.124137 0.875863
0.000000 0.000000 0.046153 0.953847
0.000000 0.000000 0.984584 0.015416
0.000000 0.000000 0.077772 0.922228
-0.000000 0.000000 0.180158 0.819842
0.000000 0.000000 0.999785 0.000215
0.000000 -0.000000 0.954863 0.045137
-0.000000 -0.000000 0.988213 0.011787
-0.000000 0.000000 0.149529 0.850471
-0.000000 -0.000000 0.884866 0.115134
-0.000000 0.000000 0.999896 0.000104
-0.000000 0.000000 0.924310 0.075690
-0.000000 -0.000000 0.051248 0.948752
0.000000 -0.000000 0.516196 0.483804
0.000000 0.000000 0.995116 0.004884
0.000000 0.000000 0.999947 0.000053
0.000000 -0.000000 0.095400 0.904600
-0.000000 0.000000 0.044305 0.955695
-0.000000 -0.000000 0.059277 0.940723
-0.000000 0.000000 0.231150 0.768850
0.000000 0.000000 0.842573 0.157427
0.000000 -0.000000 0.055465 0.944535
-0.000000 0.000000 0.561377 0.438623
-0.000000 0.000000 0.049678 0.950322
-0.000000 -0.000000 0.047828 0.952172
0.000000 0.000000 0.999754 0.000246
-0.000000 -0.000000 0.047999 0.952001
-0.000000 0.000000 0.055000 0.945000
-0.000000 0.000000 0.191706 0.808294
-0.000000 -0.000000 0.779763 0.220237
-0.000000 0.000000 0.976165 0.023835
-0.000000 -0.000000 0.796215 0.203785
-0.000000 0.000000 0.891481 0.108519
0.000000 -0.000000 0.999981 0.000019
-0.000000 -0.000000 0.242824 0.757176
0.000000 0.000000 0.076651 0.923349
0.000000 -0.000000 0.685905 0.314095
0.000000 0.000000 0.060687 0.939313
-0.000000 -0.000000 0.048273 0.951727
0.000000 0.000000 0.999356 0.000644
-0.000000 -0.000000 0.049953 0.950047
0.000000 0.000000 0.060213 0.939787
-0.000000 -0.000000 0.049935 0.950065
0.000000 -0.000000 0.103191 0.896809
0.000000 -0.000000 0.161568 0.838432
0.000000 -0.000000 0.999877 0.000123
-0.000000 0.000000 0.128225 0.871775
-0.000000 0.000000 0.055782 0.944218
-0.000000 0.000000 0.446880 0.553120
-0.000000 0.000000 0.047220 0.952780
-0.000000 -0.000000 0.048098 0.951902
-0.000000 -0.000000 0.172441 0.827559
0.000000 0.000000 0.052438 0.947562
0.000000 0.000000 0.570579 0.429421
-0.000000 0.000000 0.903289 0.096711
-0.000000 0.000000 0.060195 0.939805
-0.000000 0.000000 0.995169 0.004831
0.000000 -0.000000 0.552045 0.447955
0.000000 -0.000000 0.789648 0.210352
-0.000000 -0.000000 0.842286 0.157714
0.000000 0.000000 0.069167 0.930833
0.000000 -0.000000 0.850054 0.149946
-0.000000 0.000000 0.046957 0.953043
-0.000000 -0.000000 0.047701 0.952299
-0.000000 -0.000000 0.063150 0.936850
-0.000000 -0.000000 0.045009 0.954991
-0.000000 0.000000 0.578756 0.421244
0.000000 0.000000 0.046111 0.953889
0.000000 0.000000 0.525279 0.474721
-0.000000 0.000000 0.108782 0.891218
-0.000000 -0.000000 0.920541 0.079459
-0.000000 -0.000000 0.089369 0.910631
0.000000 -0.000000 0.043738 0.956262
0.000000 -0.000000 0.044533 0.955467
0.000000 0.000000 0.077952 0.922048
0.000000 0.000000 0.045320 0.954680
0.000000 -0.000000 0.859652 0.140348
-0.000000 -0.000000 0.079995 0.920005
0.000000 0.000000 0.255488 0.744512
0.000000 0.000000 0.999138 0.000862
-0.000000 0.000000 0.101410 0.898590
-0.000000 -0.000000 0.999999 0.000001
-0.000000 -0.000000 0.914083 0.085917
-0.000000 0.000000 0.181850 0.818150
0.000000 0.000000 0.064489 0.935511
0.000000 0.000000 0.153958 0.846042
-0.000000 0.000000 0.051736 0.948264
0.000000 -0.000000 0.195900 0.804100
0.000000 -0.000000 0.055814 0.944186
0.000000 -0.000000 0.043380 0.956620
-0.000000 0.000000 0.999995 0.000005
-0.000000 -0.000000 0.832005 0.167995
0.000000 -0.000000 0.995267 0.004733
0.000000 -0.000000 0.998335 0.001665
-0.000000 -0.000000 1.000000 0.000000
0.000000 0.000000 0.106339 0.893661
-0.000000 -0.000000 0.062893 0.937107
0.000000 -0.000000 0.379702 0.620298
-0.000000 -0.000000 0.093376 0.906624
0.000000 0.000000 0.999998 0.000002
-0.000000 -0.000000 0.076258 0.923742
-0.000000 0.000000 0.065873 0.934127
-0.000000 -0.000000 0.311149 0.688851
0.000000 -0.000000 0.961796 0.038204
-0.000000 0.000000 0.069409 0.930591
-0.000000 0.000000 0.898892 0.101108
0.000000 0.000000 0.078814 0.921186
0.000000 -0.000000 0.996971 0.003029
-0.000000 -0.000000 0.110680 0.889320
-0.000000 -0.000000 0.998858 0.001142
0.000000 0.000000 0.138762 0.861238
0.000000 0.000000 0.146619 0.853381
0.000000 0.000000 0.050630 0.949370
-0.000000 -0.000000 0.923900 0.076100
-0.000000 0.000000 0.772246 0.227754
0.000000 0.000000 0.052787 0.947213
0.000000 -0.000000 0.999999 0.000001
0.000000 -0.000000 0.925280 0.074720
0.000000 -0.000000 0.999245 0.000755
-0.000000 0.000000 0.053630 0.946370
0.000000 -0.000000 0.071649 0.928351
-0.000000 0.000000 0.094514 0.905486
0.000000 -0.000000 0.177310 0.822690
0.000000 -0.000000 0.055594 0.944406
0.000000 0.000000 0.043304 0.956696
-0.000000 0.000000 0.996701 0.003299
0.000000 0.000000 0.158615 0.841385
-0.000000 -0.000000 0.344951 0.655049
0.000000 -0.000000 0.095224 0.904776
-0.000000 -0.000000 0.046535 0.953465
-0.000000 -0.000000 0.285899 0.714101
0.000000 0.000000 0.072372 0.927628
-0.000000 0.000000 0.968563 0.031437
-0.000000 -0.000000 0.999556 0.000444
0.000000 -0.000000 0.080441 0.919559
0.000000 -0.000000 0.053550 0.946450
0.000000 0.000000 0.078663 0.921337
0.000000 0.000000 0.049652 0.950348
0.000000 -0.000000 0.069503 0.930497
-0.000000 -0.000000 0.089725 0.910275
0.000000 0.000000 0.979311 0.020689
0.000000 -0.000000 0.095333 0.904667
-0.000000 -0.000000 0.056596 0.943404
0.000000 0.000000 0.054322 0.945678
-0.000000 0.000000 0.904980 0.095020
0.000000 0.000000 0.996709 0.003291
-0.000000 0.000000 0.278900 0.721100
-0.000000 -0.000000 0.073944 0.926056
0.000000 -0.000000 0.044531 0.955469
-0.000000 -0.000000 0.998308 0.001692
0.000000 0.000000 0.122139 0.877861
0.000000 -0.000000 0.106447 0.893553
-0.000000 -0.000000 0.116163 0.883837
0.000000 0.000000 0.884865 0.115135
0.000000 -0.000000 0.102234 0.897766
0.000000 -0.000000 0.052926 0.947074
-0.000000 -0.000000 0.050056 0.949944
-0.000000 -0.000000 0.107110 0.892890
-0.000000 0.000000 0.146272 0.853728
0.000000 0.000000 0.071348 0.928652
-0.000000 -0.000000 0.048029 0.951971
0.000000 -0.000000 0.996195 0.003805
0.000000 -0.000000 0.045334 0.954666
-0.000000 0.000000 0.999716 0.000284
0.000000 -0.000000 0.583584 0.416416
-0.000000 0.000000 0.100367 0.899633
0.000000 -0.000000 0.044003 0.955997
0.000000 0.000000 0.994172 0.005828
-0.000000 -0.000000 0.055115 0.944885
0.000000 -0.000000 0.117165 0.882835
-0.000000 0.000000 0.148677 0.851323
0.000000 -0.000000 0.999996 0.000004
0.000000 0.000000 0.986439 0.013561
0.000000 -0.000000 0.894221 0.105779
0.000000 0.000000 0.073181 0.926819
0.000000 0.000000 0.067597 0.932403
-0.000000 -0.000000 0.995371 0.004629
0.000000 -0.000000 0.347426 0.652574
-0.000000 0.000000 0.044943 0.955057
0.000000 0.000000 0.123015 0.876985
-0.000000 0.000000 0.047215 0.952785
0.000000 0.000000 0.874403 0.125597
0.000000 0.000000 0.060121 0.939879
-0.000000 0.000000 0.999858 0.000142
-0.000000 -0.000000 0.050383 0.949617
-0.000000 -0.000000 0.062193 0.937807
0.000000 -0.000000 0.976972 0.023028
0.000000 0.000000 0.582765 0.417235
-0.000000 -0.000000 0.328233 0.671767
0.000000 0.000000 0.994885 0.005115
-0.000000 0.000000 0.048199 0.951801
0.000000 0.000000 0.117963 0.882037
-0.000000 -0.000000 0.047953 0.952047
0.000000 -0.000000 0.227947 0.772053
0.000000 0.000000 0.131031 0.868969
-0.000000 0.000000 0.046493 0.953507
-0.000000 0.000000 0.854755 0.145245
0.000000 -0.000000 0.876807 0.123193
0.000000 0.000000 0.090511 0.909489
-0.000000 -0.000000 0.053403 0.946597
-0.000000 -0.000000 0.115223 0.884777
-0.000000 0.000000 0.076432 0.923568
-0.000000 0.000000 0.044879 0.955121
-0.000000 -0.000000 0.488109 0.511891
0.000000 -0.000000 0.075986 0.924014
0.000000 -0.000000 0.052901 0.947099
-0.000000 -0.000000 0.997743 0.002257
-0.000000 -0.000000 0.068668 0.931332
-0.000000 0.000000 0.999944 0.000056
0.000000 0.000000 0.048043 0.951957
0.000000 -0.000000 0.120038 0.879962
0.000000 -0.000000 1.000000 0.000000
0.000000 -0.000000 0.058392 0.941608
0.000000 -0.000000 0.271192 0.728808
0.000000 -0.000000 0.999876 0.000124
0.000000 0.000000 0.125355 0.874645
0.000000 -0.000000 0.975769 0.024231
-0.000000 -0.000000 0.060267 0.939733
0.000000 0.000000 0.114146 0.885854
0.000000 -0.000000 0.053675 0.946325
0.000000 -0.000000 0.953999 0.046001
-0.000000 0.000000 0.999992 0.000008
-0.000000 -0.000000 0.069878 0.930122
-0.000000 -0.000000 0.092422 0.907578
0.000000 -0.000000 0.999680 0.000320
-0.000000 -0.000000 0.915312 0.084688
0.000000 -0.000000 0.850442 0.149558
0.000000 0.000000 0.999954 0.000046
0.000000 0.000000 0.052726 0.947274
-0.000000 -0.000000 0.432380 0.567620
-0.000000 0.000000 0.854653 0.145347
-0.000000 0.000000 0.073396 0.926604
0.000000 0.000000 0.204064 0.795936
-0.000000 0.000000 0.808641 0.191359
-0.000000 0.000000 0.065099 0.934901
-0.000000 0.000000 0.507977 0.492023
-0.000000 -0.000000 0.420905 0.579095
-0.000000 0.000000 0.589621 0.410379
0.000000 0.000000 0.061462 0.938538
0.000000 0.000000 0.999900 0.000100
-0.000000 -0.000000 0.069861 0.930139
0.000000 0.000000 0.921566 0.078434
0.000000 -0.000000 0.043954 0.956046
-0.000000 -0.000000 0.048861 0.951139
0.000000 -0.000000 0.066236 0.933764
0.000000 -0.000000 0.576520 0.423480
0.000000 0.000000 0.455196 0.544804
0.000000 0.000000 0.070577 0.929423
-0.000000 0.000000 0.969721 0.030279
-0.000000 -0.000000 0.997220 0.002780
-0.000000 0.000000 0.933624 0.066376
0.000000 0.000000 0.124610 0.875390
0.000000 -0.000000 0.087429 0.912571
-0.000000 0.000000 0.114055 0.885945
0.000000 0.000000 0.496913 0.503087
0.000000 -0.000000 0.070914 0.929086
-0.000000 -0.000000 0.047028 0.952972
0.000000 -0.000000 0.047562 0.952438
0.000000 0.000000 0.148107 0.851893
-0.000000 0.000000 0.843275 0.156725
0.000000 0.000000 0.870796 0.129204
0.000000 -0.000000 0.090249 0.909751
-0.000000 0.000000 0.997159 0.002841
0.000000 0.000000 0.051981 0.948019
0.000000 -0.000000 0.083941 0.916059
-0.000000 0.000000 0.956203 0.043797
-0.000000 0.000000 0.093162 0.906838
0.000000 0.000000 0.070241 0.929759
-0.000000 -0.000000 0.999962 0.000038
0.000000 -0.000000 0.963172 0.036828
0.000000 -0.000000 0.069829 0.930171
-0.000000 -0.000000 0.974242 0.025758
0.000000 0.000000 0.052137 0.947863
0.000000 -0.000000 0.097490 0.902510
0.000000 -0.000000 0.945902 0.054098
-0.000000 -0.000000 0.055376 0.944624
0.000000 -0.000000 0.066313 0.933687
0.000000 0.000000 0.605002 0.394998
0.000000 0.000000 0.904456 0.095544
-0.000000 -0.000000 0.057816 0.942184
-0.000000 -0.000000 0.926193 0.073807
0.000000 -0.000000 0.999992 0.000008
-0.000000 0.000000 0.057766 0.942234
-0.000000 0.000000 0.998052 0.001948
0.000000 0.000000 0.101880 0.898120
-0.000000 0.000000 0.051862 0.948138
0.000000 0.000000 0.104276 0.895724
-0.000000 0.000000 0.877321 0.122679
-0.000000 0.000000 0.093344 0.906656
0.000000 0.000000 0.990705 0.009295
0.000000 0.000000 0.106761 0.893239
0.000000 -0.000000 0.070818 0.929182
0.000000 -0.000000 0.977220 0.022780
0.000000 -0.000000 0.064081 0.935919
-0.000000 0.000000 0.417614 0.582386
0.000000 0.000000 0.077417 0.922583
0.000000 -0.000000 0.095001 0.904999
-0.000000 -0.000000 0.457185 0.542815
-0.000000 0.000000 0.975961 0.024039
0.000000 0.000000 0.999999 0.000001
0.000000 -0.000000 0.047465 0.952535
-0.000000 0.000000 0.920847 0.079153
-0.000000 0.000000 0.850379 0.149621
0.000000 0.000000 0.922432 0.077568
0.000000 0.000000 0.047762 0.952238
-0.000000 0.000000 0.058659 0.941341
0.000000 -0.000000 0.089571 0.910429
-0.000000 0.000000 0.048756 0.951244
-0.000000 -0.000000 0.158404 0.841596
0.000000 -0.000000 0.971186 0.028814
-0.000000 0.000000 0.338134 0.661866
-0.000000 -0.000000 0.220692 0.779308
0.000000 -0.000000 0.917617 0.082383
-0.000000 -0.000000 0.892883 0.107117
-0.000000 -0.000000 0.903787 0.096213
-0.000000 0.000000 0.119085 0.880915
-0.000000 0.000000 0.999995 0.000005
0.000000 0.000000 0.188410 0.811590
-0.000000 -0.000000 0.086203 0.913797
-0.000000 0.000000 0.062652 0.937348
-0.000000 0.000000 0.238095 0.761905
-0.000000 -0.000000 0.090121 0.909879
0.000000 0.000000 0.461101 0.538899
-0.000000 0.000000 0.057368 0.942632
-0.000000 -0.000000 0.119357 0.880643
0.000000 0.000000 0.676190 0.323810
-0.000000 0.000000 0.998729 0.001271
-0.000000 0.000000 0.060620 0.939380
0.000000 0.000000 0.611693 0.388307
-0.000000 -0.000000 0.103053 0.896947
0.000000 0.000000 0.333583 0.666417
-0.000000 -0.000000 0.889454 0.110546
0.000000 -0.000000 0.044627 0.955373
0.000000 0.000000 0.094833 0.905167
-0.000000 0.000000 0.060412 0.939588
-0.000000 0.000000 0.653688 0.346312
-0.000000 0.000000 0.997875 0.002125
0.000000 0.000000 0.059731 0.940269
-0.000000 -0.000000 0.070158 0.929842
0.000000 -0.000000 0.135168 0.864832
0.000000 -0.000000 0.901774 0.098226
-0.000000 -0.000000 0.129694 0.870306
0.000000 -0.000000 0.052970 0.947030
0.000000 -0.000000 0.060556 0.939444
-0.000000 -0.000000 0.098723 0.901277
-0.000000 -0.000000 0.999998 0.000002
-0.000000 0.000000 0.470418 0.529582
-0.000000 0.000000 0.999157 0.000843
0.000000 0.000000 0.999994 0.000006
0.000000 0.000000 0.046503 0.953497
0.000000 -0.000000 0.097328 0.902672
0.000000 -0.000000 0.999973 0.000027
0.000000 0.000000 0.998129 0.001871
0.000000 -0.000000 0.198377 0.801623
0.000000 0.000000 0.156110 0.843890
-0.000000 -0.000000 0.084872 0.915128
-0.000000 0.000000 0.999898 0.000102
0.000000 0.000000 0.997050 0.002950
-0.000000 -0.000000 0.999918 0.000082
-0.000000 0.000000 0.137772 0.862228
0.000000 0.000000 0.999726 0.000274
0.000000 -0.000000 0.961072 0.038928
-0.000000 -0.000000 0.999972 0.000028
0.000000 0.000000 0.999599 0.000401
-0.000000 -0.000000 0.157118 0.842882
-0.000000 -0.000000 0.057104 0.942896
-0.000000 0.000000 0.094318 0.905682
0.000000 -0.000000 0.043917 0.956083
-0.000000 0.000000 0.096943 0.903057
0.000000 -0.000000 0.999571 0.000429
-0.000000 -0.000000 0.049339 0.950661
0.000000 -0.000000 0.071859 0.928141
-0.000000 -0.000000 0.794102 0.205898
0.000000 0.000000 0.120289 0.879711
-0.000000 -0.000000 0.987506 0.012494
-0.000000 -0.000000 0.495377 0.504623
0.000000 -0.000000 0.171576 0.828424
-0.000000 0.000000 0.122349 0.877651
0.000000 -0.000000 0.999997 0.000003
-0.000000 -0.000000 0.422284 0.577716
0.000000 0.000000 0.864510 0.135490
0.000000 0.000000 0.083180 0.916820
-0.000000 -0.000000 0.999958 0.000042
-0.000000 -0.000000 0.184306 0.815694
-0.000000 0.000000 0.999085 0.000915
0.000000 -0.000000 0.047524 0.952476
-0.000000 -0.000000 0.048815 0.951185
-0.000000 0.000000 0.106796 0.893204
-0.000000 -0.000000 0.057879 0.942121
0.000000 0.000000 0.112105 0.887895
0.000000 -0.000000 0.055232 0.944768
-0.000000 -0.000000 0.079015 0.920985
-0.000000 -0.000000 0.102872 0.897128
0.000000 0.000000 0.047057 0.952943
-0.000000 -0.000000 0.876552 0.123448
-0.000000 0.000000 0.856327 0.143673
0.000000 -0.000000 0.046697 0.953303
-0.000000 0.000000 0.908565 0.091435
-0.000000 -0.000000 0.058488 0.941512
0.000000 -0.000000 0.844280 0.155720
-0.000000 0.000000 0.880486 0.119514
-0.000000 -0.000000 0.999585 0.000415
0.000000 0.000000 0.045390 0.954610
-0.000000 0.000000 0.044819 0.955181
-0.000000 -0.000000 0.104516 0.895484
0.000000 0.000000 0.081488 0.918512
0.000000 -0.000000 0.058310 0.941690
-0.000000 -0.000000 0.998933 0.001067
-0.000000 0.000000 0.872544 0.127456
-0.000000 -0.000000 0.134314 0.865686
0.000000 0.000000 0.895777 0.104223
-0.000000 -0.000000 0.990242 0.009758
-0.000000 0.000000 0.913698 0.086302
0.000000 -0.000000 0.999928 0.000072
-0.000000 0.000000 0.056094 0.943906
-0.000000 -0.000000 0.069212 0.930788
0.000000 -0.000000 0.901279 0.098721
0.000000 0.000000 0.999531 0.000469
-0.000000 -0.000000 0.043973 0.956027
-0.000000 -0.000000 0.474543 0.525457
0.000000 -0.000000 0.082391 0.917609
-0.000000 -0.000000 0.360456 0.639544
-0.000000 -0.000000 0.048242 0.951758
-0.000000 0.000000 0.068897 0.931103
-0.000000 0.000000 0.975427 0.024573
0.000000 0.000000 0.108792 0.891208
0.000000 0.000000 0.169604 0.830396
0.000000 -0.000000 0.999997 0.000003
-0.000000 0.000000 0.998905 0.001095
0.000000 0.000000 0.998376 0.001624
-0.000000 0.000000 0.060166 0.939834
0.000000 -0.000000 0.079398 0.920602
0.000000 -0.000000 0.961565 0.038435
0.000000 0.000000 0.063339 0.936661
-0.000000 -0.000000 1.000000 0.000000
0.000000 -0.000000 0.191744 0.808256
-0.000000 -0.000000 0.997726 0.002274
-0.000000 -0.000000 0.189696 0.810304
-0.000000 0.000000 0.999998 0.000002
-0.000000 -0.000000 0.995690 0.004310
0.000000 -0.000000 0.999993 0.000007
0.000000 -0.000000 0.044757 0.955243
0.000000 -0.000000 0.075718 0.924282
-0.000000 -0.000000 0.053615 0.946385
0.000000 -0.000000 0.055381 0.944619
0.000000 0.000000 0.868776 0.131224
0.000000 -0.000000 0.563243 0.436757
0.000000 0.000000 0.552246 0.447754
-0.000000 -0.000000 0.149941 0.850059
0.000000 -0.000000 0.915495 0.084505
0.000000 0.000000 0.103007 0.896993
-0.000000 0.000000 0.088915 0.911085
0.000000 0.000000 0.059315 0.940685
-0.000000 0.000000 0.999982 0.000018
-0.000000 0.000000 0.097380 0.902620
0.000000 0.000000 0.463326 0.536674
0.000000 0.000000 0.053034 0.946966
0.000000 0.000000 0.044369 0.955631
-0.000000 0.000000 0.045666 0.954334
-0.000000 0.000000 0.053489 0.946511
-0.000000 -0.000000 0.078779 0.921221
0.000000 -0.000000 0.056157 0.943843
0.000000 0.000000 0.999982 0.000018
0.000000 0.000000 0.055210 0.944790
0.000000 -0.000000 0.879501 0.120499
-0.000000 0.000000 0.915613 0.084387
-0.000000 0.000000 0.513714 0.486286
-0.000000 -0.000000 0.054874 0.945126
0.000000 -0.000000 0.103022 0.896978
0.000000 -0.000000 0.999105 0.000895
-0.000000 0.000000 0.846975 0.153025
0.000000 -0.000000 0.101052 0.898948
0.000000 -0.000000 0.787591 0.212409
0.000000 -0.000000 0.999989 0.000011
-0.000000 -0.000000 0.148471 0.851529
-0.000000 0.000000 0.992642 0.007358
-0.000000 0.000000 0.999997 0.000003
-0.000000 0.000000 0.999999 0.000001
0.000000 -0.000000 0.056871 0.943129
0.000000 0.000000 0.044509 0.955491
0.000000 -0.000000 0.547032 0.452968
-0.000000 -0.000000 0.942021 0.057979
0.000000 -0.000000 0.052866 0.947134
-0.000000 0.000000 0.959363 0.040637
-0.000000 -0.000000 0.630609 0.369391
-0.000000 0.000000 0.999849 0.000151
-0.000000 0.000000 0.920719 0.079281
-0.000000 0.000000 0.987166 0.012834
-0.000000 -0.000000 0.044992 0.955008
-0.000000 0.000000 0.068437 0.931563
0.000000 0.000000 0.999837 0.000163
0.000000 -0.000000 0.999761 0.000239
0.000000 0.000000 0.055833 0.944167
0.000000 0.000000 0.863282 0.136718
0.000000 0.000000 0.999693 0.000307
-0.000000 0.000000 0.619771 0.380229
-0.000000 0.000000 0.999984 0.000016
-0.000000 0.000000 0.212681 0.787319
-0.000000 -0.000000 0.109243 0.890757
-0.000000 -0.000000 0.530906 0.469094
-0.000000 0.000000 0.977229 0.022771
-0.000000 0.000000 0.112656 0.887344
0.000000 -0.000000 0.987967 0.012033
0.000000 -0.000000 0.067038 0.932962
-0.000000 -0.000000 0.071403 0.928597
0.000000 -0.000000 0.996380 0.003620
-0.000000 0.000000 0.991017 0.008983
0.000000 -0.000000 0.999246 0.000754
0.000000 -0.000000 0.060832 0.939168
0.000000 -0.000000 0.989598 0.010402
-0.000000 0.000000 0.041976 0.958024
0.000000 0.000000 0.921567 0.078433
-0.000000 -0.000000 0.187967 0.812033
-0.000000 0.000000 0.044298 0.955702
-0.000000 0.000000 0.937434 0.062566
0.000000 0.000000 0.938786 0.061214
-0.000000 -0.000000 0.839990 0.160010
-0.000000 0.000000 0.232437 0.767563
-0.000000 -0.000000 0.124453 0.875547
-0.000000 -0.000000 0.063961 0.936039
0.000000 -0.000000 0.130651 0.869349
0.000000 -0.000000 0.969135 0.030865
0.000000 -0.000000 0.997626 0.002374
-0.000000 -0.000000 0.048593 0.951407
-0.000000 0.000000 0.072801 0.927199
0.000000 -0.000000 0.064693 0.935307
0.000000 -0.000000 0.923879 0.076121
0.000000 0.000000 0.060586 0.939414
0.000000 0.000000 0.998352 0.001648
0.000000 -0.000000 0.051541 0.948459
0.000000 0.000000 0.991270 0.008730
-0.000000 0.000000 0.103293 0.896707
0.000000 -0.000000 0.974322 0.025678
-0.000000 0.000000 0.278592 0.721408
0.000000 0.000000 0.999794 0.000206
0.000000 -0.000000 0.066328 0.933672
-0.000000 0.000000 0.082918 0.917082
0.000000 0.000000 0.991888 0.008112
0.000000 -0.000000 0.167956 0.832044
-0.000000 0.000000 0.044961 0.955039
0.000000 0.000000 0.055074 0.944926
0.000000 -0.000000 0.047041 0.952959
0.000000 -0.000000 0.059761 0.940239
0.000000 0.000000 0.190523 0.809477
0.000000 -0.000000 0.042177 0.957823
-0.000000 -0.000000 0.471930 0.528070
-0.000000 0.000000 0.883285 0.116715
-0.000000 0.000000 0.089018 0.910982
0.000000 0.000000 0.901739 0.098261
0.000000 -0.000000 0.042595 0.957405
-0.000000 0.000000 0.999718 0.000282
-0.000000 0.000000 0.049383 0.950617
-0.000000 0.000000 0.164701 0.835299
-0.000000 -0.000000 0.175631 0.824369
0.000000 -0.000000 0.044617 0.955383
-0.000000 -0.000000 0.137670 0.862330
-0.000000 -0.000000 0.544998 0.455002
-0.000000 -0.000000 0.049996 0.950004
0.000000 0.000000 0.929052 0.070948
0.000000 0.000000 0.088436 0.911564
-0.000000 -0.000000 0.855214 0.144786
0.000000 0.000000 0.977351 0.022649
0.000000 0.000000 0.152898 0.847102
0.000000 0.000000 0.089262 0.910738
-0.000000 -0.000000 0.999890 0.000110
0.000000 -0.000000 0.437432 0.562568
-0.000000 -0.000000 0.065846 0.934154
-0.000000 -0.000000 0.079020 0.920980
-0.000000 0.000000 0.150615 0.849385
-0.000000 0.000000 0.061759 0.938241
-0.000000 0.000000 0.173029 0.826971
-0.000000 0.000000 0.929263 0.070737
0.000000 0.000000 0.050225 0.949775
-0.000000 0.000000 0.044359 0.955641
-0.000000 0.000000 0.094012 0.905988
0.000000 -0.000000 0.188932 0.811068
-0.000000 -0.000000 0.948148 0.051852
-0.000000 0.000000 0.055358 0.944642
0.000000 0.000000 0.993475 0.006525
-0.000000 -0.000000 1.000000 0.000000
-0.000000 0.000000 0.959485 0.040515
-0.000000 0.000000 0.999899 0.000101
0.000000 -0.000000 0.999998 0.000002
-0.000000 0.000000 0.120290 0.879710
0.000000 0.000000 0.999789 0.000211
-0.000000 -0.000000 0.081306 0.918694
-0.000000 -0.000000 0.046709 0.953291
0.000000 -0.000000 0.064377 0.935623
-0.000000 0.000000 0.071216 0.928784
0.000000 -0.000000 0.073704 0.926296
-0.000000 0.000000 0.323086 0.676914
-0.000000 0.000000 0.095976 0.904024
0.000000 -0.000000 0.968560 0.031440
0.000000 0.000000 0.999932 0.000068
0.000000 0.000000 0.998887 0.001113
-0.000000 0.000000 0.058461 0.941539
-0.000000 -0.000000 0.067676 0.932324
-0.000000 -0.000000 0.059958 0.940042
-0.000000 -0.000000 0.999808 0.000192
-0.000000 0.000000 0.087982 0.912018
-0.000000 0.000000 0.997286 0.002714
0.000000 -0.000000 0.174462 0.825538
-0.000000 0.000000 0.045298 0.954702
-0.000000 0.000000 0.708046 0.291954
0.000000 0.000000 0.853700 0.146300
-0.000000 -0.000000 0.045895 0.954105
-0.000000 0.000000 0.994068 0.005932
0.000000 -0.000000 0.046614 0.953386
-0.000000 -0.000000 0.114921 0.885079
-0.000000 -0.000000 0.053163 0.946837
0.000000 -0.000000 0.057819 0.942181
0.000000 -0.000000 0.998459 0.001541
-0.000000 -0.000000 0.083737 0.916263
-0.000000 0.000000 0.050236 0.949764
0.000000 -0.000000 0.290769 0.709231
-0.000000 0.000000 0.044145 0.955855
0.000000 -0.000000 0.872271 0.127729
-0.000000 0.000000 0.114333 0.885667
-0.000000 0.000000 0.091255 0.908745
-0.000000 0.000000 0.048591 0.951409
-0.000000 -0.000000 0.188548 0.811452
0.000000 -0.000000 0.094760 0.905240
-0.000000 0.000000 0.998991 0.001009
0.000000 -0.000000 0.931124 0.068876
-0.000000 -0.000000 0.744028 0.255972
0.000000 -0.000000 0.999996 0.000004
-0.000000 0.000000 0.112254 0.887746
0.000000 -0.000000 0.068814 0.931186
0.000000 -0.000000 0.948487 0.051513
0.000000 -0.000000 0.051965 0.948035
0.000000 0.000000 0.635655 0.364345
0.000000 0.000000 0.999762 0.000238
0.000000 0.000000 0.845864 0.154136
-0.000000 0.000000 0.982501 0.017499
0.000000 0.000000 0.998313 0.001687
0.000000 -0.000000 0.059840 0.940160
0.000000 -0.000000 0.169717 0.830283
-0.000000 -0.000000 0.080596 0.919404
-0.000000 -0.000000 0.999064 0.000936
0.000000 -0.000000 0.097296 0.902704
-0.000000 0.000000 0.219033 0.780967
-0.000000 0.000000 0.102349 0.897651
0.000000 -0.000000 0.945471 0.054529
0.000000 -0.000000 1.000000 0.000000
0.000000 -0.000000 0.099148 0.900852
0.000000 -0.000000 0.115955 0.884045
0.000000 -0.000000 0.055228 0.944772
-0.000000 0.000000 0.950295 0.049705
0.000000 -0.000000 0.067971 0.932029
-0.000000 0.000000 0.627616 0.372384
-0.000000 0.000000 0.047743 0.952257
-0.000000 0.000000 0.064697 0.935303
-0.000000 -0.000000 0.043818 0.956182
0.000000 0.000000 0.938009 0.061991
-0.000000 0.000000 0.825536 0.174464
0.000000 0.000000 0.050292 0.949708
0.000000 0.000000 0.809814 0.190186
-0.000000 -0.000000 0.861377 0.138623
-0.000000 -0.000000 0.062846 0.937154
-0.000000 0.000000 0.156196 0.843804
-0.000000 0.000000 0.061459 0.938541
0.000000 -0.000000 0.999920 0.000080
-0.000000 -0.000000 0.996117 0.003883
-0.000000 -0.000000 0.168984 0.831016
0.000000 0.000000 0.951299 0.048701
0.000000 -0.000000 0.894272 0.105728
0.000000 -0.000000 0.118581 0.881419
-0.000000 0.000000 0.107483 0.892517
0.000000 -0.000000 0.999872 0.000128
-0.000000 0.000000 0.956534 0.043466
-0.000000 0.000000 0.136367 0.863633
0.000000 -0.000000 0.062249 0.937751
0.000000 0.000000 0.095482 0.904518
0.000000 0.000000 0.047171 0.952829
0.000000 -0.000000 0.258458 0.741542
-0.000000 -0.000000 0.827893 0.172107
-0.000000 0.000000 0.077737 0.922263
-0.000000 0.000000 0.111833 0.888167
0.000000 0.000000 0.999919 0.000081
-0.000000 0.000000 0.999929 0.000071
0.000000 0.000000 0.936138 0.063862
-0.000000 0.000000 0.660689 0.339311
-0.000000 -0.000000 0.110790 0.889210
-0.000000 -0.000000 0.999447 0.000553
0.000000 -0.000000 0.053637 0.946363
-0.000000 -0.000000 0.115376 0.884624
-0.000000 -0.000000 0.862195 0.137805
-0.000000 0.000000 0.981689 0.018311
-0.000000 0.000000 0.999949 0.000051
0.000000 -0.000000 0.184084 0.815916
0.000000 0.000000 0.060791 0.939209
-0.000000 -0.000000 0.999001 0.000999
0.000000 -0.000000 0.995957 0.004043
-0.000000 0.000000 0.077109 0.922891
-0.000000 -0.000000 0.271279 0.728721
-0.000000 0.000000 0.210966 0.789034
0.000000 0.000000 0.094760 0.905240
0.000000 -0.000000 0.888753 0.111247
-0.000000 -0.000000 0.083709 0.916291
0.000000 -0.000000 0.937200 0.062800
-0.000000 -0.000000 0.072474 0.927526
-0.000000 0.000000 0.923754 0.076246
-0.000000 0.000000 0.991186 0.008814
0.000000 -0.000000 0.886910 0.113090
0.000000 -0.000000 0.098644 0.901356
-0.000000 0.000000 0.996104 0.003896
0.000000 0.000000 0.924319 0.075681
-0.000000 -0.000000 0.188374 0.811626
0.000000 -0.000000 0.999972 0.000028
-0.000000 -0.000000 0.876837 0.123163
-0.000000 0.000000 0.043928 0.956072
0.000000 0.000000 0.941795 0.058205
-0.000000 0.000000 1.000000 0.000000
0.000000 -0.000000 0.155602 0.844398
0.000000 0.000000 0.171815 0.828185
0.000000 0.000000 0.996338 0.003662
-0.000000 -0.000000 0.999731 0.000269
-0.000000 0.000000 0.062988 0.937012
-0.000000 0.000000 0.049254 0.950746
0.000000 0.000000 0.870722 0.129278
0.000000 -0.000000 0.215979 0.784021
-0.000000 0.000000 0.043047 0.956953
-0.000000 -0.000000 0.637226 0.362774
-0.000000 0.000000 0.083708 0.916292
0.000000 -0.000000 0.114628 0.885372
-0.000000 0.000000 0.529136 0.470864
0.000000 -0.000000 0.072173 0.927827
0.000000 0.000000 0.181751 0.818249
-0.000000 0.000000 0.123859 0.876141
0.000000 -0.000000 0.999396 0.000604
0.000000 -0.000000 0.379923 0.620077
0.000000 -0.000000 1.000000 0.000000
0.000000 -0.000000 0.232252 0.767748
-0.000000 -0.000000 0.097811 0.902189
0.000000 0.000000 0.991602 0.008398
0.000000 -0.000000 0.045319 0.954681
-0.000000 0.000000 0.047330 0.952670
-0.000000 0.000000 0.887426 0.112574
-0.000000 0.000000 0.101829 0.898171
0.000000 -0.000000 0.985601 0.014399
0.000000 0.000000 0.964978 0.035022
0.000000 -0.000000 0.093290 0.906710
0.000000 -0.000000 1.000000 0.000000
0.000000 0.000000 0.999753 0.000247
0.000000 0.000000 0.166316 0.833684
0.000000 0.000000 0.281594 0.718406
-0.000000 -0.000000 0.194826 0.805174
-0.000000 0.000000 0.779443 0.220557
-0.000000 0.000000 0.233879 0.766121
-0.000000 -0.000000 0.095603 0.904397
-0.000000 -0.000000 0.079972 0.920028
0.000000 -0.000000 0.369526 0.630474
-0.000000 -0.000000 0.999965 0.000035
-0.000000 -0.000000 0.755093 0.244907
0.000000 -0.000000 0.050527 0.949473
0.000000 0.000000 0.055666 0.944334
0.000000 0.000000 0.068465 0.931535
-0.000000 -0.000000 0.999996 0.000004
0.000000 -0.000000 0.277312 0.722688
-0.000000 0.000000 0.075171 0.924829
0.000000 -0.000000 0.988808 0.011192
-0.000000 -0.000000 0.070979 0.929021
0.000000 -0.000000 0.093229 0.906771
0.000000 0.000000 0.114858 0.885142
-0.000000 0.000000 0.704887 0.295113
-0.000000 0.000000 0.046961 0.953039
-0.000000 -0.000000 0.080399 0.919601
-0.000000 -0.000000 0.465347 0.534653
-0.000000 -0.000000 0.046730 0.953270
-0.000000 0.000000 0.085340 0.914660
-0.000000 -0.000000 0.061669 0.938331
0.000000 -0.000000 0.054069 0.945931
0.000000 0.000000 0.308809 0.691191
0.000000 -0.000000 0.326640 0.673360
-0.000000 -0.000000 0.058536 0.941464
0.000000 0.000000 0.259279 0.740721
0.000000 0.000000 0.962959 0.037041
-0.000000 0.000000 0.891880 0.108120
0.000000 0.000000 0.996296 0.003704
-0.000000 0.000000 0.153823 0.846177
-0.000000 0.000000 0.999610 0.000390
-0.000000 -0.000000 0.613910 0.386090
-0.000000 -0.000000 0.053743 0.946257
-0.000000 -0.000000 0.108460 0.891540
-0.000000 0.000000 0.092445 0.907555
0.000000 -0.000000 0.998682 0.001318
0.000000 -0.000000 0.867908 0.132092
-0.000000 0.000000 0.948067 0.051933
-0.000000 -0.000000 0.040412 0.959588
-0.000000 0.000000 0.999682 0.000318
0.000000 0.000000 0.059118 0.940882
-0.000000 -0.000000 0.995814 0.004186
0.000000 0.000000 0.112127 0.887873
-0.000000 0.000000 0.109226 0.890774
0.000000 0.000000 0.913897 0.086103
-0.000000 0.000000 0.155207 0.844793
-0.000000 -0.000000 0.138680 0.861320
0.000000 0.000000 0.997194 0.002806
-0.000000 -0.000000 0.969369 0.030631
-0.000000 -0.000000 0.087267 0.912733
-0.000000 -0.000000 0.846033 0.153967
0.000000 -0.000000 0.968881 0.031119
-0.000000 0.000000 0.939161 0.060839
-0.000000 -0.000000 0.069434 0.930566
-0.000000 -0.000000 0.102766 0.897234
-0.000000 0.000000 0.065110 0.934890
-0.000000 -0.000000 0.095121 0.904879
0.000000 0.000000 0.217762 0.782238
-0.000000 -0.000000 0.062387 0.937613
-0.000000 0.000000 0.105926 0.894074
0.000000 -0.000000 0.082464 0.917536
0.000000 -0.000000 0.979648 0.020352
0.000000 0.000000 0.120390 0.879610
0.000000 -0.000000 0.050078 0.949922
-0.000000 0.000000 0.060643 0.939357
-0.000000 0.000000 0.925819 0.074181
-0.000000 -0.000000 0.999967 0.000033
-0.000000 0.000000 0.049313 0.950687
-0.000000 -0.000000 0.181692 0.818308
0.000000 -0.000000 0.398401 0.601599
0.000000 -0.000000 0.175614 0.824386
-0.000000 0.000000 0.902739 0.097261
0.000000 0.000000 0.192222 0.807778
-0.000000 0.000000 0.046066 0.953934
-0.000000 0.000000 0.999565 0.000435
-0.000000 0.000000 0.999215 0.000785
-0.000000 0.000000 0.999845 0.000155
0.000000 -0.000000 0.180746 0.819254
-0.000000 -0.000000 0.993743 0.006257
0.000000 0.000000 0.999888 0.000112
-0.000000 -0.000000 0.998186 0.001814
0.000000 -0.000000 0.902765 0.097235
0.000000 0.000000 0.118393 0.881607
0.000000 -0.000000 0.938068 0.061932
-0.000000 -0.000000 0.101251 0.898749
-0.000000 0.000000 0.971936 0.028064
-0.000000 -0.000000 0.470348 0.529652
0.000000 -0.000000 0.049306 0.950694
-0.000000 0.000000 0.227349 0.772651
0.000000 0.000000 0.084117 0.915883
-0.000000 0.000000 0.999998 0.000002
0.000000 -0.000000 0.985194 0.014806
-0.000000 -0.000000 0.098034 0.901966
0.000000 -0.000000 0.127795 0.872205
0.000000 0.000000 0.167973 0.832027
0.000000 0.000000 0.319684 0.680316
-0.000000 0.000000 0.997514 0.002486
0.000000 0.000000 0.992595 0.007405
-0.000000 -0.000000 0.053918 0.946082
0.000000 0.000000 0.052777 0.947223
0.000000 -0.000000 0.062303 0.937697
0.000000 0.000000 0.057676 0.942324
0.000000 0.000000 0.864533 0.135467
0.000000 -0.000000 0.955125 0.044875
-0.000000 -0.000000 0.057352 0.942648
0.000000 -0.000000 0.979307 0.020693
0.000000 -0.000000 0.930571 0.069429
0.000000 0.000000 0.859087 0.140913
-0.000000 0.000000 0.094367 0.905633
0.000000 -0.000000 0.067548 0.932452
-0.000000 -0.000000 0.045553 0.954447
0.000000 -0.000000 0.059778 0.940222
-0.000000 -0.000000 0.999168 0.000832
0.000000 -0.000000 0.070942 0.929058
0.000000 -0.000000 0.046328 0.953672
-0.000000 0.000000 0.999887 0.000113
-0.000000 0.000000 0.071757 0.928243
-0.000000 0.000000 0.050072 0.949928
0.000000 -0.000000 0.069500 0.930500
-0.000000 0.000000 0.180208 0.819792
0.000000 -0.000000 0.105877 0.894123
-0.000000 0.000000 0.074116 0.925884
0.000000 0.000000 0.045282 0.954718
0.000000 0.000000 0.063574 0.936426
-0.000000 0.000000 0.987164 0.012836
-0.000000 -0.000000 0.999653 0.000347
-0.000000 -0.000000 0.157104 0.842896
0.000000 0.000000 0.052421 0.947579
-0.000000 -0.000000 0.638651 0.361349
-0.000000 -0.000000 0.074316 0.925684
-0.000000 0.000000 0.792589 0.207411
0.000000 -0.000000 0.087721 0.912279
0.000000 -0.000000 0.047792 0.952208
0.000000 -0.000000 0.137485 0.862515
-0.000000 -0.000000 1.000000 0.000000
0.000000 -0.000000 0.098254 0.901746
-0.000000 0.000000 0.060692 0.939308
0.000000 0.000000 0.956716 0.043284
-0.000000 -0.000000 0.051774 0.948226
0.000000 -0.000000 0.221629 0.778371
0.000000 -0.000000 0.411428 0.588572
-0.000000 0.000000 0.804386 0.195614
0.000000 -0.000000 0.939044 0.060956
-0.000000 0.000000 0.989671 0.010329
0.000000 0.000000 0.999838 0.000162
-0.000000 -0.000000 0.476334 0.523666
0.000000 0.000000 0.206626 0.793374
0.000000 -0.000000 0.118304 0.881696
0.000000 -0.000000 0.108569 0.891431
-0.000000 -0.000000 0.971125 0.028875
-0.000000 -0.000000 0.998400 0.001600
0.000000 -0.000000 0.056178 0.943822
0.000000 -0.000000 0.066775 0.933225
-0.000000 -0.000000 0.929302 0.070698
-0.000000 -0.000000 0.045736 0.954264
0.000000 0.000000 0.050295 0.949705
-0.000000 0.000000 0.192530 0.807470
-0.000000 0.000000 0.514944 0.485056
0.000000 0.000000 0.147500 0.852500
0.000000 0.000000 0.051027 0.948973
-0.000000 0.000000 0.881829 0.118171
0.000000 0.000000 0.131557 0.868443
0.000000 0.000000 0.854447 0.145553
-0.000000 0.000000 0.102221 0.897779
-0.000000 0.000000 0.821981 0.178019
-0.000000 0.000000 0.052395 0.947605
0.000000 -0.000000 0.043517 0.956483
0.000000 -0.000000 0.976835 0.023165
0.000000 0.000000 0.181876 0.818124
-0.000000 -0.000000 0.063284 0.936716
-0.000000 -0.000000 0.999980 0.000020
-0.000000 -0.000000 0.999745 0.000255
0.000000 0.000000 0.133997 0.866003
-0.000000 -0.000000 0.055435 0.944565
0.000000 -0.000000 0.111301 0.888699
0.000000 -0.000000 0.996310 0.003690
-0.000000 0.000000 0.119330 0.880670
0.000000 -0.000000 0.046923 0.953077
0.000000 0.000000 0.888592 0.111408
-0.000000 -0.000000 0.811230 0.188770
-0.000000 -0.000000 0.998693 0.001307
-0.000000 0.000000 0.148949 0.851051
-0.000000 -0.000000 0.121299 0.878701
-0.000000 -0.000000 0.995558 0.004442
0.000000 0.000000 0.051861 0.948139
-0.000000 -0.000000 0.900284 0.099716
0.000000 -0.000000 0.985284 0.014716
0.000000 0.000000 0.109796 0.890204
-0.000000 0.000000 0.921036 0.078964
-0.000000 0.000000 0.899065 0.100935
-0.000000 0.000000 0.376648 0.623352
-0.000000 -0.000000 0.608380 0.391620
-0.000000 -0.000000 0.990611 0.009389
-0.000000 0.000000 0.929492 0.070508
0.000000 -0.000000 0.107769 0.892231
-0.000000 0.000000 0.097118 0.902882
-0.000000 0.000000 0.110386 0.889614
0.000000 0.000000 0.703177 0.296823
-0.000000 0.000000 0.093915 0.906085
0.000000 -0.000000 0.091791 0.908209
-0.000000 -0.000000 0.116797 0.883203
-0.000000 -0.000000 0.997276 0.002724
0.000000 0.000000 0.949731 0.050269
0.000000 0.000000 0.786400 0.213600
0.000000 0.000000 0.901921 0.098079
-0.000000 -0.000000 0.566012 0.433988
0.000000 0.000000 0.054946 0.945054
-0.000000 -0.000000 0.701407 0.298593
-0.000000 0.000000 0.052962 0.947038
0.000000 0.000000 0.212405 0.787595
0.000000 -0.000000 0.129718 0.870282
-0.000000 -0.000000 0.998981 0.001019
0.000000 -0.000000 0.667243 0.332757
-0.000000 0.000000 0.840858 0.159142
-0.000000 -0.000000 0.999733 0.000267
-0.000000 0.000000 0.993715 0.006285
0.000000 0.000000 0.073030 0.926970
0.000000 -0.000000 0.087817 0.912183
0.000000 -0.000000 0.874092 0.125908
0.000000 0.000000 0.045110 0.954890
-0.000000 0.000000 0.127695 0.872305
0.000000 -0.000000 0.119689 0.880311
0.000000 0.000000 0.056882 0.943118
0.000000 0.000000 0.883677 0.116323
0.000000 -0.000000 0.744621 0.255379
-0.000000 -0.000000 0.984495 0.015505
0.000000 0.000000 0.059551 0.940449
0.000000 0.000000 0.971708 0.028292
0.000000 -0.000000 0.087104 0.912896
-0.000000 0.000000 0.883378 0.116622
-0.000000 -0.000000 0.047412 0.952588
-0.000000 -0.000000 0.262206 0.737794
0.000000 -0.000000 0.999914 0.000086
-0.000000 -0.000000 0.997950 0.002050
-0.000000 0.000000 0.981238 0.018762
-0.000000 0.000000 0.945407 0.054593
0.000000 0.000000 0.052822 0.947178
-0.000000 -0.000000 0.055719 0.944281
0.000000 0.000000 0.955320 0.044680
0.000000 -0.000000 0.091813 0.908187
-0.000000 -0.000000 0.048317 0.951683
0.000000 0.000000 0.912487 0.087513
0.000000 -0.000000 0.128186 0.871814
-0.000000 -0.000000 0.059541 0.940459
-0.000000 -0.000000 0.076202 0.923798
0.000000 0.000000 0.082262 0.917738
-0.000000 0.000000 0.044086 0.955914
0.000000 -0.000000 0.172441 0.827559
-0.000000 0.000000 0.955718 0.044282
0.000000 -0.000000 0.114137 0.885863
0.000000 0.000000 0.988295 0.011705
0.000000 -0.000000 0.078098 0.921902
-0.000000 0.000000 0.157280 0.842720
0.000000 0.000000 1.000000 0.000000
-0.000000 0.000000 0.216145 0.783855
-0.000000 0.000000 0.077023 0.922977
0.000000 0.000000 0.045197 0.954803
-0.000000 -0.000000 0.149119 0.850881
-0.000000 0.000000 0.935122 0.064878
0.000000 -0.000000 0.171249 0.828751
0.000000 -0.000000 0.994534 0.005466
0.000000 0.000000 0.069423 0.930577
0.000000 -0.000000 0.326141 0.673859
0.000000 -0.000000 0.057549 0.942451
-0.000000 -0.000000 0.103307 0.896693
-0.000000 -0.000000 0.815127 0.184873
0.000000 -0.000000 0.999400 0.000600
-0.000000 -0.000000 0.049999 0.950001
-0.000000 -0.000000 0.872654 0.127346
-0.000000 -0.000000 0.056147 0.943853
0.000000 -0.000000 0.072073 0.927927
-0.000000 0.000000 0.998282 0.001718
0.000000 0.000000 0.048487 0.951513
0.000000 0.000000 0.092533 0.907467
0.000000 -0.000000 0.990333 0.009667
-0.000000 0.000000 0.144061 0.855939
0.000000 0.000000 0.999978 0.000022
0.000000 -0.000000 0.997977 0.002023
-0.000000 0.000000 0.947064 0.052936
0.000000 -0.000000 0.991913 0.008087
0.000000 -0.000000 0.062603 0.937397
0.000000 -0.000000 0.117125 0.882875
-0.000000 -0.000000 0.917957 0.082043
-0.000000 -0.000000 0.422062 0.577938
0.000000 -0.000000 0.929122 0.070878
-0.000000 -0.000000 0.962653 0.037347
0.000000 -0.000000 0.975944 0.024056
-0.000000 -0.000000 0.865014 0.134986
-0.000000 0.000000 0.944500 0.055500
0.000000 0.000000 0.996788 0.003212
-0.000000 0.000000 0.047966 0.952034
0.000000 0.000000 0.111053 0.888947
0.000000 -0.000000 0.293969 0.706031
0.000000 -0.000000 0.220957 0.779043
-0.000000 0.000000 0.937924 0.062076
-0.000000 0.000000 0.065300 0.934700
0.000000 -0.000000 0.058624 0.941376
-0.000000 -0.000000 0.045303 0.954697
0.000000 -0.000000 0.064623 0.935377
0.000000 0.000000 0.054890 0.945110
-0.000000 -0.000000 0.113417 0.886583
-0.000000 -0.000000 0.997122 0.002878
0.000000 -0.000000 0.999597 0.000403
0.000000 -0.000000 0.055506 0.944494
-0.000000 0.000000 0.050320 0.949680
-0.000000 -0.000000 0.165366 0.834634
-0.000000 0.000000 0.886323 0.113677
0.000000 0.000000 0.171273 0.828727
-0.000000 -0.000000 0.952796 0.047204
0.000000 0.000000 0.591037 0.408963
-0.000000 0.000000 0.079455 0.920545
0.000000 0.000000 0.062017 0.937983
0.000000 -0.000000 0.824345 0.175655
0.000000 -0.000000 0.114825 0.885175
0.000000 0.000000 0.992994 0.007006
-0.000000 -0.000000 0.043363 0.956637
-0.000000 -0.000000 0.050126 0.949874
0.000000 0.000000 0.996892 0.003108
-0.000000 -0.000000 0.521305 0.478695
-0.000000 -0.000000 0.935528 0.064472
-0.000000 -0.000000 0.045228 0.954772
-0.000000 -0.000000 0.890621 0.109379
-0.000000 0.000000 0.133583 0.866417
-0.000000 0.000000 0.045619 0.954381
-0.000000 -0.000000 0.782371 0.217629
-0.000000 0.000000 0.664795 0.335205
-0.000000 0.000000 0.072064 0.927936
0.000000 -0.000000 0.999443 0.000557
