0.000819 0.005608 0.003733 0.001709 0.006216 0.000075 -0.000000 0.981840
0.032847 0.362676 0.247513 0.195635 0.027209 0.026817 0.106165 0.001137
0.000966 0.007497 0.011607 0.560097 0.001380 0.000588 0.417626 0.000240
0.003443 0.040359 0.022423 0.775142 0.008575 0.000171 0.140168 0.009718
0.547869 0.069363 0.246766 0.066817 0.000652 0.000000 0.063021 0.005511
0.024205 0.012599 0.041006 0.036624 0.014398 0.829501 0.036974 0.004693
0.000151 0.086417 0.027587 0.053639 0.005531 0.000130 0.000000 0.826546
0.203465 0.431632 0.130579 0.091124 0.003600 0.057787 0.065125 0.016689
0.000348 0.183280 0.041609 0.029527 0.000391 0.730668 0.012375 0.001802
0.002562 0.669797 0.291637 0.004060 0.000649 0.010117 0.019256 0.001922
0.002683 0.004604 0.005000 0.004933 0.953460 0.000197 0.000297 0.028827
0.006192 0.599154 0.168016 0.181707 0.000403 0.001600 0.042850 0.000079
0.012095 0.018550 0.005470 0.005175 0.008501 0.947188 0.000566 0.002454
0.827405 0.035959 0.015689 0.005997 0.010807 0.032440 0.055805 0.015898
0.000826 0.013383 0.025234 0.862561 0.000462 0.005169 0.091475 0.000890
0.046191 0.029413 0.048913 0.517979 0.008432 0.028432 0.277938 0.042703
0.001389 0.802166 0.164370 0.023548 0.002934 0.003781 0.000327 0.001485
0.005367 0.599751 0.168156 0.181928 0.000397 0.001561 0.042766 0.000075
0.008316 0.007157 0.011753 0.517329 0.003080 0.001215 0.450355 0.000796
0.005631 0.090812 0.834569 0.002050 0.031166 0.001327 0.034446 0.000000
0.000582 0.033332 0.021582 0.872602 0.002406 0.010648 0.057756 0.001092
0.055380 0.008794 0.009449 0.239935 0.003593 0.000108 0.682718 0.000022
0.001350 0.009444 0.004752 0.547601 0.000241 0.000016 0.436593 0.000002
0.001215 0.054965 0.083719 0.339099 0.003551 0.422885 0.093375 0.001192
0.832385 0.019286 0.089183 0.014506 0.000713 0.000000 0.035359 0.008568
0.000111 0.727935 0.247187 0.005112 0.000125 0.002938 0.016284 0.000307
0.047444 0.052956 0.083133 0.692386 0.029593 0.000000 0.076194 0.018294
0.004013 0.229738 0.588709 0.152910 0.000000 0.005045 0.017640 0.001945
0.000566 0.023146 0.009232 0.636627 0.000511 0.000401 0.329256 0.000260
0.277225 0.118743 0.384291 0.120581 0.000499 0.000000 0.094655 0.004006
0.040669 0.021040 0.016046 0.321004 0.007508 0.003732 0.585161 0.004840
0.001021 0.383143 0.070313 0.108935 0.037579 0.396311 0.000000 0.002697
0.000176 0.768930 0.184861 0.015080 0.018343 0.007270 0.003292 0.002047
0.000096 0.728022 0.247261 0.005113 0.000123 0.002860 0.016235 0.000289
0.011847 0.033383 0.024887 0.806391 0.009601 0.035260 0.071990 0.006641
0.000766 0.095621 0.119144 0.288275 0.109327 0.015415 0.236960 0.134492
0.000481 0.628343 0.326258 0.012712 0.000191 0.000021 0.031874 0.000119
0.001442 0.116697 0.028301 0.018161 0.000539 0.823401 0.008524 0.002934
0.010603 0.013637 0.022892 0.038581 0.506265 0.014027 0.026152 0.367842
0.007106 0.564585 0.370454 0.002194 0.001606 0.023843 0.025202 0.005010
0.002779 0.020189 0.007963 0.002018 0.000652 0.958733 0.003011 0.004655
0.001958 0.351696 0.064888 0.099631 0.040620 0.437696 0.000000 0.003511
0.002863 0.020961 0.008493 0.002035 0.000687 0.957287 0.003041 0.004633
0.020025 0.017794 0.029162 0.034615 0.365379 0.004222 0.000078 0.528726
0.002964 0.004876 0.004677 0.006658 0.934138 0.000299 0.000391 0.045997
0.002089 0.070708 0.018658 0.010452 0.000597 0.887860 0.005891 0.003745
0.835936 0.018354 0.089432 0.013137 0.000731 0.000000 0.034057 0.008354
0.003075 0.022795 0.009424 0.614915 0.000892 0.000652 0.347638 0.000610
0.002432 0.480320 0.380529 0.022344 0.000000 0.001846 0.111212 0.001317
0.000205 0.863596 0.096187 0.015299 0.000474 0.000035 0.023948 0.000254
0.001009 0.025579 0.012331 0.923520 0.002288 0.003257 0.031681 0.000334
0.023503 0.407205 0.538180 0.002641 0.002444 0.000063 0.025340 0.000625
0.041464 0.006295 0.004747 0.260013 0.002028 0.000126 0.685300 0.000027
0.009090 0.024109 0.033825 0.017677 0.725297 0.000000 0.006751 0.183252
0.002295 0.015861 0.004942 0.001934 0.000451 0.966891 0.002847 0.004777
0.000516 0.003815 0.001696 0.001813 0.002961 0.000073 0.000000 0.989126
0.001294 0.419860 0.174612 0.115387 0.001068 0.034167 0.251101 0.002512
0.907120 0.031785 0.002001 0.007076 0.042774 0.000233 0.000528 0.008483
0.001238 0.025582 0.012351 0.922842 0.002382 0.003397 0.031844 0.000363
0.030423 0.006583 0.013991 0.401426 0.009114 0.002732 0.533610 0.002120
0.039449 0.005550 0.003556 0.254661 0.001698 0.000135 0.694923 0.000029
0.029468 0.465337 0.446400 0.005501 0.002266 0.000174 0.048884 0.001969
0.000135 0.769918 0.185099 0.015105 0.017766 0.006883 0.003275 0.001821
0.001118 0.568835 0.364839 0.024745 0.024102 0.008373 0.005520 0.002469
0.851599 0.022835 0.048610 0.007776 0.000686 0.035740 0.024668 0.008085
0.855387 0.040863 0.023472 0.003940 0.014613 0.015927 0.038942 0.006857
0.002750 0.098263 0.073190 0.426897 0.126046 0.003547 0.000266 0.269041
0.074764 0.096889 0.124215 0.053361 0.010706 0.202910 0.426550 0.010606
0.017560 0.028576 0.030018 0.060518 0.858558 0.000005 0.004618 0.000147
0.000191 0.669821 0.281656 0.017521 0.001209 0.009686 0.013161 0.006756
0.853303 0.023158 0.051158 0.007412 0.000712 0.033178 0.023648 0.007430
0.086060 0.153042 0.485672 0.157179 0.000426 0.000000 0.115161 0.002459
0.051432 0.037776 0.036385 0.442892 0.075597 0.001143 0.263765 0.091009
0.000064 0.462183 0.341339 0.117500 0.000000 0.001386 0.075989 0.001538
0.088583 0.421162 0.163001 0.160214 0.031349 0.000439 0.113390 0.021862
0.016875 0.099272 0.803801 0.003395 0.011295 0.004645 0.050850 0.009867
0.000526 0.462381 0.460602 0.023827 0.008763 0.031076 0.010904 0.001920
0.000690 0.804020 0.164363 0.023650 0.002618 0.003248 0.000322 0.001088
0.000837 0.005177 0.016093 0.937642 0.000439 0.000127 0.039166 0.000519
0.000212 0.726531 0.247706 0.005089 0.000141 0.003380 0.016534 0.000407
0.000562 0.861699 0.096877 0.015178 0.000598 0.000045 0.024636 0.000405
0.870732 0.064649 0.019175 0.010048 0.020317 0.002038 0.000000 0.013041
0.402226 0.179052 0.146322 0.086906 0.063853 0.049945 0.067718 0.003978
0.000936 0.007501 0.011617 0.560346 0.001379 0.000583 0.417402 0.000235
0.024390 0.571039 0.156263 0.127202 0.001700 0.035863 0.077105 0.006438
0.000732 0.803930 0.164337 0.023646 0.002634 0.003284 0.000322 0.001115
0.000499 0.063018 0.028756 0.177635 0.691821 0.000446 0.002860 0.034966
0.064730 0.010691 0.012874 0.231836 0.004697 0.000093 0.675061 0.000018
0.017301 0.006911 0.012617 0.469817 0.005510 0.001840 0.484662 0.001343
0.000739 0.033304 0.021569 0.871573 0.002475 0.011128 0.058009 0.001203
0.000650 0.004276 0.002486 0.001564 0.004376 0.000074 -0.000000 0.986575
0.090764 0.272578 0.499629 0.119308 0.010838 0.001004 0.002925 0.002955
0.000843 0.390274 0.071631 0.110987 0.037355 0.386405 0.000000 0.002504
0.000720 0.009525 0.004792 0.552858 0.000221 0.000014 0.431868 0.000001
0.905375 0.027791 0.001130 0.012414 0.028664 0.000559 0.000865 0.023202
0.001415 0.132633 0.089710 0.384611 0.378311 0.000003 0.013270 0.000048
0.002484 0.004412 0.005232 0.003710 0.967170 0.000124 0.000231 0.016638
0.000190 0.669828 0.281661 0.017521 0.001208 0.009681 0.013161 0.006749
0.000129 0.770049 0.185148 0.015108 0.017690 0.006820 0.003272 0.001784
0.004923 0.025880 0.013084 0.911944 0.004268 0.005137 0.034045 0.000719
0.008734 0.340621 0.470254 0.006483 0.137987 0.022238 0.004881 0.008802
0.000000 0.216561 0.099059 0.080198 0.001498 0.435599 0.164616 0.002468
0.000692 0.007628 0.003810 0.003439 0.005072 0.000076 -0.000000 0.979281
0.003105 0.005450 0.004669 0.008863 0.921502 0.000358 0.000461 0.055592
0.071374 0.155628 0.493819 0.159875 0.000423 0.000000 0.116582 0.002300
0.003207 0.479338 0.380087 0.022282 0.000000 0.001943 0.111673 0.001470
0.007025 0.009550 0.001700 0.004508 0.003294 0.970782 0.000473 0.002667
0.014736 0.760148 0.164480 0.007471 0.006854 0.000318 0.041396 0.004597
0.000407 0.152405 0.787686 0.004002 0.000101 0.000774 0.053805 0.000820
0.000978 0.005172 0.016055 0.937276 0.000444 0.000134 0.039369 0.000571
0.065224 0.006349 0.020162 0.238023 0.019969 0.004579 0.641999 0.003696
0.854924 0.027067 0.084063 0.007556 0.016564 0.001278 0.000659 0.007889
0.001355 0.013353 0.025213 0.859295 0.000512 0.005992 0.093107 0.001173
0.000791 0.025592 0.012341 0.924173 0.002223 0.003088 0.031493 0.000298
0.043216 0.008124 0.007335 0.290750 0.002628 0.000100 0.647827 0.000020
0.021382 0.019367 0.033554 0.033707 0.411801 0.003890 0.000076 0.476223
0.000724 0.803948 0.164341 0.023647 0.002631 0.003277 0.000322 0.001110
0.030483 0.006230 0.012556 0.391537 0.008382 0.003038 0.545366 0.002408
0.000924 0.007501 0.011616 0.560410 0.001375 0.000583 0.417356 0.000235
0.000864 0.035135 0.013007 0.502299 0.001814 0.001841 0.444938 0.000103
0.000205 0.863607 0.096169 0.015301 0.000473 0.000035 0.023954 0.000255
0.002890 0.004808 0.004763 0.006215 0.939204 0.000272 0.000366 0.041481
0.001414 0.009455 0.004772 0.547484 0.000248 0.000016 0.436610 0.000002
0.053226 0.563519 0.169076 0.164635 0.000911 0.003185 0.045197 0.000252
0.000812 0.005547 0.003678 0.001699 0.006139 0.000075 -0.000000 0.982050
0.012771 0.081633 0.859139 0.001777 0.010938 0.001987 0.027867 0.003889
0.000000 0.043705 0.041001 0.008146 0.005232 0.831310 0.060982 0.009624
0.047534 0.008231 0.007915 0.269790 0.002936 0.000105 0.663468 0.000021
0.000676 0.804049 0.164374 0.023651 0.002613 0.003236 0.000322 0.001079
0.004169 0.006519 0.022077 0.014169 0.871671 0.004814 0.000912 0.075668
0.000100 0.728001 0.247241 0.005113 0.000124 0.002880 0.016247 0.000294
0.186687 0.228773 0.234226 0.158654 0.000444 0.045174 0.140244 0.005798
0.000417 0.033844 0.025496 0.911145 0.001112 0.000000 0.027297 0.000688
0.836870 0.037593 0.018299 0.005302 0.012082 0.026879 0.050121 0.012854
0.905404 0.028201 0.001204 0.012021 0.029836 0.000531 0.000838 0.021965
0.013953 0.006299 0.010673 0.033205 0.005052 0.893377 0.032064 0.005377
0.000179 0.863699 0.096194 0.015304 0.000467 0.000035 0.023882 0.000241
0.018141 0.795100 0.086106 0.013181 0.005120 0.000656 0.071783 0.009913
0.000419 0.024832 0.020934 0.827493 0.000421 0.002348 0.121847 0.001708
0.063896 0.032240 0.026971 0.195590 0.030321 0.012310 0.637333 0.001338
0.013896 0.049702 0.042496 0.125847 0.761686 0.000004 0.006249 0.000118
0.001721 0.004409 0.015440 0.910813 0.002107 0.001328 0.062808 0.001375
0.000418 0.024832 0.020934 0.827501 0.000420 0.002347 0.121842 0.001706
0.000724 0.025596 0.012343 0.924372 0.002203 0.003037 0.031437 0.000288
0.052818 0.004756 0.011058 0.250892 0.012505 0.005371 0.658102 0.004498
0.818849 0.028364 0.121573 0.004921 0.021157 0.000694 0.000451 0.003990
0.856169 0.023688 0.055403 0.006798 0.000755 0.028907 0.021942 0.006339
0.000679 0.009531 0.004795 0.553214 0.000220 0.000014 0.431545 0.000001
0.002452 0.004381 0.005269 0.003516 0.969347 0.000113 0.000220 0.014702
0.000533 0.003749 0.001752 0.001708 0.003125 0.000073 0.000000 0.989060
0.000271 0.190854 0.043305 0.030764 0.000392 0.719935 0.012806 0.001671
0.000100 0.728004 0.247241 0.005113 0.000124 0.002878 0.016247 0.000293
0.001023 0.053969 0.024785 0.151506 0.720529 0.000473 0.002516 0.045198
0.000315 0.175259 0.768115 0.010394 0.001221 0.000722 0.043238 0.000736
0.001867 0.452864 0.451376 0.023269 0.010955 0.044601 0.011247 0.003820
0.001381 0.371184 0.068259 0.105390 0.038784 0.411996 0.000000 0.003005
0.000832 0.007509 0.011630 0.561050 0.001363 0.000571 0.416820 0.000225
0.000712 0.004757 0.002939 0.001614 0.005047 0.000074 0.000000 0.984857
0.000142 0.089288 0.028505 0.055426 0.005661 0.000132 0.000000 0.820846
0.024172 0.001465 0.094287 0.021393 0.182732 0.000000 0.031947 0.644004
0.000825 0.715477 0.254236 0.004895 0.000254 0.005674 0.017715 0.000924
0.007869 0.032429 0.012271 0.455229 0.003598 0.004333 0.483857 0.000414
0.059940 0.349284 0.238768 0.188118 0.028903 0.029605 0.103932 0.001451
0.004181 0.032730 0.016707 0.002263 0.001236 0.935085 0.003490 0.004309
0.034849 0.043180 0.047874 0.077954 0.374839 0.008162 0.263937 0.149205
0.000845 0.007508 0.011628 0.560961 0.001364 0.000573 0.416894 0.000226
0.000833 0.007509 0.011630 0.561045 0.001363 0.000572 0.416824 0.000225
0.840112 0.038207 0.057343 0.009090 0.006444 0.022850 0.005569 0.020385
0.009503 0.021520 0.029457 0.015890 0.696204 0.000000 0.007129 0.220297
0.085942 0.049251 0.056200 0.546063 0.019941 0.050837 0.178600 0.013166
0.001192 0.034997 0.012962 0.500033 0.001891 0.001964 0.446844 0.000118
0.062273 0.040534 0.032471 0.623166 0.011580 0.049128 0.167905 0.012942
0.004369 0.077610 0.073931 0.013596 0.023326 0.784794 0.017304 0.005070
0.906444 0.030206 0.001654 0.009215 0.037131 0.000362 0.000662 0.014327
0.000835 0.023086 0.009228 0.634113 0.000546 0.000433 0.331455 0.000304
0.000312 0.014877 0.113862 0.292769 0.238533 0.023108 0.274737 0.041803
0.006398 0.545225 0.302292 0.011930 0.007180 0.046386 0.016281 0.064307
0.000490 0.023171 0.009242 0.637410 0.000503 0.000391 0.328548 0.000245
0.046278 0.029486 0.049139 0.517744 0.008463 0.028388 0.277880 0.042622
0.000245 0.139085 0.101685 0.337138 0.021970 0.008945 0.012716 0.378217
0.014824 0.012801 0.013309 0.042130 0.190058 0.005456 0.000084 0.721339
0.000183 0.863687 0.096189 0.015304 0.000468 0.000035 0.023892 0.000243
0.010173 0.430618 0.487139 0.003018 0.016104 0.020509 0.008938 0.023501
0.665050 0.167913 0.004419 0.109577 0.028154 0.000635 0.002588 0.021665
0.000292 0.202468 0.118131 0.152558 0.001796 0.384775 0.138672 0.001307
0.206689 0.425505 0.126141 0.090611 0.003413 0.062953 0.065851 0.018837
0.000866 0.007507 0.011625 0.560814 0.001367 0.000576 0.417016 0.000228
0.000359 0.763518 0.184735 0.014914 0.021612 0.008656 0.003345 0.002861
0.850805 0.022688 0.047439 0.007945 0.000674 0.036921 0.025140 0.008387
0.007594 0.491835 0.230726 0.005264 0.190006 0.045761 0.004128 0.024687
0.000255 0.063301 0.021660 0.853742 0.001050 0.005321 0.054625 0.000045
0.142502 0.347631 0.078299 0.106377 0.006733 0.032973 0.276763 0.008722
0.000667 0.008401 0.003947 0.004011 0.004867 0.000077 0.000000 0.978030
0.000996 0.006988 0.005038 0.001847 0.008154 0.000077 0.000000 0.976899
0.000547 0.013396 0.025229 0.864269 0.000434 0.004748 0.090632 0.000746
0.000482 0.023174 0.009244 0.637498 0.000502 0.000389 0.328468 0.000243
0.001024 0.007493 0.011602 0.559717 0.001390 0.000594 0.417934 0.000245
0.000699 0.024773 0.020878 0.825140 0.000448 0.002628 0.123267 0.002166
0.090629 0.372464 0.083768 0.114128 0.006681 0.031868 0.292932 0.007531
0.000714 0.100573 0.029032 0.785593 0.004017 0.015961 0.062514 0.001595
0.001210 0.033857 0.025597 0.908152 0.001405 0.000000 0.028536 0.001243
0.000466 0.002834 0.001129 0.001414 0.002367 0.000072 0.000000 0.991717
0.000945 0.173787 0.766960 0.010259 0.001519 0.000939 0.044361 0.001231
0.814011 0.033670 0.012024 0.006974 0.009020 0.040284 0.063824 0.020192
0.005144 0.063994 0.024186 0.812201 0.003871 0.019368 0.070926 0.000310
0.002625 0.004548 0.005067 0.004578 0.957437 0.000176 0.000278 0.025291
0.040472 0.024578 0.033978 0.533514 0.006328 0.031301 0.281735 0.048093
0.000601 0.100665 0.029059 0.786453 0.003944 0.015459 0.062333 0.001486
0.868698 0.068254 0.023576 0.007460 0.023667 0.001226 0.000000 0.007118
0.001744 0.013897 0.010138 0.007150 0.001896 0.919430 0.004940 0.040804
0.000495 0.628279 0.326299 0.012709 0.000192 0.000021 0.031884 0.000120
0.828437 0.036132 0.015970 0.005921 0.010945 0.031839 0.055189 0.015569
0.804216 0.019524 0.138700 0.008698 0.000971 0.000000 0.023480 0.004411
0.003066 0.007134 0.005316 0.013924 0.912446 0.000373 0.000542 0.057200
0.001292 0.023011 0.009251 0.630060 0.000612 0.000481 0.334921 0.000371
0.000859 0.627572 0.326109 0.012681 0.000209 0.000024 0.032388 0.000157
0.825671 0.018728 0.105426 0.011690 0.000809 0.000000 0.030608 0.007069
0.014876 0.478404 0.304369 0.163678 0.020481 0.001846 0.012981 0.003365
0.003212 0.024176 0.010696 0.002110 0.000833 0.951265 0.003164 0.004544
0.564952 0.153646 0.083018 0.018221 0.007684 0.097107 0.040010 0.035361
0.073372 0.155280 0.492684 0.159516 0.000423 0.000000 0.116400 0.002324
0.007948 0.051913 0.085217 0.025085 0.483893 0.002705 0.015031 0.328208
0.000823 0.860087 0.097732 0.015063 0.000700 0.000051 0.025045 0.000499
0.000482 0.003990 0.001592 0.002055 0.002621 0.000073 0.000000 0.989187
0.673740 0.043007 0.117310 0.020176 0.061155 0.056617 0.004602 0.023393
0.000647 0.156832 0.035800 0.025170 0.000398 0.768029 0.010864 0.002259
0.281611 0.371649 0.277836 0.031273 0.005064 0.003448 0.028839 0.000281
0.494092 0.144019 0.278549 0.061111 0.013333 0.001206 0.001761 0.005930
0.001030 0.004412 0.015407 0.913373 0.001878 0.001153 0.061688 0.001058
0.000333 0.033843 0.025486 0.911462 0.001081 0.000000 0.027166 0.000629
0.000229 0.669142 0.281419 0.017498 0.001234 0.010011 0.013200 0.007267
0.002670 0.480041 0.380335 0.022328 0.000000 0.001879 0.111380 0.001368
0.000199 0.247789 0.257999 0.233624 0.001577 0.000011 0.253630 0.005171
0.014585 0.016107 0.028151 0.014199 0.925018 0.000002 0.001893 0.000045
0.022704 0.208223 0.401752 0.056675 0.106438 0.101804 0.102367 0.000037
0.000319 0.175255 0.768097 0.010394 0.001223 0.000724 0.043248 0.000740
0.000511 0.023163 0.009238 0.637190 0.000505 0.000394 0.328750 0.000249
0.030470 0.081041 0.053211 0.600042 0.022300 0.072636 0.139014 0.001288
0.004840 0.004436 0.016080 0.899700 0.003422 0.001952 0.067081 0.002488
0.008101 0.011729 0.002543 0.004801 0.004413 0.965300 0.000497 0.002616
0.007234 0.038017 0.006284 0.020477 0.004886 0.919979 0.000896 0.002225
0.001337 0.010014 0.005654 0.006690 0.001182 0.928278 0.004534 0.042310
0.846648 0.021938 0.041382 0.008828 0.000613 0.043047 0.027591 0.009953
0.000731 0.004909 0.003081 0.001630 0.005258 0.000074 0.000000 0.984318
0.000362 0.180890 0.041033 0.029149 0.000387 0.734095 0.012240 0.001844
0.001053 0.040684 0.022057 0.792170 0.005600 0.000115 0.133294 0.005026
0.000634 0.005177 0.016084 0.938157 0.000424 0.000121 0.038938 0.000465
0.000809 0.005520 0.003657 0.001693 0.006109 0.000075 0.000000 0.982137
0.000988 0.009494 0.004779 0.550699 0.000230 0.000015 0.433793 0.000002
0.860758 0.024563 0.062315 0.005807 0.000826 0.021981 0.019182 0.004569
0.002796 0.004714 0.004869 0.005632 0.945631 0.000238 0.000335 0.035785
0.010679 0.050077 0.041817 0.204226 0.196779 0.004398 0.000160 0.491864
0.003641 0.006143 0.025332 0.007826 0.932459 0.001776 0.000540 0.022283
0.000338 0.575442 0.407531 0.012815 0.000748 0.002659 0.000253 0.000214
0.000256 0.063301 0.021660 0.853734 0.001050 0.005324 0.054629 0.000046
0.216812 0.313172 0.071117 0.095405 0.007037 0.033515 0.253101 0.009840
0.906707 0.030679 0.001763 0.008522 0.038911 0.000321 0.000619 0.012478
0.000784 0.803801 0.164323 0.023640 0.002656 0.003327 0.000323 0.001147
0.000854 0.050354 0.048346 0.849370 0.001547 0.002198 0.046137 0.001194
0.031903 0.025464 0.012491 0.055814 0.541106 0.000000 0.230306 0.102917
0.000746 0.005027 0.003193 0.001642 0.005423 0.000075 0.000000 0.983894
0.001419 0.007463 0.011564 0.557104 0.001458 0.000638 0.420069 0.000284
0.000183 0.863686 0.096188 0.015304 0.000468 0.000035 0.023894 0.000243
0.144198 0.346703 0.078052 0.106110 0.006711 0.033118 0.276286 0.008823
0.021648 0.594419 0.074517 0.264503 0.029896 0.014837 0.000000 0.000180
0.002436 0.480314 0.380528 0.022343 0.000000 0.001847 0.111214 0.001318
0.104096 0.255179 0.260221 0.177420 0.000439 0.043882 0.153890 0.004873
0.000000 0.033754 0.026556 0.007839 0.003641 0.860362 0.057620 0.010229
0.041676 0.025670 0.037325 0.530655 0.006791 0.030587 0.280526 0.046771
0.017462 0.014820 0.020849 0.036352 0.277384 0.004852 0.000080 0.628200
0.258361 0.205179 0.209272 0.142347 0.000429 0.048313 0.128974 0.007126
0.012464 0.420487 0.327340 0.015042 0.123462 0.063401 0.010765 0.027038
0.000412 0.723360 0.249262 0.005034 0.000176 0.004192 0.016975 0.000590
0.000634 0.005177 0.016084 0.938157 0.000424 0.000121 0.038938 0.000465
0.000482 0.023174 0.009243 0.637494 0.000503 0.000390 0.328472 0.000243
0.199611 0.440538 0.011054 0.296435 0.031306 0.000690 0.005838 0.014528
0.843865 0.023186 0.043523 0.009471 0.000623 0.041939 0.027749 0.009644
0.006301 0.090943 0.069257 0.112286 0.465943 0.000000 0.018068 0.237202
0.003150 0.009373 0.004846 0.536162 0.000341 0.000020 0.446106 0.000003
0.000712 0.004771 0.002948 0.001618 0.005057 0.000074 0.000000 0.984819
0.090757 0.009613 0.038671 0.213045 0.035175 0.003023 0.607605 0.002112
0.831371 0.018784 0.094645 0.013109 0.000751 0.000000 0.033343 0.007998
0.000214 0.767773 0.184866 0.015044 0.019045 0.007546 0.003302 0.002210
0.002015 0.633240 0.287598 0.015875 0.002960 0.020506 0.014080 0.023728
0.000264 0.136973 0.100134 0.332000 0.021842 0.008964 0.012548 0.387274
0.001207 0.022990 0.009208 0.630519 0.000590 0.000479 0.334637 0.000369
0.000506 0.023166 0.009240 0.637246 0.000505 0.000393 0.328697 0.000248
0.001094 0.458371 0.456610 0.023594 0.009680 0.036865 0.011053 0.002733
0.001192 0.006018 0.147833 0.302834 0.037084 0.000000 0.116239 0.388800
0.308345 0.365698 0.197020 0.061575 0.004030 0.010212 0.052103 0.001018
0.780618 0.123061 0.019654 0.037616 0.013860 0.003370 0.000000 0.021821
0.000280 0.726544 0.246795 0.005092 0.000147 0.003813 0.016822 0.000505
0.014119 0.015808 0.028534 0.012479 0.927333 0.000001 0.001692 0.000033
0.859087 0.024242 0.059788 0.006169 0.000800 0.024510 0.020189 0.005215
0.003833 0.025685 0.012683 0.915146 0.003547 0.004851 0.033590 0.000664
0.000569 0.574165 0.408099 0.012755 0.000839 0.003040 0.000256 0.000276
0.316088 0.363296 0.176908 0.068801 0.003785 0.011938 0.057978 0.001206
0.002265 0.007421 0.011567 0.552085 0.001647 0.000713 0.423952 0.000351
0.010119 0.015047 0.004003 0.004915 0.006474 0.956377 0.000530 0.002535
0.864149 0.042440 0.025951 0.003293 0.015827 0.010713 0.033626 0.004001
0.000000 0.044438 0.023183 0.014697 0.002277 0.839869 0.065636 0.009900
0.861679 0.024740 0.063713 0.005607 0.000840 0.020583 0.018625 0.004211
0.012148 0.179758 0.475524 0.053951 0.022769 0.000037 0.224209 0.031605
0.000169 0.589056 0.360024 0.026284 0.012934 0.005167 0.005336 0.001028
0.003143 0.099543 0.029342 0.768127 0.006165 0.024520 0.065729 0.003431
0.000544 0.663001 0.304181 0.009901 0.000844 0.000000 0.020450 0.001079
0.000602 0.003895 0.002127 0.001524 0.003846 0.000073 0.000000 0.987933
0.000892 0.007504 0.011621 0.560632 0.001371 0.000579 0.417171 0.000231
0.000706 0.023091 0.009204 0.635114 0.000523 0.000422 0.330649 0.000290
0.000641 0.004419 0.015451 0.914869 0.001784 0.001034 0.060961 0.000841
0.000098 0.728017 0.247253 0.005113 0.000123 0.002866 0.016239 0.000291
0.000997 0.384517 0.070592 0.109313 0.037667 0.394257 0.000000 0.002658
0.000097 0.728020 0.247258 0.005113 0.000123 0.002862 0.016237 0.000290
0.001921 0.015611 0.012095 0.007374 0.002206 0.915518 0.005121 0.040153
0.747351 0.032199 0.151036 0.025365 0.000809 0.000000 0.037264 0.005976
0.071385 0.155626 0.493813 0.159873 0.000423 0.000000 0.116581 0.002300
0.831667 0.036690 0.016860 0.005684 0.011379 0.029941 0.053249 0.014530
0.004037 0.031451 0.015816 0.002237 0.001176 0.937497 0.003441 0.004343
0.000522 0.062617 0.028581 0.176478 0.693127 0.000447 0.002844 0.035384
0.053140 0.025256 0.017326 0.207987 0.021035 0.014782 0.658792 0.001682
0.001688 0.038230 0.018254 0.105257 0.785938 0.000434 0.001848 0.048351
0.216690 0.219049 0.224317 0.151833 0.000442 0.046036 0.135397 0.006236
0.013896 0.782329 0.135021 0.009895 0.005619 0.000374 0.047369 0.005497
0.846964 0.021986 0.041808 0.008761 0.000617 0.042610 0.027413 0.009841
0.008499 0.013577 0.028772 0.820121 0.001508 0.013680 0.110092 0.003751
0.000126 0.770104 0.185167 0.015109 0.017659 0.006795 0.003271 0.001769
0.000662 0.005415 0.002926 0.002209 0.004592 0.000075 -0.000000 0.984122
0.000142 0.727499 0.247352 0.005105 0.000130 0.003074 0.016361 0.000338
0.313290 0.269800 0.062596 0.081322 0.007713 0.032943 0.221766 0.010571
0.869240 0.067312 0.022430 0.008131 0.022795 0.001437 0.000000 0.008656
0.003275 0.005179 0.004326 0.008554 0.912909 0.000412 0.000494 0.064852
0.049540 0.620828 0.237221 0.010566 0.033160 0.028423 0.000518 0.019743
0.864154 0.025221 0.067489 0.005069 0.000878 0.016815 0.017125 0.003248
0.107134 0.009915 0.073206 0.675472 0.015447 0.001458 0.106489 0.010879
0.000860 0.035139 0.013010 0.502347 0.001814 0.001838 0.444891 0.000102
0.000599 0.100666 0.029060 0.786466 0.003943 0.015451 0.062331 0.001484
0.002859 0.040162 0.013562 0.004936 0.000765 0.929357 0.004095 0.004265
0.062951 0.437286 0.168178 0.166924 0.028961 0.000414 0.116255 0.019030
0.032520 0.140329 0.053490 0.033389 0.023725 0.580318 0.078659 0.057569
0.001727 0.033110 0.021449 0.864998 0.002887 0.014257 0.059649 0.001924
0.000482 0.023174 0.009243 0.637492 0.000503 0.000390 0.328473 0.000243
0.000713 0.005405 0.003162 0.002004 0.005111 0.000075 0.000000 0.983530
0.001404 0.013336 0.025123 0.858880 0.000510 0.006146 0.093374 0.001228
0.000830 0.005175 0.016076 0.937657 0.000437 0.000128 0.039175 0.000523
0.007764 0.441459 0.469582 0.052240 0.000346 0.000154 0.027745 0.000710
0.002507 0.034626 0.012958 0.491930 0.002307 0.002353 0.453153 0.000166
0.000331 0.033843 0.025487 0.911471 0.001080 0.000000 0.027161 0.000627
0.024941 0.424960 0.469858 0.049221 0.000573 0.000237 0.028777 0.001432
0.294879 0.368604 0.238660 0.045803 0.004566 0.006734 0.040116 0.000639
0.000682 0.004419 0.015447 0.914714 0.001794 0.001046 0.061035 0.000863
0.003709 0.032814 0.021401 0.852179 0.003815 0.020071 0.062751 0.003260
0.003054 0.005229 0.004667 0.008025 0.926154 0.000336 0.000435 0.052099
0.866445 0.024347 0.082094 0.015933 0.000719 0.003216 0.000869 0.006377
0.905969 0.029057 0.001406 0.010721 0.033125 0.000455 0.000758 0.018510
0.000719 0.009526 0.004792 0.552881 0.000221 0.000014 0.431845 0.000001
0.000097 0.728022 0.247261 0.005113 0.000123 0.002860 0.016235 0.000289
0.000519 0.462430 0.460662 0.023829 0.008753 0.030996 0.010902 0.001909
0.000381 0.862833 0.096259 0.015261 0.000526 0.000041 0.024360 0.000340
0.000102 0.727988 0.247229 0.005113 0.000124 0.002892 0.016255 0.000297
0.091120 0.117127 0.453882 0.017012 0.000000 0.002439 0.312192 0.006228
0.000196 0.863641 0.096174 0.015302 0.000471 0.000035 0.023930 0.000251
0.104048 0.327354 0.226910 0.175058 0.033436 0.032179 0.099241 0.001772
0.282997 0.213146 0.391067 0.092984 0.011148 0.001202 0.002427 0.005029
0.000656 0.009535 0.004797 0.553412 0.000219 0.000014 0.431366 0.000001
0.000377 0.091743 0.034894 0.085795 0.000949 0.748598 0.017028 0.020616
0.391187 0.149917 0.278993 0.168689 0.000493 0.003198 0.002829 0.004693
0.000215 0.863565 0.096173 0.015299 0.000476 0.000036 0.023976 0.000260
0.000669 0.804063 0.164380 0.023651 0.002611 0.003229 0.000322 0.001074
0.008747 0.049574 0.048022 0.825616 0.003115 0.005682 0.053840 0.005404
0.000465 0.351367 0.327133 0.192262 0.010523 0.019809 0.098437 0.000004
0.000181 0.863693 0.096191 0.015304 0.000467 0.000035 0.023887 0.000242
0.000221 0.669295 0.281397 0.017505 0.001227 0.009965 0.013196 0.007195
0.000690 0.033311 0.021569 0.871885 0.002451 0.010989 0.057935 0.001171
0.002490 0.017604 0.006159 0.001968 0.000532 0.963607 0.002913 0.004728
0.022638 0.020823 0.037615 0.032873 0.454696 0.003585 0.000075 0.427695
0.000541 0.013396 0.025231 0.864302 0.000434 0.004738 0.090614 0.000743
0.004295 0.008990 0.023385 0.029451 0.824138 0.006429 0.001286 0.102027
0.011527 0.435016 0.351303 0.006322 0.013097 0.067777 0.017169 0.097789
0.852102 0.027165 0.087008 0.007346 0.016924 0.001232 0.000643 0.007580
0.001541 0.011981 0.007906 0.006943 0.001539 0.923803 0.004741 0.041546
0.000586 0.033331 0.021581 0.872575 0.002407 0.010662 0.057763 0.001095
0.000797 0.023090 0.009223 0.634426 0.000539 0.000429 0.331196 0.000299
0.000502 0.013400 0.025239 0.864553 0.000431 0.004672 0.090485 0.000720
0.005408 0.032657 0.043416 0.026760 0.265941 0.004134 0.015000 0.606684
0.330760 0.166384 0.301613 0.189496 0.000444 0.003360 0.003118 0.004826
0.000832 0.035149 0.013012 0.502524 0.001807 0.001829 0.444746 0.000101
0.000222 0.575903 0.407447 0.012837 0.000706 0.002454 0.000250 0.000180
0.000257 0.063300 0.021660 0.853725 0.001050 0.005329 0.054634 0.000046
0.003090 0.023109 0.009942 0.002092 0.000783 0.953286 0.003124 0.004574
0.001026 0.024735 0.020890 0.822555 0.000487 0.002914 0.124764 0.002629
0.114194 0.584607 0.079369 0.200848 0.010539 0.002388 0.000000 0.008055
0.000671 0.804060 0.164379 0.023651 0.002611 0.003231 0.000322 0.001075
0.000376 0.033843 0.025491 0.911300 0.001097 0.000000 0.027234 0.000659
0.000777 0.005269 0.003420 0.001667 0.005760 0.000075 0.000000 0.983032
0.000186 0.768698 0.184797 0.015075 0.018478 0.007366 0.003297 0.002104
0.000477 0.574470 0.408102 0.012770 0.000806 0.002872 0.000255 0.000249
0.000740 0.009524 0.004792 0.552721 0.000222 0.000014 0.431987 0.000001
0.016029 0.477712 0.303897 0.163434 0.020603 0.001871 0.012984 0.003470
0.837847 0.021693 0.033354 0.010725 0.000523 0.052003 0.031632 0.012222
0.000918 0.127686 0.017435 0.077005 0.003271 0.770399 0.002292 0.000994
0.538817 0.179024 0.059206 0.022736 0.183031 0.016835 0.000000 0.000351
0.000420 0.628421 0.326343 0.012715 0.000189 0.000021 0.031780 0.000112
0.057894 0.032275 0.032422 0.289774 0.013830 0.002667 0.568047 0.003091
0.002910 0.043970 0.027569 0.838353 0.001470 0.005441 0.079386 0.000900
0.001161 0.055194 0.084072 0.340520 0.003548 0.420670 0.093663 0.001173
0.018830 0.016408 0.025289 0.035421 0.324399 0.004515 0.000079 0.575060
0.827588 0.038093 0.016967 0.006229 0.011262 0.030367 0.054767 0.014727
0.002212 0.005187 0.016279 0.934165 0.000561 0.000166 0.040590 0.000842
0.000706 0.009528 0.004793 0.552985 0.000221 0.000014 0.431753 0.000001
0.001971 0.654866 0.308824 0.009633 0.001310 0.000000 0.021315 0.002082
0.003102 0.225037 0.263696 0.198436 0.005037 0.000030 0.279453 0.025209
0.120088 0.517647 0.067173 0.225872 0.046769 0.022052 0.000000 0.000399
0.170236 0.138250 0.438801 0.141787 0.000441 0.000000 0.107092 0.003393
0.358091 0.245029 0.055939 0.074240 0.007083 0.037003 0.209258 0.013358
0.826211 0.018721 0.104492 0.011796 0.000804 0.000000 0.030829 0.007147
0.000525 0.024813 0.020923 0.826622 0.000432 0.002449 0.122364 0.001872
0.419207 0.092932 0.311446 0.092602 0.000574 0.000000 0.078363 0.004876
0.008300 0.011871 0.002658 0.004707 0.004607 0.964748 0.000497 0.002611
0.011748 0.077247 0.872937 0.001373 0.010853 0.001323 0.022124 0.002395
0.002375 0.024611 0.021034 0.812064 0.000658 0.004044 0.130756 0.004458
0.000482 0.023174 0.009244 0.637498 0.000502 0.000389 0.328467 0.000243
0.020410 0.016934 0.006865 0.436319 0.002557 0.003116 0.509685 0.004114
0.000838 0.007509 0.011629 0.561010 0.001363 0.000572 0.416853 0.000225
0.808544 0.019362 0.132003 0.009298 0.000938 0.000000 0.024909 0.004944
0.000419 0.024832 0.020934 0.827490 0.000421 0.002348 0.121849 0.001708
0.003231 0.005136 0.004376 0.008284 0.915935 0.000396 0.000479 0.062165
0.025823 0.196630 0.263690 0.128715 0.016560 0.247504 0.019715 0.101363
0.000223 0.767862 0.184548 0.015055 0.018962 0.007723 0.003313 0.002313
0.000270 0.863319 0.096209 0.015286 0.000493 0.000037 0.024100 0.000286
0.002779 0.004697 0.004888 0.005528 0.946799 0.000232 0.000329 0.034747
0.105384 0.265255 0.545268 0.003696 0.000000 0.004156 0.071079 0.005163
0.000806 0.005500 0.003638 0.001691 0.006082 0.000075 -0.000000 0.982206
0.008340 0.011993 0.002696 0.004741 0.004650 0.964472 0.000499 0.002609
0.005257 0.518351 0.453256 0.010209 0.003271 0.008235 0.000289 0.001132
0.000000 0.046977 0.038228 0.010848 0.004531 0.826029 0.063837 0.009550
0.035275 0.430088 0.384446 0.018683 0.000000 0.004879 0.120487 0.006143
0.861513 0.052649 0.001603 0.030787 0.026594 0.000619 0.001225 0.025010
0.018659 0.019280 0.025078 0.030993 0.902115 0.000005 0.003724 0.000147
0.000585 0.161896 0.036895 0.026010 0.000395 0.760893 0.011154 0.002171
0.000261 0.137298 0.100374 0.332786 0.021866 0.008961 0.012574 0.385881
0.000834 0.005176 0.016088 0.937649 0.000439 0.000128 0.039167 0.000520
0.021178 0.019131 0.032895 0.033843 0.404847 0.003940 0.000077 0.484090
0.014094 0.747983 0.187773 0.005792 0.007466 0.000231 0.033442 0.003220
0.000507 0.003152 0.001428 0.001447 0.002810 0.000073 0.000000 0.990585
0.806184 0.034576 0.011193 0.007807 0.008435 0.042771 0.067518 0.021515
0.001986 0.800733 0.164169 0.023479 0.003179 0.004271 0.000332 0.001850
0.567682 0.157022 0.088682 0.017463 0.008051 0.090180 0.038395 0.032526
0.000840 0.007509 0.011629 0.560997 0.001364 0.000572 0.416864 0.000226
0.000495 0.013400 0.025241 0.864598 0.000430 0.004659 0.090461 0.000715
0.000482 0.184602 0.113710 0.326812 0.088207 0.002978 0.050262 0.232947
0.000744 0.033868 0.025591 0.909868 0.001244 0.000000 0.027783 0.000901
0.000324 0.862982 0.096392 0.015261 0.000514 0.000039 0.024183 0.000305
0.000537 0.492297 0.351843 0.121838 0.001762 0.002393 0.025839 0.003491
0.559101 0.170075 0.044002 0.037770 0.148517 0.039560 0.000000 0.000976
0.001204 0.005176 0.016108 0.936707 0.000467 0.000139 0.039581 0.000617
0.000335 0.863019 0.096260 0.015269 0.000513 0.000039 0.024247 0.000317
0.582836 0.170323 0.114234 0.013454 0.009763 0.058837 0.030832 0.019721
0.859309 0.027240 0.080156 0.021037 0.000673 0.003548 0.000978 0.007058
0.000638 0.005177 0.016083 0.938148 0.000424 0.000121 0.038943 0.000466
0.002707 0.435025 0.158149 0.317635 0.022724 0.008887 0.048703 0.006171
0.011748 0.017948 0.005215 0.005136 0.008147 0.948779 0.000560 0.002468
0.060920 0.037292 0.046660 0.531204 0.044845 0.125249 0.127171 0.026659
0.069601 0.006912 0.023366 0.233655 0.022595 0.004303 0.636150 0.003416
0.001215 0.112143 0.069176 0.327547 0.070036 0.002546 0.394437 0.022899
0.000126 0.770110 0.185170 0.015109 0.017655 0.006792 0.003270 0.001767
0.861821 0.024768 0.063932 0.005576 0.000842 0.020366 0.018539 0.004156
0.000919 0.127663 0.017432 0.076991 0.003271 0.770438 0.002292 0.000994
0.001712 0.200665 0.143760 0.182262 0.001435 0.037902 0.431315 0.000949
0.830787 0.019220 0.018974 0.012144 0.000386 0.065918 0.036774 0.015797
0.001670 0.041413 0.019403 0.114974 0.765508 0.000483 0.002016 0.054535
0.203350 0.237464 0.436584 0.103655 0.011161 0.001103 0.002624 0.004060
0.857239 0.024941 0.094826 0.013768 0.000792 0.002611 0.000762 0.005061
0.782284 0.020359 0.172501 0.005687 0.001136 0.000000 0.016303 0.001730
0.000764 0.349648 0.326046 0.191071 0.011335 0.021922 0.099209 0.000004
0.011909 0.352752 0.614598 0.002748 0.008465 0.008186 0.000204 0.001138
0.000656 0.009535 0.004797 0.553415 0.000219 0.000014 0.431364 0.000001
0.000832 0.349254 0.325788 0.190800 0.011519 0.022412 0.099390 0.000005
0.000862 0.033270 0.021534 0.870714 0.002516 0.011566 0.058233 0.001304
0.001575 0.063599 0.022479 0.842562 0.001845 0.008945 0.058883 0.000113
0.000148 0.087064 0.027791 0.054044 0.005553 0.000130 0.000000 0.825270
0.000570 0.013395 0.025230 0.864127 0.000436 0.004782 0.090702 0.000758
0.001603 0.114556 0.015696 0.068928 0.003288 0.792667 0.002089 0.001173
0.905173 0.028103 0.001166 0.012323 0.029196 0.000546 0.000854 0.022638
0.000097 0.728019 0.247257 0.005113 0.000123 0.002863 0.016237 0.000290
0.001446 0.010505 0.008343 0.002216 0.013048 0.000081 -0.000000 0.964362
0.001329 0.025596 0.012380 0.922574 0.002438 0.003426 0.031887 0.000369
0.781805 0.020377 0.173236 0.005621 0.001140 0.000000 0.016148 0.001672
0.846994 0.027278 0.092445 0.006919 0.017606 0.001145 0.000611 0.007002
0.038444 0.015366 0.048743 0.662275 0.006095 0.041453 0.174682 0.012942
0.003630 0.006136 0.025400 0.007694 0.933719 0.001713 0.000533 0.021176
0.000463 0.007082 0.002536 0.004016 0.002661 0.000075 0.000000 0.983167
0.000588 0.003807 0.002034 0.001523 0.003701 0.000073 0.000000 0.988273
0.847440 0.025581 0.108333 0.011483 0.000870 0.001972 0.000650 0.003671
0.007095 0.503037 0.234229 0.005506 0.183591 0.040843 0.003896 0.021804
0.123269 0.347783 0.274624 0.222202 0.001899 0.006285 0.005778 0.018161
0.002088 0.033272 0.021887 0.863502 0.003295 0.014258 0.059787 0.001911
0.858762 0.024842 0.092722 0.014125 0.000780 0.002710 0.000780 0.005278
0.023709 0.232632 0.507781 0.005398 0.079751 0.125979 0.009108 0.015643
0.004061 0.795896 0.163280 0.023256 0.004008 0.006007 0.000350 0.003143
0.003164 0.539235 0.437632 0.011164 0.002264 0.005577 0.000268 0.000695
0.003661 0.009281 0.004780 0.531324 0.000350 0.000022 0.450578 0.000003
0.000581 0.033332 0.021582 0.872611 0.002405 0.010644 0.057754 0.001091
0.039849 0.020081 0.014788 0.318965 0.007088 0.003873 0.590299 0.005057
0.841285 0.020967 0.033587 0.009957 0.000534 0.050949 0.030748 0.011972
0.000914 0.127789 0.017450 0.077067 0.003272 0.770222 0.002293 0.000992
0.000637 0.174642 0.767287 0.010338 0.001366 0.000839 0.043889 0.001003
0.016182 0.023321 0.026652 0.075021 0.268791 0.004674 0.000098 0.585262
0.000000 0.040958 0.036949 0.008083 0.004782 0.839369 0.060066 0.009791
0.000600 0.100666 0.029059 0.786458 0.003943 0.015456 0.062332 0.001485
0.000336 0.063266 0.021645 0.853042 0.001083 0.005623 0.054953 0.000051
0.005143 0.004440 0.016156 0.898633 0.003558 0.002008 0.067474 0.002588
0.001951 0.105729 0.065905 0.184723 0.097501 0.004018 0.033479 0.506694
0.001818 0.050287 0.048412 0.846421 0.001756 0.002598 0.047031 0.001676
0.000416 0.024832 0.020935 0.827516 0.000420 0.002345 0.121833 0.001703
0.000453 0.002728 0.001028 0.001403 0.002219 0.000072 0.000000 0.992097
0.003045 0.050185 0.048434 0.842696 0.002012 0.003123 0.048196 0.002309
0.027152 0.440873 0.484460 0.004294 0.002348 0.000129 0.039316 0.001427
0.000928 0.127438 0.017401 0.076855 0.003269 0.770824 0.002288 0.000997
0.001152 0.007486 0.011599 0.558937 0.001417 0.000606 0.418547 0.000256
0.032205 0.024964 0.010656 0.063395 0.487846 0.000000 0.257593 0.123341
0.001212 0.090860 0.023893 0.347133 0.118789 0.000000 0.402225 0.015888
0.144701 0.214130 0.385606 0.245319 0.000417 0.002884 0.003774 0.003169
0.001164 0.004414 0.015436 0.912898 0.001935 0.001179 0.061869 0.001105
0.007566 0.491072 0.232156 0.005200 0.190602 0.045050 0.004082 0.024271
0.002840 0.004756 0.004819 0.005899 0.942638 0.000254 0.000349 0.038445
0.001768 0.009426 0.004772 0.544912 0.000264 0.000017 0.438839 0.000002
0.000496 0.013400 0.025240 0.864592 0.000430 0.004661 0.090464 0.000716
0.000600 0.100666 0.029059 0.786459 0.003943 0.015455 0.062332 0.001485
0.000581 0.398485 0.283701 0.283378 0.021623 0.000000 0.012233 0.000000
0.003186 0.445080 0.470649 0.052868 0.000293 0.000127 0.027314 0.000484
0.001306 0.009412 0.007316 0.002101 0.011527 0.000079 0.000000 0.968259
0.410768 0.156879 0.266701 0.014551 0.138198 0.002066 0.004541 0.006296
0.001449 0.109031 0.081168 0.474281 0.124329 0.003273 0.000289 0.206181
0.281699 0.198354 0.204181 0.137064 0.000449 0.046782 0.124577 0.006894
0.000131 0.770010 0.185135 0.015107 0.017713 0.006838 0.003273 0.001794
0.001171 0.025589 0.012359 0.923043 0.002366 0.003339 0.031782 0.000351
0.000873 0.035131 0.013006 0.502243 0.001816 0.001844 0.444984 0.000103
0.839143 0.027577 0.100582 0.006359 0.018596 0.001019 0.000566 0.006158
0.000262 0.137325 0.100411 0.332829 0.021908 0.008961 0.012576 0.385727
0.000126 0.770115 0.185172 0.015109 0.017652 0.006790 0.003270 0.001766
0.011978 0.018369 0.005388 0.005174 0.008383 0.947685 0.000564 0.002458
0.027639 0.421918 0.470563 0.048644 0.000613 0.000248 0.028848 0.001526
0.863904 0.025173 0.067111 0.005123 0.000875 0.017193 0.017276 0.003345
0.000946 0.126978 0.017338 0.076577 0.003264 0.771611 0.002281 0.001003
0.002587 0.043965 0.027489 0.839501 0.001405 0.005242 0.078965 0.000846
0.003228 0.005134 0.004379 0.008273 0.916089 0.000395 0.000478 0.062025
0.000151 0.113190 0.042709 0.106404 0.000923 0.701230 0.020311 0.015082
0.001192 0.033218 0.021520 0.868570 0.002666 0.012549 0.058755 0.001530
0.000448 0.024825 0.020927 0.827247 0.000423 0.002378 0.121997 0.001756
0.085183 0.032088 0.028257 0.673845 0.044551 0.044198 0.083158 0.008720
0.000248 0.152702 0.788318 0.004014 0.000094 0.000700 0.053260 0.000664
0.010575 0.432061 0.446161 0.004011 0.015190 0.034731 0.011411 0.045859
0.001391 0.010077 0.007941 0.002171 0.012454 0.000080 0.000000 0.965886
0.655846 0.046226 0.169692 0.012069 0.079377 0.024895 0.002942 0.008953
0.030239 0.391376 0.304491 0.252465 0.001443 0.004570 0.006128 0.009287
