0.000139 0.137579 0.862282
0.999684 0.000007 0.000309
0.996846 0.000011 0.003143
0.938687 0.011113 0.050200
0.370660 0.270899 0.358440
0.000003 0.261703 0.738294
0.966965 0.000299 0.032736
0.664976 0.157213 0.177811
0.957390 0.001390 0.041220
0.645041 0.235301 0.119658
0.000000 0.870687 0.129313
0.997504 0.000421 0.002075
0.000001 0.228684 0.771315
0.000011 0.494993 0.504996
0.992229 0.000574 0.007197
0.000000 0.319741 0.680259
0.987142 0.003391 0.009466
0.999984 0.000000 0.000016
0.860607 0.026604 0.112789
0.000000 0.951531 0.048469
0.999968 0.000000 0.000032
0.000023 0.389324 0.610653
0.980505 0.000800 0.018695
0.995178 0.000052 0.004770
0.007351 0.321325 0.671324
0.998496 0.000117 0.001387
0.000025 0.407365 0.592610
0.999828 0.000008 0.000164
0.997131 0.000111 0.002759
0.731552 0.084623 0.183825
0.013586 0.291059 0.695355
0.973919 0.000620 0.025460
0.994655 0.000686 0.004659
1.000000 0.000000 0.000000
0.799399 0.048198 0.152403
0.994842 0.000099 0.005059
0.998512 0.000160 0.001328
0.564088 0.058642 0.377270
0.000300 0.396991 0.602709
0.000095 0.655043 0.344863
0.000000 0.111903 0.888097
0.881445 0.010281 0.108274
0.000106 0.121686 0.878208
0.000000 0.455588 0.544411
0.000001 0.765210 0.234789
0.295667 0.085410 0.618923
0.000000 0.347035 0.652965
0.928166 0.013841 0.057993
0.998724 0.000082 0.001194
0.998489 0.000235 0.001276
0.995374 0.000133 0.004493
0.000000 0.923907 0.076093
0.028044 0.149180 0.822776
0.017001 0.620379 0.362620
0.000000 0.055491 0.944509
0.006778 0.042539 0.950683
0.990125 0.001369 0.008505
0.000000 0.836242 0.163758
0.992301 0.000607 0.007092
0.498744 0.138565 0.362691
0.000001 0.093234 0.906765
0.007970 0.643159 0.348872
0.999062 0.000028 0.000910
0.905608 0.058898 0.035493
0.000000 0.583413 0.416587
0.000000 0.851488 0.148512
0.884672 0.005832 0.109496
0.023719 0.323270 0.653011
0.084668 0.646438 0.268894
0.999710 0.000009 0.000280
0.000019 0.626410 0.373571
0.980772 0.002236 0.016993
0.000993 0.274451 0.724556
0.999118 0.000053 0.000829
0.903196 0.026978 0.069826
0.000351 0.741938 0.257711
0.999752 0.000008 0.000240
0.999655 0.000014 0.000331
0.996898 0.000251 0.002851
0.986087 0.004888 0.009025
0.976216 0.008700 0.015084
0.000000 0.651178 0.348822
0.369619 0.288827 0.341554
0.997690 0.000105 0.002205
0.996234 0.000146 0.003620
0.998960 0.000082 0.000958
0.981334 0.003449 0.015217
0.000000 0.559071 0.440929
0.712183 0.071402 0.216416
0.996567 0.000215 0.003219
0.000001 0.084455 0.915545
0.997196 0.000081 0.002723
0.994319 0.000069 0.005612
0.998127 0.000029 0.001844
0.000000 0.362388 0.637612
0.999719 0.000010 0.000271
0.000000 0.945833 0.054167
0.999741 0.000012 0.000247
0.999689 0.000013 0.000299
0.949061 0.013398 0.037541
0.000000 0.821137 0.178863
0.998434 0.000008 0.001558
0.034807 0.100549 0.864644
0.007165 0.700379 0.292456
0.999450 0.000010 0.000540
0.993273 0.001652 0.005075
0.000000 0.046501 0.953499
0.013273 0.606884 0.379843
0.991585 0.003185 0.005230
0.994215 0.000049 0.005737
0.000017 0.360449 0.639534
0.000409 0.429301 0.570289
0.979748 0.001425 0.018827
0.998763 0.000041 0.001196
0.151900 0.260397 0.587703
0.000000 0.538642 0.461358
0.999098 0.000066 0.000836
0.460455 0.112703 0.426842
0.997890 0.000041 0.002070
0.997705 0.000042 0.002253
0.998518 0.000114 0.001369
0.000065 0.792853 0.207083
0.980279 0.001847 0.017874
0.846184 0.070999 0.082817
0.000075 0.135344 0.864581
0.000000 0.917590 0.082410
0.000000 0.231307 0.768693
0.086939 0.299408 0.613654
0.999882 0.000004 0.000114
0.000000 0.782047 0.217953
0.999625 0.000024 0.000351
0.886091 0.028132 0.085778
0.997436 0.000191 0.002373
0.000000 0.614801 0.385199
0.000188 0.401923 0.597889
0.000004 0.034179 0.965817
1.000000 0.000000 0.000000
0.001395 0.110643 0.887962
0.999902 0.000001 0.000097
0.000000 0.487354 0.512646
0.273063 0.530531 0.196406
0.981690 0.001137 0.017173
0.999932 0.000000 0.000068
0.999784 0.000003 0.000213
0.000000 0.156400 0.843600
0.000000 0.757749 0.242251
0.000000 0.698200 0.301800
0.999324 0.000018 0.000658
0.000000 0.957789 0.042211
0.004536 0.047591 0.947874
0.999731 0.000000 0.000268
0.999652 0.000018 0.000330
0.828177 0.069392 0.102430
0.999927 0.000004 0.000069
0.954522 0.006756 0.038721
0.938698 0.004470 0.056832
0.999998 0.000000 0.000002
0.000000 0.103867 0.896133
0.999122 0.000001 0.000877
0.000000 0.640535 0.359465
0.905441 0.046473 0.048085
0.832550 0.015131 0.152320
0.954404 0.008253 0.037343
0.000002 0.273602 0.726396
0.074003 0.459211 0.466786
0.999704 0.000003 0.000292
0.999981 0.000000 0.000019
0.000008 0.533697 0.466296
0.000000 0.546661 0.453339
0.000000 0.295867 0.704133
0.989721 0.000566 0.009713
0.164298 0.111052 0.724650
0.000000 0.135059 0.864941
0.000075 0.647512 0.352413
0.989005 0.001092 0.009903
0.978009 0.002051 0.019939
0.466053 0.266350 0.267597
0.999707 0.000003 0.000290
0.000000 0.321628 0.678371
0.992609 0.000004 0.007387
0.009230 0.141498 0.849272
0.999802 0.000007 0.000191
0.000000 0.959447 0.040553
0.319862 0.195075 0.485063
0.973727 0.000707 0.025566
0.655094 0.129655 0.215251
0.999223 0.000018 0.000759
0.972984 0.009105 0.017911
0.000001 0.563593 0.436406
0.000043 0.641578 0.358378
0.999891 0.000001 0.000108
0.927168 0.012801 0.060030
0.046014 0.093306 0.860680
0.000000 0.193131 0.806868
0.998694 0.000024 0.001283
0.999997 0.000000 0.000003
0.995611 0.000110 0.004280
0.991242 0.000272 0.008486
0.999948 0.000000 0.000052
0.997262 0.000132 0.002606
0.974653 0.002021 0.023326
0.000001 0.026019 0.973980
0.971640 0.013913 0.014447
0.000000 0.326412 0.673588
0.815398 0.033013 0.151589
-0.000000 0.892460 0.107540
0.000000 0.194652 0.805348
0.999958 0.000000 0.000042
0.000000 0.858848 0.141152
0.000029 0.151543 0.848427
0.998070 0.000410 0.001520
0.000000 0.507922 0.492078
0.000000 0.700171 0.299829
0.035460 0.666523 0.298017
0.976063 0.003362 0.020575
0.988669 0.002471 0.008860
0.000000 0.461817 0.538183
0.999995 0.000000 0.000005
0.000585 0.162250 0.837165
0.000000 0.506631 0.493369
0.996942 0.000015 0.003042
0.000000 0.837731 0.162269
0.959142 0.017253 0.023604
0.011889 0.032026 0.956085
0.000288 0.520360 0.479352
0.807814 0.009511 0.182675
-0.000000 0.942539 0.057461
0.476341 0.189978 0.333681
0.992889 0.000024 0.007087
0.999857 0.000002 0.000141
0.996743 0.000518 0.002738
0.997123 0.000377 0.002500
0.999611 0.000017 0.000372
-0.000000 0.946238 0.053762
0.013768 0.656852 0.329379
0.999790 0.000031 0.000179
0.998977 0.000014 0.001009
0.006471 0.318268 0.675261
0.937594 0.010998 0.051408
0.002108 0.085829 0.912063
0.219699 0.092920 0.687381
0.000000 0.069032 0.930968
0.000027 0.460905 0.539068
0.000000 0.109958 0.890042
0.944500 0.000694 0.054806
0.988863 0.000982 0.010155
0.999998 0.000000 0.000002
0.000000 0.134509 0.865491
0.990920 0.000531 0.008549
0.000000 0.814781 0.185219
0.000000 0.827883 0.172117
0.379962 0.144674 0.475364
-0.000000 0.977812 0.022188
0.994164 0.001950 0.003886
0.999850 0.000001 0.000149
0.825288 0.052554 0.122158
0.000000 0.707182 0.292818
0.998048 0.000265 0.001687
0.999726 0.000005 0.000269
0.002767 0.505515 0.491718
0.000000 0.114729 0.885271
0.987084 0.000717 0.012199
0.999771 0.000008 0.000220
0.924537 0.010991 0.064472
0.999098 0.000033 0.000869
0.998693 0.000094 0.001213
0.998212 0.000048 0.001740
0.000000 0.133390 0.866610
0.002150 0.222548 0.775302
0.000000 0.298091 0.701909
0.786919 0.019509 0.193572
0.000002 0.350564 0.649435
0.960733 0.016296 0.022971
0.999998 0.000000 0.000002
0.999983 0.000000 0.000017
0.938402 0.008211 0.053387
0.004788 0.477310 0.517902
0.439979 0.112131 0.447890
0.943598 0.011397 0.045005
0.000074 0.104161 0.895765
0.000000 0.769280 0.230720
0.002425 0.376572 0.621003
0.990090 0.002616 0.007294
0.842695 0.078035 0.079270
0.976735 0.000176 0.023089
0.977312 0.002170 0.020518
0.999165 0.000026 0.000809
0.980658 0.002625 0.016717
0.996374 0.000002 0.003624
0.002533 0.566229 0.431238
0.119152 0.243405 0.637443
0.979924 0.003332 0.016744
0.000000 0.971478 0.028522
0.000000 0.772174 0.227826
0.959011 0.007310 0.033679
0.981658 0.007279 0.011064
0.000000 0.473875 0.526125
0.971041 0.003534 0.025424
0.000018 0.158132 0.841850
-0.000000 0.964518 0.035482
0.098168 0.049077 0.852755
0.000000 0.838336 0.161664
0.000000 0.853386 0.146614
0.999868 0.000005 0.000127
0.946071 0.009392 0.044536
0.994038 0.001405 0.004557
0.000000 0.069069 0.930931
0.998621 0.000021 0.001358
0.992100 0.000109 0.007791
0.999999 0.000000 0.000001
0.999886 0.000001 0.000113
0.977689 0.000979 0.021332
0.999953 0.000001 0.000046
0.000286 0.187193 0.812522
0.097188 0.473052 0.429760
0.999437 0.000009 0.000554
0.000001 0.548794 0.451204
0.000004 0.257223 0.742773
0.974588 0.006547 0.018865
0.000100 0.279870 0.720031
0.564087 0.272973 0.162940
0.844996 0.031925 0.123079
0.125871 0.401679 0.472450
0.000000 0.468235 0.531765
0.844686 0.036455 0.118858
0.999946 0.000001 0.000053
0.012013 0.089304 0.898684
0.994661 0.001606 0.003733
0.695926 0.130358 0.173716
0.000000 0.804853 0.195147
0.000000 0.649894 0.350106
0.000512 0.590215 0.409273
-0.000000 0.901898 0.098102
0.000000 0.565109 0.434891
0.997883 0.000078 0.002040
0.999999 0.000000 0.000001
0.100623 0.139532 0.759845
0.947126 0.009809 0.043064
0.005943 0.211138 0.782919
0.974638 0.001227 0.024135
0.999978 0.000000 0.000022
0.007354 0.104856 0.887790
0.977829 0.000967 0.021204
0.996805 0.000099 0.003096
0.977092 0.009630 0.013277
0.961851 0.005738 0.032411
0.999939 0.000000 0.000060
0.883248 0.062189 0.054563
0.000000 0.760707 0.239293
0.999273 0.000011 0.000716
0.932740 0.004773 0.062487
0.004356 0.724126 0.271518
0.000000 0.504822 0.495178
0.000038 0.512912 0.487050
0.998209 0.000052 0.001740
0.999993 0.000000 0.000007
0.999988 0.000000 0.000012
0.988114 0.002591 0.009295
0.999390 0.000040 0.000570
0.000000 0.767626 0.232374
0.999037 0.000055 0.000908
0.879051 0.044865 0.076084
0.757569 0.027507 0.214924
0.999990 0.000000 0.000010
0.795352 0.011225 0.193423
0.614749 0.132033 0.253218
0.997956 0.000245 0.001799
1.000000 0.000000 0.000000
0.893955 0.008332 0.097713
0.998489 0.000161 0.001350
0.999903 0.000003 0.000095
0.997399 0.000201 0.002400
0.997579 0.000112 0.002309
0.000000 0.078237 0.921763
0.000000 0.615363 0.384637
0.998830 0.000028 0.001142
0.040027 0.650198 0.309775
0.000065 0.584335 0.415600
0.000367 0.455170 0.544463
0.000256 0.110372 0.889372
0.999877 0.000001 0.000122
0.989988 0.000848 0.009164
0.999812 0.000002 0.000186
0.000009 0.388436 0.611555
0.696039 0.049692 0.254269
0.998501 0.000005 0.001495
0.999999 0.000000 0.000001
0.999797 0.000000 0.000203
0.000704 0.148167 0.851129
0.982007 0.001167 0.016826
0.967952 0.003774 0.028274
0.999973 0.000000 0.000027
0.998607 0.000094 0.001299
0.000000 0.124436 0.875564
0.993604 0.000805 0.005591
0.986156 0.005976 0.007868
0.997676 0.000115 0.002209
0.997816 0.000117 0.002067
0.003658 0.309494 0.686848
0.999095 0.000001 0.000904
0.000000 0.921766 0.078234
0.999999 0.000000 0.000001
0.000000 0.676862 0.323138
0.971684 0.004259 0.024057
0.999774 0.000000 0.000226
0.000000 0.382247 0.617753
0.004551 0.537284 0.458165
0.977317 0.002984 0.019699
0.998554 0.000039 0.001407
0.939995 0.031044 0.028961
0.751536 0.100168 0.148296
0.820834 0.070093 0.109074
0.873913 0.013094 0.112994
0.625835 0.078210 0.295955
0.000120 0.454721 0.545159
0.996735 0.000178 0.003087
0.543173 0.174213 0.282614
0.000447 0.092735 0.906818
0.000000 0.961718 0.038282
0.944900 0.005578 0.049522
0.999999 0.000000 0.000001
0.336866 0.030520 0.632615
0.999867 0.000001 0.000132
0.000000 0.652240 0.347759
0.999894 0.000001 0.000105
0.000000 0.666287 0.333713
0.001481 0.389372 0.609148
0.989773 0.001163 0.009064
0.994694 0.001070 0.004236
0.000000 0.834263 0.165737
0.000000 0.929014 0.070986
0.000000 0.133728 0.866272
0.000849 0.094242 0.904908
0.658460 0.235797 0.105744
0.039136 0.188214 0.772650
0.739744 0.139559 0.120697
0.058029 0.265120 0.676851
0.004340 0.720590 0.275070
0.836693 0.007486 0.155820
0.979164 0.000171 0.020665
0.996891 0.000207 0.002902
0.000000 0.526196 0.473804
0.000126 0.755012 0.244862
0.000000 0.038929 0.961071
0.004834 0.270556 0.724609
0.976836 0.005248 0.017915
0.000910 0.555213 0.443877
0.999825 0.000001 0.000174
0.999988 0.000000 0.000012
0.958969 0.002935 0.038096
0.988384 0.001257 0.010358
0.991148 0.002883 0.005969
0.996134 0.000509 0.003357
0.000002 0.609655 0.390343
0.991257 0.000692 0.008052
0.990768 0.002117 0.007116
0.000000 0.780037 0.219963
0.015759 0.428023 0.556218
0.999935 0.000001 0.000065
0.999571 0.000024 0.000406
0.000094 0.216369 0.783536
0.006407 0.314157 0.679436
0.000237 0.431752 0.568011
0.999370 0.000014 0.000615
0.999973 0.000001 0.000027
0.000000 0.842003 0.157997
0.998908 0.000003 0.001089
0.999798 0.000001 0.000202
0.000204 0.079160 0.920635
0.615813 0.191275 0.192912
0.855478 0.026447 0.118074
0.000000 0.627213 0.372787
0.000000 0.941666 0.058334
0.986738 0.002903 0.010359
0.000000 0.908577 0.091423
1.000000 0.000000 0.000000
0.984045 0.003507 0.012448
0.993613 0.000185 0.006202
0.951238 0.009925 0.038837
0.974282 0.000012 0.025706
0.998160 0.000072 0.001767
0.889152 0.005868 0.104981
0.000373 0.380175 0.619451
0.999932 0.000002 0.000066
0.000000 0.331548 0.668452
0.991400 0.001058 0.007542
-0.000000 0.946913 0.053087
0.000000 0.504089 0.495911
0.324238 0.213305 0.462457
-0.000000 0.981881 0.018119
0.049229 0.028816 0.921955
0.000191 0.064846 0.934962
0.000000 0.756821 0.243179
0.051088 0.637898 0.311015
0.853746 0.040100 0.106153
0.971711 0.005383 0.022905
0.000000 0.606997 0.393003
-0.000000 0.742269 0.257731
0.941408 0.010724 0.047868
0.793240 0.150001 0.056759
0.927131 0.010643 0.062225
1.000000 0.000000 0.000000
0.000076 0.263009 0.736916
0.000000 0.328744 0.671256
0.999942 0.000000 0.000058
0.986388 0.005782 0.007830
0.088025 0.280597 0.631378
0.000338 0.203677 0.795985
0.999975 0.000000 0.000025
0.996326 0.000134 0.003541
0.933495 0.012093 0.054411
0.503424 0.030953 0.465623
0.987165 0.001471 0.011363
0.999990 0.000000 0.000010
0.000002 0.021680 0.978319
0.970966 0.003075 0.025959
0.000001 0.760863 0.239136
0.997059 0.000017 0.002923
0.993102 0.000482 0.006416
0.004054 0.387220 0.608726
0.999888 0.000000 0.000112
0.927119 0.005750 0.067131
0.991014 0.000459 0.008527
0.000000 0.648689 0.351310
0.000000 0.811538 0.188462
0.971812 0.003187 0.025001
0.999964 0.000000 0.000035
0.999979 0.000000 0.000021
0.999607 0.000024 0.000368
0.999811 0.000012 0.000177
0.000000 0.288813 0.711187
-0.000000 0.953507 0.046493
0.992532 0.000122 0.007346
0.756946 0.058631 0.184423
0.999506 0.000025 0.000469
0.993407 0.000630 0.005963
0.997509 0.000061 0.002430
0.000000 0.575023 0.424977
0.979288 0.000394 0.020318
0.999999 0.000000 0.000001
0.000200 0.224574 0.775225
0.867179 0.072993 0.059828
-0.000000 0.895516 0.104484
0.993296 0.000035 0.006669
0.975718 0.003325 0.020957
0.000018 0.667126 0.332856
0.999905 0.000000 0.000095
0.986573 0.000720 0.012707
0.998993 0.000017 0.000990
0.001535 0.279419 0.719047
0.999815 0.000013 0.000172
0.000000 0.846291 0.153709
0.000000 0.314869 0.685131
0.000000 0.878854 0.121146
0.997999 0.000024 0.001977
0.999851 0.000001 0.000148
0.000000 0.883478 0.116522
0.000000 0.404280 0.595720
0.999816 0.000002 0.000182
0.000001 0.801342 0.198656
0.000001 0.723373 0.276627
0.963021 0.004646 0.032332
0.694713 0.237013 0.068274
0.000270 0.475413 0.524317
0.004022 0.410011 0.585967
0.970387 0.005719 0.023894
0.863123 0.059716 0.077161
0.987002 0.003920 0.009078
0.000211 0.284378 0.715412
0.364560 0.329994 0.305446
0.996328 0.000223 0.003448
0.000000 0.889353 0.110647
0.999770 0.000000 0.000230
0.997489 0.000243 0.002268
0.000000 0.070903 0.929097
0.000000 0.775920 0.224080
0.946808 0.009754 0.043438
0.971353 0.003399 0.025247
0.999997 0.000000 0.000003
0.999991 0.000000 0.000009
0.996605 0.000129 0.003266
0.877157 0.003047 0.119796
0.999930 0.000000 0.000070
0.981208 0.000108 0.018684
0.948898 0.012273 0.038829
0.000000 0.591276 0.408724
0.000354 0.719248 0.280398
0.999999 0.000000 0.000001
0.999612 0.000001 0.000387
0.000218 0.170582 0.829200
0.000000 0.745190 0.254810
0.000000 0.968545 0.031455
0.941760 0.000970 0.057271
0.999625 0.000032 0.000343
0.812621 0.037925 0.149454
0.999998 0.000000 0.000002
0.999723 0.000002 0.000275
0.998771 0.000005 0.001224
0.999700 0.000003 0.000296
0.998293 0.000087 0.001621
0.997676 0.000054 0.002270
0.558265 0.141822 0.299913
0.826054 0.036932 0.137014
0.000000 0.932955 0.067045
0.999716 0.000021 0.000263
0.998826 0.000029 0.001146
0.001274 0.442011 0.556715
0.001237 0.095839 0.902924
0.996052 0.000179 0.003768
0.000000 0.298287 0.701713
0.995896 0.000250 0.003853
0.993310 0.000315 0.006375
0.999987 0.000000 0.000013
0.989777 0.001132 0.009091
0.944878 0.009469 0.045653
0.785081 0.057005 0.157915
0.875701 0.023937 0.100362
0.997148 0.000611 0.002240
0.000000 0.682245 0.317755
0.995777 0.000128 0.004095
0.000000 0.953306 0.046694
0.999572 0.000002 0.000426
0.998782 0.000134 0.001084
0.000015 0.188839 0.811147
0.989186 0.000682 0.010132
0.938052 0.014364 0.047584
0.998693 0.000032 0.001275
0.529687 0.283600 0.186713
0.995933 0.000190 0.003877
0.000012 0.149728 0.850260
0.000000 0.617518 0.382481
0.994635 0.000708 0.004657
0.990724 0.000607 0.008669
0.999001 0.000086 0.000913
0.007051 0.329153 0.663796
0.022102 0.299289 0.678609
0.000006 0.519118 0.480876
0.969839 0.004292 0.025869
0.995338 0.000892 0.003770
0.000307 0.099009 0.900684
0.996721 0.000104 0.003174
0.997802 0.000366 0.001831
0.999206 0.000001 0.000793
0.997672 0.000064 0.002264
0.969611 0.010612 0.019777
0.000002 0.685254 0.314743
0.000000 0.729392 0.270608
0.000000 0.393356 0.606644
0.994053 0.001036 0.004911
0.036086 0.622438 0.341477
0.000000 0.927510 0.072490
0.000000 0.163870 0.836130
1.000000 0.000000 0.000000
0.422542 0.333296 0.244162
0.000712 0.623650 0.375638
0.995534 0.000108 0.004358
0.995247 0.000022 0.004731
0.998580 0.000062 0.001358
0.000000 0.668227 0.331773
0.001788 0.070186 0.928026
0.999994 0.000000 0.000006
0.954215 0.017863 0.027922
0.998093 0.000090 0.001817
0.000000 0.958435 0.041565
0.970613 0.002180 0.027207
0.720889 0.056601 0.222510
0.982258 0.001967 0.015775
0.000000 0.581052 0.418948
0.990937 0.000816 0.008247
0.936309 0.002177 0.061515
0.999940 0.000000 0.000060
0.970963 0.003649 0.025388
0.979411 0.002745 0.017843
0.000002 0.210963 0.789035
0.982099 0.002018 0.015884
0.987630 0.000731 0.011638
0.999168 0.000013 0.000819
0.127562 0.170829 0.701609
0.000065 0.095749 0.904186
0.973659 0.003482 0.022859
0.999892 0.000000 0.000108
0.000005 0.024284 0.975711
0.999989 0.000000 0.000011
0.000026 0.611492 0.388482
0.999995 0.000000 0.000005
0.000000 0.767572 0.232428
0.987752 0.000310 0.011938
0.998079 0.000540 0.001381
0.000000 0.718788 0.281212
0.986956 0.000499 0.012545
1.000000 0.000000 0.000000
0.999999 0.000000 0.000001
0.000019 0.136273 0.863707
0.784890 0.023908 0.191201
0.989123 0.000217 0.010660
-0.000000 0.838160 0.161840
-0.000000 0.971616 0.028384
0.997581 0.000435 0.001985
0.779361 0.002389 0.218250
0.000008 0.682494 0.317499
0.932554 0.015643 0.051804
0.999919 0.000001 0.000080
0.994380 0.000291 0.005329
0.000000 0.395904 0.604096
0.000008 0.691010 0.308982
0.991719 0.000691 0.007590
0.905906 0.021078 0.073016
0.000025 0.482867 0.517108
0.990135 0.001149 0.008716
0.993539 0.000357 0.006105
0.716339 0.016137 0.267524
0.974604 0.013336 0.012060
0.000605 0.156301 0.843095
0.999973 0.000000 0.000027
0.996746 0.000124 0.003131
0.000000 0.895616 0.104384
0.000000 0.976593 0.023407
0.999986 0.000000 0.000014
0.000033 0.455691 0.544276
0.991136 0.002062 0.006802
0.985249 0.001429 0.013322
0.974907 0.002031 0.023062
0.298109 0.024441 0.677450
0.999857 0.000001 0.000142
0.000018 0.645103 0.354879
0.475827 0.061746 0.462427
0.902686 0.001283 0.096031
0.040725 0.332359 0.626916
0.094396 0.594874 0.310729
0.978589 0.006462 0.014949
0.997828 0.000124 0.002047
0.894054 0.032958 0.072988
0.999998 0.000000 0.000002
0.999747 0.000001 0.000252
0.950405 0.008378 0.041218
0.996654 0.000499 0.002847
0.000001 0.217680 0.782319
0.999997 0.000000 0.000003
0.986828 0.000786 0.012387
0.000000 0.826452 0.173548
0.999997 0.000000 0.000003
0.998186 0.000115 0.001699
0.000000 0.667578 0.332422
0.999990 0.000000 0.000010
0.920121 0.035523 0.044356
0.996155 0.000375 0.003470
0.999393 0.000000 0.000607
0.999976 0.000000 0.000024
0.950585 0.027716 0.021699
0.999309 0.000009 0.000682
0.000001 0.597298 0.402701
-0.000000 0.882290 0.117710
0.977303 0.003229 0.019468
0.000000 0.514768 0.485232
0.980425 0.006792 0.012783
0.927427 0.001826 0.070747
0.999912 0.000002 0.000086
0.846501 0.106075 0.047424
0.878622 0.002770 0.118608
0.995295 0.000898 0.003807
0.980927 0.000952 0.018121
0.000003 0.182915 0.817082
0.986481 0.001005 0.012514
0.999994 0.000000 0.000006
0.983318 0.001486 0.015195
0.998693 0.000056 0.001251
0.000000 0.679703 0.320297
0.999318 0.000019 0.000664
0.990279 0.000445 0.009276
0.987331 0.001165 0.011504
0.994882 0.000113 0.005005
0.001116 0.313957 0.684927
0.999229 0.000013 0.000757
0.234456 0.266461 0.499083
0.999537 0.000001 0.000463
0.994895 0.000459 0.004647
0.000008 0.547400 0.452592
0.987034 0.001234 0.011732
0.506702 0.156142 0.337157
0.997985 0.000367 0.001648
0.911164 0.006523 0.082313
0.996001 0.000094 0.003905
0.981359 0.001370 0.017271
0.999867 0.000000 0.000133
-0.000000 0.994608 0.005392
0.999583 0.000005 0.000411
0.004331 0.642807 0.352862
0.999991 0.000000 0.000009
0.986989 0.000460 0.012551
0.000000 0.505390 0.494610
0.998482 0.000258 0.001260
0.000396 0.275812 0.723793
0.000174 0.067566 0.932261
0.000000 0.325050 0.674950
0.000001 0.440019 0.559981
0.000000 0.432323 0.567677
0.999857 0.000000 0.000143
0.999992 0.000000 0.000008
0.277660 0.249198 0.473143
0.933550 0.038280 0.028170
0.999426 0.000008 0.000566
0.108217 0.432457 0.459327
0.000000 0.915419 0.084581
0.999906 0.000001 0.000093
0.949121 0.016631 0.034248
0.859773 0.038649 0.101579
0.997990 0.000100 0.001911
0.923749 0.014412 0.061840
0.996618 0.000175 0.003208
0.963470 0.016783 0.019747
0.990294 0.000869 0.008836
0.000916 0.720744 0.278339
0.999999 0.000000 0.000001
0.996229 0.000189 0.003582
0.980419 0.006146 0.013435
0.000000 0.322560 0.677440
0.996064 0.000018 0.003917
0.000028 0.684393 0.315579
0.989251 0.000657 0.010092
0.999989 0.000000 0.000011
0.893138 0.018103 0.088759
0.996900 0.000131 0.002970
0.997768 0.000072 0.002160
0.004632 0.563811 0.431557
0.000029 0.532578 0.467394
0.812934 0.012314 0.174753
0.984073 0.004516 0.011411
0.999862 0.000010 0.000128
0.178953 0.270695 0.550351
0.000000 0.198546 0.801454
0.999993 0.000000 0.000007
0.940710 0.011499 0.047791
0.978432 0.002450 0.019118
0.295394 0.026972 0.677635
0.999640 0.000016 0.000344
0.000000 0.645854 0.354146
0.983265 0.006392 0.010342
0.999969 0.000000 0.000031
0.543087 0.229330 0.227583
0.892452 0.022530 0.085018
0.000007 0.394717 0.605276
0.016964 0.053087 0.929949
0.000000 0.507220 0.492780
0.990273 0.000552 0.009174
0.999997 0.000000 0.000003
0.993573 0.001463 0.004964
0.000001 0.339798 0.660201
0.000000 0.706658 0.293342
0.000002 0.732413 0.267585
0.999284 0.000111 0.000605
0.999187 0.000052 0.000761
0.000000 0.895197 0.104803
0.000001 0.543512 0.456487
0.000000 0.810067 0.189933
0.000000 0.364098 0.635902
0.000000 0.817561 0.182439
0.000136 0.380478 0.619387
0.999953 0.000000 0.000047
0.978758 0.002370 0.018872
0.987414 0.000087 0.012499
0.998869 0.000087 0.001044
0.999773 0.000002 0.000225
0.999841 0.000001 0.000158
0.999531 0.000005 0.000464
0.031678 0.543713 0.424609
0.997885 0.000351 0.001765
0.000000 0.953247 0.046753
0.085433 0.616458 0.298109
0.999750 0.000012 0.000238
0.999999 0.000000 0.000001
0.825763 0.077399 0.096837
0.504550 0.239309 0.256141
0.999919 0.000001 0.000080
0.955668 0.005246 0.039085
0.998348 0.000101 0.001551
0.999899 0.000001 0.000100
0.464664 0.394559 0.140777
0.996012 0.000262 0.003726
0.003873 0.704629 0.291498
0.999639 0.000008 0.000353
0.992667 0.000215 0.007118
-0.000000 0.953698 0.046302
0.970534 0.001705 0.027762
0.969924 0.003897 0.026180
0.000002 0.628587 0.371412
0.000000 0.840688 0.159312
0.999997 0.000000 0.000003
0.999868 0.000005 0.000127
0.983499 0.001341 0.015160
0.995635 0.000604 0.003761
0.999930 0.000000 0.000070
0.439313 0.418772 0.141915
0.999643 0.000001 0.000357
0.998852 0.000007 0.001140
0.967197 0.005691 0.027112
0.999571 0.000038 0.000391
0.075295 0.279746 0.644959
0.644322 0.078866 0.276812
0.999173 0.000014 0.000812
0.996816 0.000251 0.002933
0.527939 0.234991 0.237070
0.000000 0.252806 0.747194
0.987652 0.000391 0.011957
0.999345 0.000013 0.000642
0.999359 0.000015 0.000626
0.052269 0.035644 0.912086
0.999124 0.000030 0.000846
0.000000 0.498125 0.501875
0.113069 0.601363 0.285569
0.060191 0.515450 0.424359
0.995199 0.000184 0.004617
0.846575 0.030205 0.123220
0.958597 0.023445 0.017958
0.998284 0.000120 0.001596
0.000000 0.464658 0.535342
0.999770 0.000000 0.000230
0.995491 0.000565 0.003944
0.851304 0.043593 0.105103
0.000000 0.709496 0.290504
0.998548 0.000200 0.001252
0.999902 0.000005 0.000093
0.000000 0.257545 0.742455
0.000100 0.798690 0.201210
0.986029 0.004301 0.009670
0.999978 0.000001 0.000021
0.990040 0.000914 0.009046
0.996253 0.000228 0.003518
0.109279 0.482201 0.408520
0.999729 0.000003 0.000269
0.507185 0.260567 0.232247
0.997385 0.000211 0.002403
0.000000 0.836640 0.163360
0.964498 0.016410 0.019091
0.269369 0.377483 0.353148
0.992939 0.000726 0.006335
0.982295 0.000782 0.016924
0.999431 0.000007 0.000562
0.960952 0.008728 0.030319
0.000000 0.764126 0.235874
0.964793 0.007059 0.028148
0.007751 0.099318 0.892931
0.894006 0.031191 0.074802
0.989721 0.000343 0.009936
0.000004 0.142967 0.857029
0.000033 0.268700 0.731267
0.000001 0.188558 0.811441
0.000001 0.197771 0.802228
0.005049 0.510772 0.484179
0.999299 0.000010 0.000692
0.625574 0.114372 0.260054
0.949453 0.008552 0.041995
0.000000 0.644396 0.355604
0.956754 0.016501 0.026745
0.999553 0.000006 0.000441
0.981414 0.006245 0.012341
0.981345 0.003368 0.015287
0.999164 0.000010 0.000826
0.000000 0.888967 0.111033
0.998394 0.000048 0.001558
1.000000 0.000000 0.000000
0.999550 0.000009 0.000441
0.000002 0.727804 0.272193
0.914277 0.018773 0.066950
0.997908 0.000044 0.002049
0.999990 0.000000 0.000010
0.997316 0.000072 0.002612
0.928293 0.031078 0.040629
0.000730 0.591416 0.407854
0.998047 0.000277 0.001676
0.671468 0.231036 0.097496
0.999761 0.000004 0.000235
0.996908 0.000029 0.003063
0.907481 0.028237 0.064282
0.000003 0.518411 0.481586
0.000000 0.614883 0.385117
0.701893 0.140474 0.157633
0.995842 0.000161 0.003998
-0.000000 0.945198 0.054802
0.000000 0.884483 0.115517
0.989246 0.000925 0.009829
0.999708 0.000019 0.000273
0.998694 0.000026 0.001281
0.102591 0.471414 0.425995
0.996837 0.000021 0.003143
0.998868 0.000027 0.001106
0.000046 0.148986 0.850968
0.998089 0.000076 0.001834
0.979652 0.002232 0.018116
0.999971 0.000000 0.000029
0.997831 0.000046 0.002123
0.999615 0.000005 0.000381
0.999772 0.000004 0.000223
0.000931 0.045578 0.953491
0.000007 0.297951 0.702042
0.454246 0.228350 0.317404
0.004508 0.601418 0.394075
0.000000 0.583699 0.416301
0.988676 0.000878 0.010447
0.030304 0.054266 0.915429
0.000032 0.531844 0.468124
0.994625 0.000269 0.005107
0.988493 0.003598 0.007909
0.903625 0.028000 0.068375
0.955859 0.006244 0.037897
0.999883 0.000000 0.000117
0.999932 0.000000 0.000068
1.000000 0.000000 0.000000
0.998423 0.000049 0.001528
0.972980 0.008776 0.018244
0.000000 0.680067 0.319933
0.999719 0.000001 0.000280
0.991563 0.000301 0.008137
0.000000 0.813111 0.186889
0.999924 0.000000 0.000076
0.989404 0.000413 0.010184
0.984242 0.002286 0.013472
0.999968 0.000001 0.000031
0.000000 0.148481 0.851519
0.000065 0.533477 0.466459
0.979940 0.001831 0.018229
0.999429 0.000088 0.000483
0.981589 0.000755 0.017656
0.999755 0.000000 0.000244
0.999241 0.000010 0.000750
0.565782 0.158379 0.275840
0.992905 0.000314 0.006781
0.999434 0.000023 0.000543
0.997886 0.000010 0.002105
0.998311 0.000075 0.001614
0.999995 0.000000 0.000005
0.903326 0.019326 0.077348
0.000003 0.099186 0.900812
0.000000 0.283116 0.716884
0.999739 0.000000 0.000260
0.002301 0.735859 0.261841
0.633684 0.038383 0.327933
0.967159 0.004545 0.028296
0.904670 0.020044 0.075286
0.001535 0.533256 0.465209
0.999998 0.000000 0.000002
0.000021 0.086811 0.913168
0.934738 0.035262 0.029999
0.757925 0.062883 0.179193
0.999609 0.000005 0.000386
0.999862 0.000008 0.000131
0.995201 0.000116 0.004683
0.998231 0.000038 0.001731
0.999769 0.000003 0.000228
0.000001 0.829431 0.170568
0.000000 0.811894 0.188106
0.989643 0.000659 0.009698
0.974467 0.006361 0.019172
0.999997 0.000000 0.000003
0.033627 0.161279 0.805094
0.899280 0.019703 0.081017
0.989038 0.001151 0.009812
0.974203 0.001552 0.024245
0.000000 0.835632 0.164368
0.000000 0.514297 0.485703
0.000000 0.550711 0.449289
0.999395 0.000013 0.000593
0.999946 0.000000 0.000054
0.959795 0.001087 0.039118
0.000000 0.855932 0.144068
0.947766 0.002945 0.049289
0.000001 0.832321 0.167678
0.010212 0.096838 0.892950
0.218728 0.399670 0.381603
0.999965 0.000000 0.000035
0.000003 0.273645 0.726352
0.969109 0.012066 0.018825
0.906450 0.006191 0.087359
0.999918 0.000000 0.000082
0.999860 0.000001 0.000138
0.999784 0.000010 0.000206
0.097098 0.441170 0.461732
0.999999 0.000000 0.000001
0.000000 0.880227 0.119773
0.945531 0.002441 0.052029
0.999999 0.000000 0.000001
0.999514 0.000007 0.000480
0.000000 0.474037 0.525963
0.000000 0.571605 0.428395
0.085064 0.594897 0.320039
0.389059 0.287605 0.323336
0.000141 0.539730 0.460129
0.991144 0.001616 0.007240
0.000000 0.155406 0.844594
0.000004 0.468938 0.531058
0.999979 0.000000 0.000021
0.960438 0.009750 0.029812
0.000010 0.765345 0.234645
0.000000 0.698592 0.301408
0.988727 0.000418 0.010855
0.000000 0.507241 0.492759
0.999999 0.000000 0.000001
0.999437 0.000014 0.000549
0.000000 0.383064 0.616936
0.993450 0.000667 0.005883
0.999999 0.000000 0.000001
0.000000 0.893789 0.106211
0.002927 0.278986 0.718087
0.792475 0.025296 0.182229
0.000000 0.933500 0.066500
0.999434 0.000030 0.000537
0.998788 0.000034 0.001178
0.000000 0.702855 0.297145
0.999640 0.000006 0.000354
-0.000000 0.946244 0.053756
0.998698 0.000084 0.001218
0.999953 0.000000 0.000047
0.000000 0.938167 0.061833
0.000475 0.075244 0.924281
0.666109 0.167644 0.166247
0.997070 0.000244 0.002685
0.999449 0.000006 0.000545
0.000368 0.648370 0.351261
0.000000 0.870740 0.129260
0.997412 0.000066 0.002522
0.999979 0.000000 0.000021
0.974595 0.004629 0.020777
0.999488 0.000007 0.000506
0.000009 0.142279 0.857713
0.000000 0.709964 0.290036
0.780337 0.057506 0.162156
0.000000 0.804383 0.195617
0.068143 0.349354 0.582503
0.995948 0.000158 0.003895
0.977740 0.002768 0.019492
0.000219 0.071661 0.928119
0.073946 0.550729 0.375325
0.998762 0.000285 0.000953
0.985184 0.000938 0.013878
0.000000 0.733463 0.266537
0.973425 0.002421 0.024154
0.999995 0.000000 0.000005
0.999193 0.000020 0.000787
0.992193 0.000674 0.007133
0.975172 0.003473 0.021355
0.971602 0.004271 0.024127
0.000000 0.820770 0.179230
0.997926 0.000042 0.002032
0.999886 0.000003 0.000111
0.000000 0.942241 0.057759
0.999998 0.000000 0.000002
0.000000 0.667064 0.332936
0.000005 0.418918 0.581077
0.244890 0.012284 0.742826
0.984078 0.004869 0.011053
0.000311 0.107434 0.892256
0.999263 0.000042 0.000695
0.050106 0.238335 0.711559
0.993240 0.001270 0.005490
0.989211 0.000351 0.010438
0.951627 0.001347 0.047027
0.999429 0.000002 0.000569
0.994845 0.000405 0.004750
0.999448 0.000023 0.000529
0.000000 0.644041 0.355959
0.999171 0.000015 0.000814
0.000000 0.680115 0.319885
0.000001 0.303884 0.696115
0.000000 0.761400 0.238600
0.999352 0.000075 0.000573
0.998318 0.000009 0.001673
0.935554 0.012205 0.052241
0.999540 0.000008 0.000452
0.902625 0.043579 0.053796
0.000247 0.786729 0.213024
0.000000 0.421642 0.578358
0.999968 0.000001 0.000031
0.000001 0.867929 0.132070
0.999643 0.000009 0.000349
0.999643 0.000005 0.000352
0.991557 0.001534 0.006909
0.977095 0.001193 0.021713
0.000000 0.945412 0.054588
0.999617 0.000009 0.000375
0.566702 0.033250 0.400049
0.809269 0.084223 0.106507
0.933883 0.004737 0.061380
0.517279 0.143331 0.339390
0.999956 0.000000 0.000044
0.000000 0.810956 0.189044
0.000000 0.772435 0.227565
0.999896 0.000002 0.000102
0.999490 0.000005 0.000504
0.000000 0.934664 0.065336
0.973305 0.001927 0.024769
0.000000 0.935452 0.064548
0.999627 0.000004 0.000368
0.985796 0.001050 0.013153
0.000000 0.167748 0.832252
0.999955 0.000001 0.000044
0.999768 0.000010 0.000222
0.995460 0.000229 0.004311
0.999749 0.000019 0.000232
0.003351 0.691611 0.305037
0.001390 0.082884 0.915725
0.000000 0.821404 0.178596
0.980996 0.010128 0.008876
0.000000 0.704648 0.295352
0.999996 0.000000 0.000004
1.000000 0.000000 0.000000
0.995421 0.000334 0.004245
0.688042 0.102004 0.209954
0.880660 0.061744 0.057595
0.000064 0.513607 0.486329
0.000001 0.165341 0.834659
0.000223 0.166462 0.833315
0.999266 0.000023 0.000711
0.999999 0.000000 0.000001
0.000078 0.125153 0.874769
0.000000 0.381281 0.618719
0.000045 0.500007 0.499949
0.999671 0.000005 0.000324
0.997604 0.000094 0.002302
0.000000 0.814937 0.185063
0.998728 0.000114 0.001158
0.999995 0.000000 0.000005
0.000000 0.783820 0.216180
0.996823 0.000095 0.003082
0.000000 0.798012 0.201988
0.998121 0.000045 0.001834
0.999693 0.000004 0.000303
0.983446 0.001049 0.015505
0.000331 0.140515 0.859154
0.979739 0.006287 0.013974
0.999970 0.000000 0.000030
0.982964 0.000653 0.016383
0.999309 0.000006 0.000685
0.276511 0.285320 0.438170
0.999928 0.000001 0.000071
0.998784 0.000056 0.001161
-0.000000 0.994587 0.005413
0.972905 0.003803 0.023292
0.867875 0.037865 0.094260
0.006901 0.090612 0.902487
0.980001 0.007190 0.012809
0.946926 0.006923 0.046151
0.903901 0.007408 0.088691
0.999981 0.000000 0.000019
0.996021 0.000111 0.003867
0.000358 0.101360 0.898282
0.000000 0.704835 0.295165
0.999857 0.000006 0.000137
0.984307 0.004708 0.010985
0.013309 0.272509 0.714182
0.934449 0.016210 0.049340
0.000000 0.812743 0.187257
0.999317 0.000060 0.000622
0.547272 0.185906 0.266822
0.999954 0.000000 0.000046
0.992497 0.000963 0.006540
0.409108 0.028867 0.562025
0.991280 0.000437 0.008284
0.000000 0.692856 0.307144
0.998745 0.000023 0.001232
0.000001 0.686570 0.313430
0.016271 0.002553 0.981176
0.999286 0.000152 0.000562
0.000000 0.815013 0.184987
0.999979 0.000000 0.000021
0.000000 0.726921 0.273079
0.962249 0.015966 0.021785
0.000142 0.073842 0.926016
0.098799 0.092125 0.809076
0.000000 0.848934 0.151066
0.000001 0.310129 0.689870
0.999675 0.000003 0.000322
0.062600 0.051284 0.886115
0.000000 0.688739 0.311261
0.000131 0.367652 0.632217
0.981953 0.000666 0.017381
0.000000 0.745542 0.254458
0.004950 0.445861 0.549189
0.997953 0.000035 0.002011
0.999996 0.000000 0.000004
0.006773 0.799004 0.194223
0.000005 0.321135 0.678860
0.000242 0.372620 0.627138
0.999882 0.000006 0.000112
0.000000 0.289440 0.710560
0.995877 0.000781 0.003342
1.000000 0.000000 0.000000
0.953352 0.008804 0.037844
0.998428 0.000047 0.001524
0.999918 0.000000 0.000081
0.995564 0.000226 0.004210
0.981785 0.000714 0.017501
0.000000 0.882321 0.117679
0.999989 0.000000 0.000011
0.000008 0.543007 0.456984
0.999828 0.000001 0.000171
0.687731 0.193992 0.118278
0.959108 0.009253 0.031639
0.999203 0.000032 0.000765
0.999989 0.000000 0.000011
0.947131 0.008853 0.044016
0.000000 0.945882 0.054118
0.991842 0.000133 0.008025
0.999622 0.000001 0.000377
0.998639 0.000211 0.001150
0.862157 0.014466 0.123377
0.999882 0.000000 0.000118
0.999656 0.000004 0.000340
0.799717 0.020194 0.180089
0.918300 0.016790 0.064910
0.999983 0.000000 0.000017
0.996377 0.000160 0.003463
0.068206 0.496553 0.435240
0.000363 0.518154 0.481483
0.000000 0.867221 0.132779
0.993536 0.000194 0.006270
0.039959 0.093869 0.866172
0.996002 0.000381 0.003617
0.999985 0.000000 0.000015
0.000000 0.868227 0.131773
0.001214 0.728252 0.270534
0.000000 0.150779 0.849221
0.999536 0.000028 0.000436
0.000001 0.604276 0.395724
0.829551 0.078988 0.091461
0.626149 0.118921 0.254930
0.020810 0.556121 0.423069
0.989231 0.000478 0.010292
0.008040 0.174846 0.817114
0.999996 0.000000 0.000004
0.980690 0.006495 0.012815
0.999216 0.000012 0.000772
0.997276 0.000156 0.002568
0.000270 0.572849 0.426881
0.998276 0.000196 0.001527
0.996937 0.000091 0.002972
0.000000 0.739849 0.260151
0.000026 0.631433 0.368541
0.000318 0.591234 0.408448
0.999789 0.000000 0.000211
0.063086 0.291677 0.645237
0.123901 0.215858 0.660241
0.973707 0.006273 0.020021
0.000165 0.094495 0.905340
0.999994 0.000000 0.000006
0.321688 0.171307 0.507005
0.892372 0.071508 0.036120
0.000032 0.654474 0.345494
0.000012 0.091257 0.908732
0.936561 0.021687 0.041753
0.000237 0.439213 0.560550
0.100081 0.649796 0.250123
0.996521 0.000224 0.003255
0.000000 0.268573 0.731427
0.967107 0.014677 0.018216
0.000000 0.247158 0.752842
0.022859 0.470705 0.506437
0.998426 0.000217 0.001356
0.993119 0.000018 0.006863
0.993669 0.000635 0.005696
0.902029 0.008733 0.089237
0.999660 0.000006 0.000334
0.000018 0.628578 0.371405
0.999860 0.000001 0.000139
0.998361 0.000050 0.001589
0.999679 0.000029 0.000292
0.000000 0.421360 0.578640
0.000000 0.846782 0.153218
0.989200 0.001754 0.009046
0.997945 0.000098 0.001957
0.733100 0.067427 0.199473
0.999683 0.000012 0.000305
0.000000 0.934771 0.065229
0.995804 0.000232 0.003965
-0.000000 0.718216 0.281784
0.999562 0.000039 0.000399
0.921055 0.017079 0.061865
0.999758 0.000001 0.000241
0.999800 0.000001 0.000199
0.472094 0.231708 0.296198
0.999884 0.000001 0.000115
0.900522 0.014035 0.085442
0.000000 0.695417 0.304583
0.996005 0.000189 0.003806
0.914975 0.014911 0.070115
0.995493 0.000215 0.004292
0.000000 0.104535 0.895465
0.999888 0.000000 0.000112
0.971842 0.004227 0.023931
0.001233 0.615986 0.382781
0.925771 0.005158 0.069071
0.999317 0.000004 0.000679
0.014193 0.552312 0.433495
0.005903 0.290024 0.704073
0.999999 0.000000 0.000001
0.000000 0.673318 0.326682
0.999988 0.000000 0.000012
0.960143 0.005047 0.034810
0.490981 0.102111 0.406908
0.000000 0.240224 0.759776
0.000101 0.123433 0.876466
0.958948 0.013934 0.027118
0.999176 0.000014 0.000809
0.009338 0.258755 0.731906
0.980516 0.001474 0.018010
0.966442 0.004613 0.028945
0.001992 0.258105 0.739903
0.977925 0.004623 0.017452
0.989691 0.001572 0.008738
0.000328 0.704054 0.295618
0.000000 0.656698 0.343302
0.000001 0.819926 0.180073
0.267187 0.379984 0.352829
0.998175 0.000100 0.001725
0.000039 0.232706 0.767255
0.417379 0.227070 0.355551
0.000000 0.875082 0.124918
0.000003 0.838670 0.161327
0.995565 0.001606 0.002829
0.997624 0.000054 0.002322
0.992182 0.000272 0.007546
0.999943 0.000002 0.000056
0.000000 0.716007 0.283993
0.991225 0.001390 0.007385
0.964055 0.005320 0.030625
0.975584 0.007386 0.017030
0.999714 0.000010 0.000276
0.000000 0.692678 0.307322
0.163540 0.235211 0.601249
0.001912 0.190281 0.807807
0.999278 0.000039 0.000684
0.000437 0.559841 0.439722
0.000000 0.922347 0.077653
0.000000 0.825814 0.174186
0.977095 0.001669 0.021235
0.077629 0.274323 0.648048
0.994965 0.000132 0.004903
0.000000 0.644106 0.355894
0.999837 0.000006 0.000157
0.999629 0.000018 0.000352
0.000025 0.102521 0.897454
0.001738 0.469368 0.528894
0.999971 0.000001 0.000028
0.981137 0.004048 0.014814
0.999687 0.000010 0.000302
0.999929 0.000000 0.000071
0.997318 0.000159 0.002523
0.869316 0.055556 0.075128
0.993841 0.000117 0.006042
0.997071 0.000043 0.002886
0.000606 0.717453 0.281941
0.000000 0.302243 0.697757
0.970609 0.012426 0.016965
0.976318 0.001356 0.022326
0.996211 0.000129 0.003660
0.128607 0.372725 0.498668
0.997336 0.000086 0.002578
0.995733 0.000663 0.003604
0.000090 0.020016 0.979894
0.999928 0.000005 0.000066
0.999582 0.000007 0.000411
0.986249 0.000875 0.012876
0.000004 0.453418 0.546578
0.427836 0.110364 0.461799
0.000000 0.614372 0.385628
0.826724 0.058863 0.114414
0.999420 0.000001 0.000579
0.667875 0.100580 0.231545
0.999983 0.000000 0.000017
0.000015 0.539411 0.460574
0.002195 0.148381 0.849423
0.683975 0.072808 0.243217
0.000638 0.385676 0.613687
0.000000 0.112044 0.887956
0.000000 0.925199 0.074801
0.999812 0.000002 0.000186
0.971949 0.006698 0.021353
0.000370 0.700231 0.299399
0.000020 0.771166 0.228814
0.997464 0.000009 0.002527
0.999321 0.000020 0.000659
0.989587 0.001144 0.009269
