0.000792 0.005441 0.003299 0.001518 0.005849 0.000075 0.000000 0.983026
0.024178 0.366196 0.248300 0.199315 0.025638 0.027717 0.107456 0.001201
0.000687 0.007447 0.011468 0.562134 0.001286 0.000586 0.416154 0.000238
0.003642 0.040735 0.023135 0.775891 0.009829 0.000156 0.138292 0.008320
0.546408 0.069303 0.255042 0.064669 0.000721 0.000000 0.059466 0.004392
0.022731 0.011771 0.034108 0.032564 0.012863 0.845390 0.035804 0.004768
0.000114 0.081741 0.025956 0.051184 0.004970 0.000125 0.000000 0.835910
0.198986 0.438778 0.132090 0.092041 0.003672 0.054485 0.064758 0.015191
0.000326 0.178951 0.040541 0.029014 0.000379 0.736883 0.012094 0.001812
0.002456 0.674956 0.288542 0.003996 0.000644 0.009170 0.018539 0.001697
0.003039 0.004999 0.004338 0.006317 0.931447 0.000319 0.000405 0.049136
0.005032 0.599648 0.167183 0.183154 0.000384 0.001626 0.042891 0.000081
0.010950 0.016654 0.004323 0.004500 0.007248 0.953323 0.000535 0.002466
0.834750 0.037023 0.015822 0.005080 0.011278 0.029572 0.052208 0.014268
0.000789 0.013301 0.025108 0.863567 0.000464 0.005110 0.090793 0.000867
0.050712 0.032918 0.052779 0.492433 0.009472 0.029037 0.289581 0.043068
0.001392 0.801817 0.164761 0.023558 0.003047 0.003691 0.000325 0.001408
0.003881 0.600492 0.167056 0.183654 0.000370 0.001598 0.042872 0.000078
0.008753 0.007343 0.012431 0.520742 0.003596 0.001083 0.445387 0.000666
0.007490 0.112707 0.776185 0.003648 0.032863 0.003425 0.063681 0.000000
0.000417 0.032996 0.021221 0.873858 0.002221 0.010799 0.057357 0.001132
0.054550 0.008618 0.008245 0.224431 0.003368 0.000115 0.700650 0.000023
0.001277 0.009442 0.004777 0.549896 0.000250 0.000015 0.434340 0.000002
0.000898 0.054134 0.081981 0.337322 0.003286 0.428933 0.092227 0.001219
0.815228 0.020573 0.120787 0.010197 0.000895 0.000000 0.026872 0.005449
0.000088 0.728945 0.246115 0.005152 0.000119 0.002976 0.016292 0.000313
0.050318 0.056338 0.080690 0.681247 0.030549 0.000000 0.081004 0.019853
0.002965 0.230134 0.587382 0.154596 0.000000 0.005174 0.017710 0.002039
0.000472 0.022978 0.009128 0.638133 0.000488 0.000405 0.328131 0.000265
0.286772 0.116367 0.384711 0.117280 0.000554 0.000000 0.090946 0.003371
0.044536 0.023689 0.017826 0.298503 0.008596 0.003664 0.598514 0.004672
0.000854 0.382170 0.069881 0.109387 0.036330 0.398700 0.000000 0.002677
0.000151 0.769781 0.184452 0.015168 0.017916 0.007235 0.003284 0.002012
0.000070 0.729357 0.245792 0.005161 0.000115 0.002929 0.016275 0.000303
0.012115 0.034638 0.026595 0.809203 0.010844 0.030837 0.070246 0.005522
0.000579 0.095373 0.118181 0.290311 0.102935 0.015685 0.237207 0.139731
0.000380 0.629404 0.325158 0.012820 0.000182 0.000022 0.031914 0.000122
0.001480 0.122809 0.029822 0.019034 0.000581 0.814688 0.008813 0.002774
0.010867 0.014756 0.027192 0.030118 0.595763 0.011259 0.022723 0.287322
0.006961 0.572281 0.369228 0.001797 0.001644 0.020950 0.022811 0.004329
0.003460 0.026508 0.011434 0.001914 0.000926 0.948149 0.003185 0.004424
0.002053 0.356112 0.066249 0.100843 0.044248 0.427235 0.000000 0.003259
0.003460 0.026536 0.011440 0.001919 0.000926 0.948110 0.003187 0.004423
0.018895 0.016546 0.023429 0.032276 0.319688 0.004579 0.000078 0.584508
0.003039 0.004999 0.004338 0.006317 0.931447 0.000319 0.000405 0.049136
0.002345 0.080745 0.021790 0.011556 0.000732 0.872983 0.006355 0.003494
0.821328 0.019467 0.117740 0.008961 0.000899 0.000000 0.026132 0.005473
0.003232 0.023023 0.009672 0.616861 0.000996 0.000609 0.345066 0.000541
0.001869 0.481322 0.379430 0.022561 0.000000 0.001881 0.111577 0.001359
0.000173 0.864120 0.095606 0.015395 0.000455 0.000036 0.023950 0.000263
0.000867 0.025376 0.012217 0.924387 0.002228 0.003213 0.031387 0.000325
0.028424 0.463619 0.457752 0.004195 0.002360 0.000143 0.041929 0.001579
0.052346 0.008652 0.008102 0.237896 0.003239 0.000111 0.689632 0.000022
0.009079 0.025030 0.033090 0.016743 0.735854 0.000000 0.006591 0.173614
0.003460 0.026508 0.011434 0.001914 0.000926 0.948149 0.003185 0.004424
0.000784 0.006324 0.003561 0.002093 0.005839 0.000075 -0.000000 0.981323
0.001286 0.419314 0.174254 0.115814 0.001074 0.034624 0.251072 0.002562
0.907950 0.029726 0.001416 0.008961 0.034479 0.000408 0.000700 0.016360
0.001197 0.025422 0.012296 0.923407 0.002411 0.003346 0.031569 0.000351
0.030925 0.007057 0.015078 0.406971 0.009944 0.002450 0.525736 0.001841
0.054552 0.008618 0.008245 0.224421 0.003368 0.000115 0.700658 0.000023
0.028178 0.465074 0.456588 0.004271 0.002341 0.000142 0.041841 0.001566
0.000098 0.771755 0.184134 0.015247 0.016629 0.006988 0.003280 0.001868
0.001102 0.567922 0.365913 0.024592 0.024983 0.007848 0.005420 0.002221
0.855149 0.022897 0.044433 0.007131 0.000668 0.036693 0.024738 0.008291
0.834762 0.037017 0.015821 0.005078 0.011278 0.029572 0.052204 0.014268
0.002687 0.100164 0.075146 0.436450 0.134961 0.003429 0.000269 0.246896
0.080744 0.109167 0.145164 0.047240 0.012626 0.183745 0.411962 0.009352
0.016745 0.028208 0.029451 0.054795 0.866497 0.000004 0.004177 0.000123
0.000140 0.670822 0.280084 0.017678 0.001130 0.009905 0.013189 0.007051
0.855126 0.022904 0.044440 0.007136 0.000668 0.036694 0.024742 0.008291
0.075216 0.154716 0.490367 0.160148 0.000417 0.000000 0.116596 0.002539
0.059450 0.045786 0.047111 0.401387 0.097752 0.001067 0.264732 0.082714
0.000049 0.462511 0.339787 0.118522 0.000000 0.001412 0.076130 0.001590
0.090268 0.420223 0.163855 0.159808 0.033316 0.000420 0.112087 0.020024
0.016005 0.097740 0.817380 0.002599 0.011558 0.003752 0.043168 0.007797
0.000386 0.463419 0.459110 0.024077 0.008202 0.031855 0.010943 0.002008
0.000512 0.805140 0.163276 0.023848 0.002451 0.003317 0.000322 0.001133
0.000720 0.005130 0.015899 0.938328 0.000423 0.000128 0.038851 0.000521
0.000211 0.726140 0.248319 0.005092 0.000146 0.003298 0.016409 0.000385
0.000597 0.861291 0.097563 0.015122 0.000648 0.000043 0.024361 0.000375
0.873741 0.063849 0.016458 0.009819 0.018898 0.002305 0.000000 0.014930
0.399658 0.182487 0.152929 0.085072 0.069475 0.042716 0.064411 0.003252
0.000720 0.007446 0.011472 0.561961 0.001296 0.000588 0.416276 0.000240
0.018839 0.573872 0.156016 0.128801 0.001611 0.036654 0.077540 0.006667
0.000562 0.804951 0.163361 0.023831 0.002485 0.003339 0.000323 0.001149
0.000428 0.063633 0.028925 0.180877 0.686547 0.000457 0.002891 0.036242
0.054552 0.008618 0.008245 0.224420 0.003368 0.000115 0.700659 0.000023
0.017721 0.007227 0.013502 0.474725 0.006163 0.001636 0.477885 0.001141
0.000666 0.033031 0.021335 0.872480 0.002405 0.011226 0.057632 0.001225
0.000792 0.005428 0.003295 0.001510 0.005849 0.000075 -0.000000 0.983051
0.069470 0.279479 0.510006 0.123427 0.010405 0.001051 0.003005 0.003157
0.000634 0.386954 0.070547 0.110955 0.034877 0.393463 0.000000 0.002570
0.000553 0.009453 0.004730 0.554323 0.000207 0.000014 0.430718 0.000001
0.907950 0.029726 0.001416 0.008961 0.034479 0.000408 0.000700 0.016360
0.001049 0.135130 0.090798 0.395845 0.363570 0.000003 0.013554 0.000052
0.003039 0.004999 0.004338 0.006317 0.931447 0.000319 0.000405 0.049136
0.000140 0.670836 0.280079 0.017679 0.001130 0.009902 0.013189 0.007046
0.000095 0.771847 0.184120 0.015251 0.016569 0.006976 0.003280 0.001861
0.004882 0.025929 0.013175 0.912478 0.004454 0.004834 0.033599 0.000649
0.009632 0.368760 0.428658 0.007360 0.137313 0.030102 0.005972 0.012203
0.000000 0.213404 0.096966 0.079754 0.001379 0.443215 0.162741 0.002540
0.000762 0.008865 0.004316 0.003747 0.005810 0.000077 0.000000 0.976424
0.003017 0.005471 0.004536 0.007724 0.929474 0.000320 0.000425 0.049032
0.053334 0.158683 0.501296 0.164582 0.000403 0.000000 0.119250 0.002453
0.003059 0.479447 0.379987 0.022400 0.000000 0.001962 0.111657 0.001489
0.010950 0.016654 0.004323 0.004500 0.007248 0.953323 0.000535 0.002466
0.014366 0.769302 0.161169 0.006229 0.006930 0.000282 0.037708 0.004014
0.000390 0.151841 0.788601 0.004007 0.000102 0.000766 0.053493 0.000800
0.000697 0.005129 0.015891 0.938384 0.000420 0.000127 0.038833 0.000518
0.067190 0.006589 0.019407 0.220877 0.020327 0.004685 0.657162 0.003762
0.841952 0.028178 0.098183 0.005558 0.018901 0.000959 0.000540 0.005730
0.001330 0.013347 0.025467 0.860739 0.000548 0.005590 0.091956 0.001024
0.000606 0.025340 0.012155 0.925161 0.002083 0.003108 0.031243 0.000304
0.044587 0.008772 0.007597 0.285300 0.002785 0.000096 0.650845 0.000019
0.018895 0.016546 0.023429 0.032276 0.319688 0.004579 0.000078 0.584508
0.000552 0.804988 0.163344 0.023835 0.002479 0.003334 0.000322 0.001146
0.032841 0.007032 0.015307 0.397135 0.010492 0.002568 0.532682 0.001942
0.000713 0.007446 0.011471 0.561999 0.001293 0.000588 0.416249 0.000240
0.000670 0.034897 0.012852 0.503879 0.001708 0.001858 0.444031 0.000105
0.000162 0.864196 0.095554 0.015403 0.000449 0.000036 0.023939 0.000260
0.003038 0.005005 0.004340 0.006335 0.931422 0.000319 0.000405 0.049135
0.001415 0.009440 0.004786 0.549055 0.000258 0.000016 0.435028 0.000002
0.053869 0.563857 0.172550 0.161963 0.001001 0.002831 0.043717 0.000212
0.000792 0.005435 0.003297 0.001515 0.005849 0.000075 0.000000 0.983037
0.016012 0.097705 0.817403 0.002595 0.011563 0.003754 0.043168 0.007801
0.000000 0.044187 0.038434 0.007329 0.005185 0.835139 0.060185 0.009541
0.048678 0.008709 0.007863 0.260303 0.003024 0.000104 0.671298 0.000021
0.000494 0.805209 0.163245 0.023854 0.002439 0.003309 0.000322 0.001127
0.004417 0.006781 0.019626 0.015079 0.850637 0.006019 0.001049 0.096392
0.000074 0.729249 0.245876 0.005158 0.000116 0.002941 0.016280 0.000306
0.194332 0.226298 0.232559 0.157471 0.000457 0.044697 0.138507 0.005679
0.000372 0.033556 0.025206 0.911983 0.001077 0.000000 0.027106 0.000700
0.834762 0.037017 0.015821 0.005078 0.011278 0.029572 0.052204 0.014268
0.907767 0.029831 0.001419 0.009035 0.034478 0.000408 0.000701 0.016360
0.022731 0.011771 0.034109 0.032566 0.012863 0.845388 0.035804 0.004768
0.000129 0.864415 0.095403 0.015424 0.000434 0.000035 0.023908 0.000252
0.014570 0.767938 0.162112 0.006097 0.007023 0.000286 0.037906 0.004068
0.000302 0.024590 0.020594 0.828872 0.000389 0.002381 0.121103 0.001770
0.059242 0.029198 0.020559 0.187258 0.025348 0.013992 0.662846 0.001557
0.013467 0.050542 0.042265 0.126033 0.761446 0.000004 0.006135 0.000108
0.001686 0.004404 0.015587 0.911681 0.002257 0.001235 0.061956 0.001195
0.000299 0.024590 0.020592 0.828892 0.000388 0.002380 0.121093 0.001767
0.000527 0.025329 0.012136 0.925396 0.002039 0.003076 0.031200 0.000297
0.067192 0.006589 0.019407 0.220867 0.020328 0.004685 0.657169 0.003762
0.842336 0.028053 0.097978 0.005499 0.018905 0.000959 0.000539 0.005731
0.855149 0.022897 0.044433 0.007131 0.000668 0.036693 0.024738 0.008291
0.000509 0.009454 0.004727 0.554594 0.000205 0.000014 0.430497 0.000001
0.003039 0.004999 0.004338 0.006317 0.931447 0.000319 0.000405 0.049136
0.000787 0.006018 0.003470 0.001894 0.005843 0.000075 0.000000 0.981913
0.000191 0.185492 0.041790 0.030177 0.000356 0.727818 0.012476 0.001700
0.000074 0.729254 0.245872 0.005158 0.000116 0.002940 0.016279 0.000305
0.000996 0.050874 0.023575 0.142892 0.739839 0.000427 0.002350 0.039048
0.000230 0.175637 0.767523 0.010513 0.001142 0.000741 0.043443 0.000771
0.001866 0.450348 0.459381 0.022976 0.012403 0.039084 0.010906 0.003036
0.001344 0.371533 0.068398 0.105900 0.039562 0.410348 0.000000 0.002915
0.000597 0.007448 0.011458 0.562593 0.001260 0.000581 0.415830 0.000233
0.000792 0.005428 0.003295 0.001510 0.005849 0.000075 0.000000 0.983051
0.000096 0.083659 0.026526 0.052433 0.004948 0.000126 0.000000 0.832210
0.012169 0.000681 0.031830 0.015361 0.071274 0.000000 0.023567 0.845119
0.000847 0.711635 0.259718 0.004781 0.000287 0.004962 0.017012 0.000757
0.008503 0.034135 0.013883 0.461533 0.004870 0.003481 0.473296 0.000299
0.059397 0.348964 0.239355 0.188599 0.029750 0.029124 0.103418 0.001393
0.003460 0.026508 0.011434 0.001914 0.000926 0.948149 0.003185 0.004424
0.035160 0.045606 0.048023 0.075766 0.386111 0.007798 0.260799 0.140737
0.000614 0.007448 0.011460 0.562505 0.001265 0.000582 0.415892 0.000234
0.000598 0.007448 0.011458 0.562590 0.001260 0.000581 0.415832 0.000233
0.844757 0.039048 0.056628 0.007791 0.006619 0.021216 0.005259 0.018682
0.009253 0.021803 0.030992 0.012322 0.743966 0.000000 0.006136 0.175527
0.098470 0.058650 0.069172 0.505378 0.024840 0.049021 0.182071 0.012398
0.001044 0.034860 0.012901 0.501856 0.001859 0.001936 0.445429 0.000114
0.076733 0.055318 0.059783 0.581350 0.019549 0.039024 0.158485 0.009757
0.005604 0.109506 0.137656 0.011735 0.039417 0.675094 0.016850 0.004137
0.907863 0.029776 0.001417 0.008996 0.034478 0.000408 0.000700 0.016360
0.000787 0.022983 0.009190 0.635702 0.000546 0.000428 0.330066 0.000297
0.000267 0.014912 0.113982 0.295770 0.235023 0.023103 0.275600 0.041343
0.006239 0.551831 0.322357 0.011011 0.007886 0.036948 0.014572 0.049155
0.000357 0.022976 0.009105 0.639020 0.000467 0.000396 0.327425 0.000254
0.050712 0.032918 0.052779 0.492433 0.009472 0.029037 0.289581 0.043068
0.000173 0.136367 0.099074 0.333841 0.020123 0.008933 0.012491 0.388999
0.018659 0.017763 0.024182 0.038158 0.317000 0.004562 0.000081 0.579594
0.000134 0.864382 0.095425 0.015421 0.000437 0.000035 0.023912 0.000253
0.011507 0.449045 0.358874 0.005252 0.013721 0.060307 0.015767 0.085526
0.671961 0.166193 0.004610 0.105016 0.033438 0.000505 0.002406 0.015870
0.000245 0.201690 0.117350 0.153094 0.001733 0.386467 0.138126 0.001295
0.210839 0.429889 0.130516 0.089623 0.003807 0.055658 0.063917 0.015751
0.000654 0.007447 0.011464 0.562301 0.001277 0.000584 0.416036 0.000236
0.000370 0.761696 0.185754 0.014846 0.023186 0.008245 0.003299 0.002604
0.855149 0.022897 0.044433 0.007131 0.000668 0.036693 0.024738 0.008291
0.007479 0.499350 0.227982 0.004380 0.194193 0.041029 0.003789 0.021797
0.000185 0.062689 0.021308 0.855144 0.000971 0.005395 0.054260 0.000047
0.136680 0.350021 0.078812 0.107628 0.006810 0.033039 0.278391 0.008620
0.000751 0.010022 0.004659 0.004500 0.005796 0.000078 0.000000 0.974193
0.000792 0.005428 0.003295 0.001510 0.005849 0.000075 0.000000 0.983051
0.000420 0.013270 0.024862 0.865496 0.000407 0.004783 0.090000 0.000761
0.000345 0.022976 0.009103 0.639108 0.000465 0.000396 0.327355 0.000253
0.000832 0.007445 0.011486 0.561386 0.001328 0.000595 0.416682 0.000246
0.000631 0.024644 0.020804 0.826675 0.000448 0.002555 0.122203 0.002039
0.067575 0.381006 0.085047 0.117780 0.006367 0.033382 0.300782 0.008061
0.000599 0.099813 0.028696 0.787187 0.003841 0.016096 0.062143 0.001624
0.001223 0.033944 0.026152 0.908050 0.001579 0.000000 0.028024 0.001027
0.000792 0.005428 0.003295 0.001510 0.005849 0.000075 0.000000 0.983051
0.000976 0.171952 0.769881 0.010138 0.001635 0.000883 0.043430 0.001104
0.834762 0.037017 0.015821 0.005078 0.011278 0.029572 0.052204 0.014268
0.005394 0.067382 0.027331 0.811068 0.004836 0.015739 0.068016 0.000234
0.003039 0.004999 0.004338 0.006317 0.931447 0.000319 0.000405 0.049136
0.050712 0.032918 0.052779 0.492433 0.009472 0.029037 0.289581 0.043068
0.000432 0.099785 0.028608 0.788312 0.003647 0.015699 0.061975 0.001542
0.873741 0.063849 0.016458 0.009819 0.018898 0.002305 0.000000 0.014930
0.001913 0.015626 0.011210 0.006585 0.002166 0.917754 0.005022 0.039724
0.000411 0.629219 0.325306 0.012810 0.000184 0.000022 0.031925 0.000123
0.834762 0.037017 0.015821 0.005078 0.011278 0.029572 0.052204 0.014268
0.821328 0.019467 0.117740 0.008961 0.000899 0.000000 0.026132 0.005473
0.002942 0.007175 0.005250 0.012796 0.922358 0.000324 0.000497 0.048658
0.001336 0.022992 0.009298 0.631471 0.000647 0.000469 0.333435 0.000352
0.000805 0.626890 0.327168 0.012689 0.000215 0.000023 0.032066 0.000144
0.821328 0.019467 0.117740 0.008961 0.000899 0.000000 0.026132 0.005473
0.010823 0.481247 0.304149 0.166068 0.019195 0.001900 0.013077 0.003541
0.003458 0.026631 0.011458 0.001936 0.000926 0.947979 0.003192 0.004421
0.572569 0.158623 0.082475 0.015810 0.007946 0.091460 0.038250 0.032867
0.054363 0.158496 0.500782 0.164373 0.000403 0.000000 0.119125 0.002457
0.005150 0.030844 0.036103 0.024492 0.238933 0.004337 0.014923 0.645219
0.000869 0.859475 0.098818 0.014946 0.000772 0.000048 0.024624 0.000447
0.000777 0.007087 0.003788 0.002589 0.005830 0.000076 0.000000 0.979852
0.678232 0.044449 0.120925 0.016801 0.064712 0.050265 0.004229 0.020386
0.000691 0.161184 0.037149 0.025856 0.000443 0.761505 0.011056 0.002116
0.309318 0.376645 0.200622 0.051119 0.004228 0.009136 0.048037 0.000895
0.494680 0.141151 0.283319 0.058546 0.015082 0.001001 0.001648 0.004573
0.000708 0.004379 0.015267 0.915044 0.001770 0.001086 0.060810 0.000937
0.000242 0.033496 0.025061 0.912586 0.001000 0.000000 0.026965 0.000650
0.000195 0.669768 0.280459 0.017619 0.001190 0.010145 0.013201 0.007424
0.002139 0.480897 0.379556 0.022525 0.000000 0.001899 0.111595 0.001389
0.000146 0.247371 0.256070 0.235413 0.001472 0.000011 0.254133 0.005383
0.018153 0.018617 0.023948 0.024202 0.911611 0.000004 0.003335 0.000129
0.023501 0.217456 0.379991 0.055212 0.106611 0.109680 0.107509 0.000040
0.000234 0.175614 0.767537 0.010511 0.001145 0.000742 0.043443 0.000773
0.000383 0.022977 0.009110 0.638815 0.000472 0.000398 0.327589 0.000257
0.034061 0.093203 0.060472 0.568528 0.026102 0.072659 0.143710 0.001265
0.005107 0.004491 0.016708 0.899918 0.003960 0.001757 0.065964 0.002096
0.010915 0.017015 0.004365 0.004739 0.007234 0.952729 0.000541 0.002462
0.008249 0.044726 0.007589 0.023070 0.006124 0.907180 0.000979 0.002084
0.001913 0.015622 0.011209 0.006580 0.002166 0.917763 0.005021 0.039725
0.855120 0.022906 0.044441 0.007138 0.000668 0.036694 0.024743 0.008291
0.000792 0.005428 0.003295 0.001510 0.005849 0.000075 -0.000000 0.983051
0.000310 0.179731 0.040690 0.029153 0.000376 0.735802 0.012140 0.001799
0.001031 0.040499 0.022013 0.793411 0.005716 0.000114 0.132377 0.004839
0.000454 0.005120 0.015803 0.938989 0.000391 0.000123 0.038638 0.000482
0.000792 0.005428 0.003295 0.001510 0.005849 0.000075 0.000000 0.983051
0.000921 0.009448 0.004754 0.552074 0.000229 0.000015 0.432558 0.000002
0.855149 0.022897 0.044433 0.007131 0.000668 0.036693 0.024738 0.008291
0.003039 0.004999 0.004338 0.006317 0.931447 0.000319 0.000405 0.049136
0.011553 0.054425 0.046857 0.215369 0.236006 0.004058 0.000165 0.431568
0.004417 0.006781 0.019626 0.015079 0.850637 0.006019 0.001049 0.096392
0.000311 0.575573 0.407371 0.012878 0.000741 0.002660 0.000252 0.000213
0.000186 0.062691 0.021309 0.855134 0.000972 0.005398 0.054264 0.000047
0.225506 0.310193 0.070797 0.094580 0.007378 0.032598 0.249610 0.009339
0.907950 0.029726 0.001416 0.008961 0.034479 0.000408 0.000700 0.016360
0.000655 0.804600 0.163518 0.023801 0.002548 0.003378 0.000323 0.001178
0.000624 0.049893 0.047601 0.851141 0.001435 0.002227 0.045845 0.001234
0.032084 0.026514 0.013188 0.046040 0.584892 0.000000 0.209797 0.087484
0.000792 0.005428 0.003295 0.001510 0.005849 0.000075 0.000000 0.983051
0.001280 0.007439 0.011539 0.559088 0.001456 0.000623 0.418305 0.000270
0.000135 0.864377 0.095429 0.015420 0.000437 0.000035 0.023913 0.000253
0.140629 0.348250 0.078455 0.107048 0.006835 0.033019 0.277112 0.008652
0.016075 0.597819 0.074351 0.268210 0.028120 0.015238 0.000000 0.000188
0.001873 0.481317 0.379432 0.022561 0.000000 0.001881 0.111578 0.001360
0.078922 0.261822 0.265415 0.183727 0.000420 0.046094 0.158377 0.005223
0.000000 0.044187 0.038434 0.007329 0.005185 0.835138 0.060185 0.009541
0.050538 0.032889 0.052668 0.493595 0.009441 0.028945 0.288999 0.042926
0.018895 0.016546 0.023429 0.032276 0.319688 0.004579 0.000078 0.584508
0.259236 0.206321 0.214082 0.142705 0.000478 0.043911 0.127333 0.005935
0.009632 0.368761 0.428658 0.007360 0.137313 0.030102 0.005972 0.012203
0.000431 0.721129 0.252257 0.004984 0.000195 0.003873 0.016617 0.000514
0.000454 0.005120 0.015803 0.938989 0.000391 0.000123 0.038638 0.000482
0.000346 0.022976 0.009103 0.639103 0.000465 0.000396 0.327359 0.000253
0.184733 0.447947 0.011203 0.303335 0.031290 0.000706 0.005928 0.014857
0.850806 0.024234 0.045669 0.008119 0.000666 0.036746 0.025486 0.008274
0.005877 0.084416 0.071696 0.098094 0.586559 0.000000 0.014947 0.138412
0.003198 0.009412 0.004902 0.538164 0.000362 0.000019 0.443940 0.000003
0.000792 0.005437 0.003298 0.001516 0.005849 0.000075 0.000000 0.983033
0.067192 0.006589 0.019407 0.220867 0.020328 0.004685 0.657169 0.003762
0.819224 0.019849 0.118791 0.009387 0.000898 0.000000 0.026387 0.005464
0.000205 0.767796 0.184772 0.015089 0.019210 0.007483 0.003288 0.002158
0.002034 0.633887 0.293206 0.015609 0.003227 0.018299 0.013618 0.020120
0.000205 0.134829 0.098102 0.329777 0.020451 0.008949 0.012366 0.395323
0.001243 0.022990 0.009280 0.632188 0.000630 0.000462 0.332864 0.000342
0.000384 0.022977 0.009110 0.638811 0.000472 0.000398 0.327591 0.000257
0.001038 0.457663 0.459229 0.023592 0.010052 0.035038 0.010927 0.002461
0.000842 0.005887 0.143785 0.299333 0.033892 0.000000 0.114099 0.402161
0.308396 0.377320 0.200521 0.051519 0.004216 0.009114 0.048021 0.000893
0.781671 0.126879 0.024047 0.033067 0.017884 0.002321 0.000000 0.014130
0.000276 0.724653 0.249488 0.005060 0.000161 0.003468 0.016471 0.000423
0.018153 0.018617 0.023948 0.024202 0.911611 0.000004 0.003335 0.000129
0.855149 0.022897 0.044433 0.007131 0.000668 0.036693 0.024738 0.008291
0.004003 0.025808 0.012965 0.915082 0.003968 0.004480 0.033115 0.000578
0.000582 0.572338 0.410055 0.012709 0.000889 0.002919 0.000253 0.000255
0.309318 0.376645 0.200622 0.051119 0.004228 0.009136 0.048037 0.000895
0.002317 0.007426 0.011663 0.553770 0.001753 0.000687 0.422061 0.000325
0.010950 0.016657 0.004324 0.004502 0.007248 0.953318 0.000535 0.002466
0.834762 0.037017 0.015821 0.005078 0.011278 0.029572 0.052204 0.014268
0.000000 0.069054 0.047035 0.017972 0.004626 0.777545 0.075255 0.008512
0.855149 0.022897 0.044433 0.007131 0.000668 0.036693 0.024738 0.008291
0.012406 0.172022 0.340846 0.072660 0.018555 0.000071 0.315619 0.067821
0.000124 0.590758 0.358718 0.026567 0.012103 0.005296 0.005357 0.001076
0.003326 0.100278 0.030144 0.768824 0.007014 0.022570 0.064880 0.002964
0.000476 0.663404 0.303910 0.009952 0.000830 0.000000 0.020379 0.001049
0.000792 0.005428 0.003295 0.001510 0.005849 0.000075 0.000000 0.983051
0.000674 0.007447 0.011467 0.562198 0.001282 0.000585 0.416109 0.000238
0.000517 0.022979 0.009136 0.637787 0.000496 0.000408 0.328407 0.000270
0.000459 0.004372 0.015186 0.915899 0.001646 0.001048 0.060518 0.000872
0.000071 0.729339 0.245805 0.005160 0.000115 0.002931 0.016276 0.000303
0.000863 0.381968 0.069853 0.109321 0.036392 0.398922 0.000000 0.002681
0.000070 0.729341 0.245804 0.005160 0.000115 0.002930 0.016276 0.000303
0.001912 0.015660 0.011221 0.006619 0.002165 0.917680 0.005027 0.039716
0.742288 0.033795 0.157215 0.024977 0.000848 0.000000 0.035716 0.005162
0.053360 0.158678 0.501283 0.164577 0.000403 0.000000 0.119246 0.002453
0.834761 0.037018 0.015821 0.005078 0.011278 0.029572 0.052204 0.014268
0.003460 0.026509 0.011434 0.001914 0.000926 0.948148 0.003185 0.004424
0.000470 0.062681 0.028526 0.178043 0.690523 0.000455 0.002851 0.036451
0.059232 0.029199 0.020557 0.187308 0.025345 0.013990 0.662811 0.001557
0.001616 0.036942 0.017733 0.101416 0.798028 0.000394 0.001759 0.042111
0.221216 0.218023 0.224906 0.151355 0.000466 0.044371 0.133879 0.005785
0.012835 0.779535 0.154093 0.007218 0.006231 0.000255 0.036224 0.003609
0.855149 0.022897 0.044433 0.007131 0.000668 0.036693 0.024738 0.008291
0.008699 0.013970 0.030366 0.822198 0.001692 0.012120 0.107797 0.003159
0.000092 0.771971 0.184100 0.015256 0.016489 0.006961 0.003280 0.001852
0.000781 0.006720 0.003679 0.002351 0.005835 0.000076 0.000000 0.980560
0.000135 0.727873 0.246958 0.005129 0.000129 0.003099 0.016337 0.000341
0.313252 0.270850 0.062879 0.081689 0.007940 0.032162 0.221180 0.010049
0.873741 0.063849 0.016458 0.009819 0.018898 0.002305 0.000000 0.014930
0.003039 0.004999 0.004338 0.006317 0.931447 0.000319 0.000405 0.049136
0.047814 0.626580 0.243085 0.008247 0.034473 0.023432 0.000448 0.015923
0.855149 0.022897 0.044433 0.007131 0.000668 0.036693 0.024738 0.008291
0.096869 0.008594 0.050781 0.699339 0.011962 0.001879 0.115843 0.014732
0.000686 0.034895 0.012854 0.503791 0.001714 0.001861 0.444092 0.000105
0.000430 0.099784 0.028606 0.788329 0.003644 0.015693 0.061973 0.001541
0.003063 0.045810 0.015120 0.005345 0.000857 0.921399 0.004313 0.004093
0.063156 0.436875 0.168675 0.167171 0.030090 0.000404 0.115542 0.018086
0.037967 0.174163 0.073821 0.029721 0.032093 0.524852 0.077248 0.050137
0.001718 0.033178 0.021819 0.866667 0.003180 0.013027 0.058791 0.001620
0.000346 0.022976 0.009103 0.639105 0.000465 0.000396 0.327357 0.000253
0.000785 0.006185 0.003520 0.002002 0.005841 0.000075 -0.000000 0.981591
0.001388 0.013352 0.025506 0.860432 0.000557 0.005642 0.092082 0.001041
0.000685 0.005129 0.015887 0.938413 0.000419 0.000127 0.038824 0.000516
0.008066 0.439895 0.471289 0.052092 0.000365 0.000150 0.027469 0.000673
0.002670 0.034702 0.013115 0.493065 0.002515 0.002272 0.451505 0.000155
0.000238 0.033494 0.025057 0.912602 0.000998 0.000000 0.026961 0.000649
0.025444 0.420248 0.476777 0.047927 0.000640 0.000208 0.027576 0.001180
0.309318 0.376645 0.200622 0.051119 0.004228 0.009136 0.048037 0.000895
0.000512 0.004374 0.015203 0.915718 0.001672 0.001056 0.060580 0.000886
0.003890 0.033483 0.022817 0.854659 0.004782 0.016749 0.061184 0.002436
0.003025 0.005305 0.004466 0.007229 0.930167 0.000320 0.000418 0.049069
0.866315 0.025085 0.086069 0.012885 0.000768 0.002753 0.000779 0.005347
0.907907 0.029750 0.001417 0.008978 0.034479 0.000408 0.000700 0.016360
0.000570 0.009453 0.004731 0.554221 0.000208 0.000014 0.430802 0.000001
0.000070 0.729355 0.245792 0.005161 0.000115 0.002929 0.016275 0.000303
0.000376 0.463512 0.459108 0.024085 0.008172 0.031804 0.010944 0.002001
0.000358 0.862886 0.096460 0.015276 0.000539 0.000039 0.024129 0.000312
0.000077 0.729183 0.245928 0.005157 0.000117 0.002949 0.016282 0.000307
0.094614 0.116747 0.362757 0.019976 0.000000 0.003626 0.392545 0.009734
0.000151 0.864267 0.095505 0.015410 0.000445 0.000036 0.023929 0.000258
0.107615 0.325373 0.227107 0.173929 0.035379 0.031050 0.097891 0.001656
0.282692 0.210114 0.396334 0.090892 0.012750 0.001026 0.002324 0.003867
0.000471 0.009455 0.004725 0.554825 0.000203 0.000014 0.430307 0.000001
0.000402 0.094516 0.036294 0.088363 0.001054 0.742667 0.017368 0.019336
0.400696 0.146590 0.279951 0.162891 0.000551 0.002794 0.002691 0.003837
0.000172 0.864127 0.095602 0.015396 0.000454 0.000036 0.023949 0.000263
0.000483 0.805248 0.163228 0.023857 0.002432 0.003305 0.000322 0.001124
0.009192 0.051332 0.053903 0.822067 0.004260 0.004334 0.051249 0.003663
0.000356 0.351437 0.325588 0.193932 0.009924 0.020153 0.098608 0.000004
0.000132 0.864398 0.095414 0.015422 0.000436 0.000035 0.023910 0.000253
0.000177 0.670102 0.280340 0.017638 0.001171 0.010069 0.013197 0.007305
0.000575 0.033018 0.021294 0.872981 0.002338 0.011070 0.057532 0.001191
0.003460 0.026508 0.011434 0.001914 0.000926 0.948149 0.003185 0.004424
0.018895 0.016546 0.023429 0.032276 0.319688 0.004579 0.000078 0.584508
0.000413 0.013269 0.024858 0.865535 0.000406 0.004777 0.089984 0.000758
0.004236 0.009361 0.023112 0.028847 0.832787 0.006033 0.001252 0.094371
0.011506 0.449067 0.358865 0.005254 0.013720 0.060302 0.015767 0.085518
0.841994 0.028164 0.098161 0.005551 0.018901 0.000959 0.000540 0.005730
0.001912 0.015661 0.011221 0.006621 0.002165 0.917676 0.005027 0.039715
0.000423 0.032997 0.021224 0.873821 0.002226 0.010810 0.057364 0.001134
0.000751 0.022983 0.009183 0.635984 0.000539 0.000426 0.329842 0.000293
0.000365 0.013265 0.024826 0.865786 0.000398 0.004734 0.089881 0.000745
0.005150 0.030847 0.036105 0.024497 0.238930 0.004337 0.014923 0.645212
0.334682 0.163817 0.307439 0.184159 0.000520 0.002799 0.002962 0.003623
0.000595 0.034904 0.012842 0.504283 0.001678 0.001843 0.443752 0.000103
0.000161 0.577370 0.405881 0.012972 0.000659 0.002516 0.000251 0.000189
0.000184 0.062689 0.021307 0.855148 0.000971 0.005394 0.054259 0.000047
0.003457 0.026658 0.011463 0.001940 0.000926 0.947941 0.003194 0.004421
0.000992 0.024704 0.021034 0.824270 0.000513 0.002746 0.123407 0.002334
0.103249 0.591328 0.079969 0.204368 0.010416 0.002435 0.000000 0.008235
0.000485 0.805243 0.163230 0.023857 0.002433 0.003306 0.000322 0.001124
0.000302 0.033523 0.025128 0.912309 0.001035 0.000000 0.027030 0.000673
0.000792 0.005428 0.003295 0.001510 0.005849 0.000075 0.000000 0.983051
0.000163 0.769352 0.184521 0.015151 0.018196 0.007288 0.003285 0.002044
0.000491 0.573422 0.409156 0.012766 0.000840 0.002832 0.000253 0.000241
0.000610 0.009453 0.004734 0.553975 0.000211 0.000014 0.431003 0.000001
0.012302 0.480204 0.303796 0.165607 0.019517 0.001913 0.013060 0.003600
0.851952 0.023881 0.045343 0.007858 0.000667 0.036732 0.025289 0.008278
0.000643 0.123767 0.016782 0.075356 0.002957 0.777262 0.002227 0.001007
0.564015 0.172546 0.041074 0.034360 0.147040 0.039983 0.000000 0.000983
0.000304 0.629853 0.324798 0.012843 0.000176 0.000021 0.031887 0.000118
0.045306 0.023701 0.017978 0.292565 0.008738 0.003721 0.603241 0.004749
0.003037 0.044024 0.027949 0.838919 0.001613 0.005133 0.078520 0.000805
0.000826 0.054274 0.082140 0.338331 0.003254 0.427554 0.092414 0.001207
0.018895 0.016546 0.023429 0.032276 0.319688 0.004579 0.000078 0.584508
0.830458 0.038947 0.016209 0.005710 0.011250 0.029594 0.053599 0.014233
0.002304 0.005187 0.016474 0.934391 0.000613 0.000156 0.040119 0.000755
0.000533 0.009454 0.004729 0.554446 0.000206 0.000014 0.430617 0.000001
0.002061 0.651990 0.312349 0.009506 0.001448 0.000000 0.020817 0.001829
0.003137 0.228988 0.276752 0.195708 0.005639 0.000026 0.269133 0.020616
0.122578 0.515158 0.067883 0.222757 0.051235 0.020047 0.000000 0.000342
0.167259 0.138031 0.444399 0.141497 0.000476 0.000000 0.105436 0.002901
0.369095 0.245811 0.057840 0.073486 0.008297 0.031885 0.203086 0.010501
0.821206 0.019490 0.117801 0.008985 0.000899 0.000000 0.026147 0.005472
0.000451 0.024615 0.020689 0.827880 0.000416 0.002460 0.121600 0.001891
0.424894 0.091329 0.315729 0.089291 0.000643 0.000000 0.074199 0.003914
0.010942 0.016736 0.004333 0.004554 0.007245 0.953188 0.000537 0.002465
0.016012 0.097705 0.817403 0.002595 0.011563 0.003754 0.043168 0.007801
0.002469 0.024948 0.021977 0.814410 0.000779 0.003527 0.128345 0.003545
0.000345 0.022976 0.009103 0.639109 0.000465 0.000396 0.327355 0.000253
0.023967 0.023357 0.013766 0.457043 0.004811 0.002143 0.472299 0.002615
0.000605 0.007448 0.011459 0.562551 0.001263 0.000581 0.415860 0.000234
0.821328 0.019467 0.117740 0.008961 0.000899 0.000000 0.026132 0.005473
0.000303 0.024590 0.020594 0.828870 0.000389 0.002381 0.121104 0.001770
0.003039 0.004999 0.004338 0.006317 0.931447 0.000319 0.000405 0.049136
0.027322 0.219249 0.316833 0.105539 0.019733 0.209956 0.017927 0.083442
0.000205 0.767803 0.184771 0.015089 0.019206 0.007482 0.003288 0.002157
0.000251 0.863604 0.095963 0.015346 0.000490 0.000037 0.024025 0.000284
0.003039 0.004999 0.004338 0.006317 0.931447 0.000319 0.000405 0.049136
0.123592 0.289453 0.436390 0.006025 0.000000 0.010209 0.119749 0.014581
0.000792 0.005428 0.003295 0.001510 0.005849 0.000075 0.000000 0.983051
0.010936 0.016802 0.004341 0.004598 0.007242 0.953079 0.000538 0.002464
0.005071 0.518633 0.454603 0.009903 0.003345 0.007213 0.000274 0.000959
0.000000 0.052128 0.041180 0.010728 0.005007 0.816747 0.064997 0.009213
0.034943 0.429189 0.394907 0.018068 0.000000 0.004143 0.113798 0.004952
0.864410 0.054904 0.002005 0.026683 0.034287 0.000426 0.001014 0.016270
0.018068 0.019196 0.024281 0.026050 0.908886 0.000004 0.003386 0.000129
0.000613 0.164994 0.037876 0.026533 0.000429 0.756225 0.011278 0.002051
0.000200 0.135041 0.098236 0.330337 0.020406 0.008947 0.012383 0.394452
0.000762 0.005131 0.015915 0.938224 0.000428 0.000128 0.038885 0.000527
0.018895 0.016546 0.023429 0.032276 0.319688 0.004579 0.000078 0.584508
0.014595 0.767771 0.162227 0.006081 0.007035 0.000286 0.037930 0.004074
0.000792 0.005428 0.003295 0.001510 0.005849 0.000075 0.000000 0.983051
0.830497 0.038930 0.016206 0.005705 0.011251 0.029593 0.053586 0.014233
0.001962 0.799666 0.165723 0.023370 0.003433 0.003934 0.000326 0.001586
0.571975 0.159069 0.082554 0.015931 0.007939 0.091401 0.038292 0.032839
0.000608 0.007448 0.011459 0.562538 0.001263 0.000581 0.415869 0.000234
0.000355 0.013264 0.024819 0.865838 0.000397 0.004726 0.089860 0.000742
0.000455 0.183387 0.112834 0.326848 0.087394 0.002990 0.049941 0.236152
0.000751 0.033728 0.025627 0.910234 0.001300 0.000000 0.027514 0.000846
0.000353 0.862923 0.096434 0.015280 0.000536 0.000039 0.024124 0.000311
0.000448 0.492448 0.351084 0.122654 0.001704 0.002393 0.025800 0.003468
0.564012 0.172548 0.041074 0.034361 0.147040 0.039983 0.000000 0.000983
0.001187 0.005147 0.016069 0.937167 0.000479 0.000136 0.039225 0.000590
0.000330 0.863072 0.096331 0.015294 0.000526 0.000039 0.024103 0.000305
0.572569 0.158623 0.082475 0.015810 0.007946 0.091460 0.038250 0.032867
0.853615 0.028399 0.091357 0.016976 0.000762 0.002754 0.000831 0.005305
0.000459 0.005121 0.015805 0.938976 0.000392 0.000123 0.038643 0.000483
0.001988 0.434996 0.157034 0.320450 0.021243 0.009079 0.048778 0.006431
0.010949 0.016668 0.004325 0.004509 0.007248 0.953299 0.000536 0.002466
0.067546 0.042418 0.052061 0.502832 0.051706 0.125789 0.131321 0.026327
0.067167 0.006589 0.019404 0.220998 0.020320 0.004683 0.657077 0.003761
0.000891 0.112004 0.068645 0.330429 0.065531 0.002602 0.395995 0.023903
0.000091 0.771987 0.184097 0.015256 0.016479 0.006959 0.003280 0.001851
0.855149 0.022897 0.044433 0.007131 0.000668 0.036693 0.024738 0.008291
0.000648 0.123714 0.016776 0.075322 0.002959 0.777347 0.002226 0.001008
0.001233 0.199979 0.142332 0.183374 0.001334 0.038673 0.432087 0.000989
0.854896 0.022975 0.044505 0.007189 0.000668 0.036696 0.024782 0.008290
0.001588 0.037589 0.018004 0.103343 0.795324 0.000396 0.001787 0.041969
0.198426 0.237528 0.441258 0.103750 0.011823 0.001036 0.002593 0.003586
0.866315 0.025085 0.086069 0.012885 0.000768 0.002753 0.000779 0.005347
0.821328 0.019467 0.117740 0.008961 0.000899 0.000000 0.026132 0.005473
0.000743 0.349193 0.326498 0.191609 0.011542 0.021652 0.098757 0.000004
0.014426 0.406718 0.547434 0.004055 0.008463 0.016163 0.000316 0.002425
0.000470 0.009455 0.004725 0.554827 0.000203 0.000014 0.430306 0.000001
0.000828 0.348705 0.326697 0.191104 0.011895 0.021978 0.098789 0.000004
0.000752 0.033043 0.021375 0.872006 0.002468 0.011372 0.057726 0.001258
0.001662 0.064020 0.023016 0.842647 0.002067 0.008328 0.058161 0.000100
0.000101 0.083099 0.026360 0.052069 0.004955 0.000126 0.000000 0.833290
0.000467 0.013274 0.024894 0.865251 0.000414 0.004825 0.090101 0.000774
0.001604 0.113783 0.015621 0.068752 0.003357 0.793672 0.002069 0.001143
0.907598 0.029929 0.001421 0.009104 0.034477 0.000408 0.000702 0.016360
0.000071 0.729334 0.245809 0.005160 0.000115 0.002931 0.016276 0.000303
0.000792 0.005428 0.003295 0.001510 0.005849 0.000075 0.000000 0.983051
0.001326 0.025440 0.012327 0.923024 0.002483 0.003399 0.031640 0.000362
0.821328 0.019467 0.117740 0.008961 0.000899 0.000000 0.026132 0.005473
0.842336 0.028053 0.097978 0.005499 0.018905 0.000959 0.000539 0.005731
0.039534 0.016576 0.050863 0.660937 0.006476 0.039445 0.174079 0.012091
0.004417 0.006781 0.019626 0.015079 0.850637 0.006019 0.001049 0.096392
0.000736 0.011765 0.005177 0.005635 0.005776 0.000079 0.000000 0.970833
0.000792 0.005455 0.003303 0.001527 0.005849 0.000075 0.000000 0.982999
0.866315 0.025085 0.086069 0.012885 0.000768 0.002753 0.000779 0.005347
0.007032 0.515869 0.225323 0.005039 0.183425 0.038965 0.003759 0.020589
0.124575 0.347178 0.279533 0.220302 0.002114 0.005623 0.005633 0.015042
0.002175 0.033243 0.022028 0.864143 0.003517 0.013809 0.059294 0.001791
0.866315 0.025085 0.086069 0.012885 0.000768 0.002753 0.000779 0.005347
0.025178 0.244477 0.463645 0.005637 0.078576 0.152950 0.010311 0.019225
0.004124 0.791507 0.169370 0.022657 0.004896 0.004853 0.000332 0.002262
0.003018 0.543190 0.434233 0.011186 0.002222 0.005250 0.000264 0.000637
0.003898 0.009402 0.004948 0.533886 0.000403 0.000020 0.447440 0.000003
0.000416 0.032996 0.021221 0.873863 0.002221 0.010797 0.057356 0.001131
0.045301 0.023701 0.017977 0.292608 0.008737 0.003721 0.603207 0.004748
0.855149 0.022897 0.044433 0.007131 0.000668 0.036693 0.024738 0.008291
0.000640 0.123798 0.016786 0.075377 0.002956 0.777210 0.002227 0.001006
0.000633 0.173648 0.768796 0.010311 0.001408 0.000818 0.043436 0.000951
0.017046 0.026086 0.029330 0.078389 0.298612 0.004448 0.000100 0.545989
0.000000 0.044276 0.038464 0.007367 0.005183 0.834934 0.060238 0.009538
0.000430 0.099785 0.028606 0.788325 0.003645 0.015695 0.061973 0.001541
0.000280 0.062775 0.021418 0.854341 0.001041 0.005584 0.054511 0.000051
0.005412 0.004499 0.016808 0.898868 0.004112 0.001804 0.066321 0.002177
0.002317 0.122893 0.082405 0.206942 0.147490 0.003524 0.036054 0.398375
0.001835 0.050096 0.048492 0.847032 0.001834 0.002525 0.046608 0.001578
0.000298 0.024589 0.020591 0.828900 0.000388 0.002379 0.121089 0.001766
0.000792 0.005428 0.003295 0.001510 0.005849 0.000075 0.000000 0.983050
0.003078 0.050305 0.049406 0.842814 0.002244 0.002831 0.047392 0.001930
0.028424 0.463619 0.457751 0.004195 0.002360 0.000143 0.041929 0.001579
0.000661 0.123584 0.016761 0.075235 0.002964 0.777562 0.002224 0.001009
0.001083 0.007442 0.011516 0.560099 0.001399 0.000611 0.417591 0.000259
0.032035 0.026616 0.013205 0.046523 0.584143 0.000000 0.210107 0.087372
0.000878 0.091009 0.023768 0.351283 0.111318 0.000000 0.405083 0.016662
0.135144 0.215887 0.390526 0.248443 0.000427 0.002817 0.003781 0.002976
0.001064 0.004388 0.015384 0.913818 0.001947 0.001140 0.061227 0.001031
0.007480 0.499332 0.227985 0.004379 0.194204 0.041032 0.003789 0.021798
0.003039 0.004999 0.004338 0.006317 0.931447 0.000319 0.000405 0.049136
0.001810 0.009434 0.004812 0.546644 0.000281 0.000016 0.437001 0.000002
0.000355 0.013265 0.024819 0.865835 0.000397 0.004726 0.089861 0.000742
0.000431 0.099785 0.028607 0.788320 0.003646 0.015696 0.061974 0.001541
0.000432 0.398755 0.282196 0.286087 0.020272 0.000000 0.012258 0.000000
0.002363 0.446343 0.469488 0.053459 0.000275 0.000131 0.027434 0.000507
0.000792 0.005428 0.003295 0.001510 0.005849 0.000075 0.000000 0.983051
0.463627 0.162097 0.196150 0.024823 0.117872 0.005836 0.007869 0.021726
0.001095 0.108372 0.080223 0.476127 0.116826 0.003316 0.000287 0.213753
0.293101 0.195897 0.204441 0.135000 0.000489 0.043500 0.121503 0.006069
0.000097 0.771765 0.184133 0.015248 0.016623 0.006987 0.003280 0.001867
0.001159 0.025416 0.012287 0.923522 0.002390 0.003331 0.031548 0.000348
0.000678 0.034896 0.012853 0.503835 0.001711 0.001860 0.444062 0.000105
0.842336 0.028053 0.097978 0.005499 0.018905 0.000959 0.000539 0.005731
0.000208 0.134664 0.097998 0.329343 0.020486 0.008950 0.012352 0.395999
0.000091 0.772001 0.184095 0.015257 0.016469 0.006957 0.003280 0.001850
0.010947 0.016683 0.004327 0.004519 0.007247 0.953275 0.000536 0.002466
0.028017 0.417338 0.477590 0.047310 0.000680 0.000217 0.027591 0.001255
0.855149 0.022897 0.044433 0.007131 0.000668 0.036693 0.024738 0.008291
0.000687 0.123306 0.016728 0.075052 0.002975 0.778019 0.002220 0.001013
0.002696 0.043972 0.027802 0.840113 0.001530 0.004976 0.078149 0.000764
0.003038 0.005000 0.004339 0.006321 0.931441 0.000319 0.000405 0.049136
0.000106 0.109949 0.041201 0.104361 0.000836 0.708416 0.019783 0.015348
0.001120 0.033094 0.021544 0.869973 0.002739 0.012003 0.058132 0.001396
0.000339 0.024596 0.020617 0.828628 0.000395 0.002400 0.121225 0.001799
0.099255 0.038933 0.035681 0.632535 0.056790 0.042947 0.085592 0.008267
0.000183 0.152988 0.787770 0.004058 0.000088 0.000717 0.053500 0.000694
0.011507 0.449045 0.358874 0.005252 0.013721 0.060307 0.015767 0.085526
0.000792 0.005428 0.003295 0.001510 0.005849 0.000075 0.000000 0.983051
0.678471 0.044365 0.120827 0.016722 0.064728 0.050271 0.004225 0.020391
0.022039 0.394387 0.305018 0.256672 0.001357 0.004684 0.006181 0.009662
