0.000792 0.005442 0.003299 0.001519 0.005849 0.000075 0.000000 0.983024
0.024179 0.366200 0.248298 0.199317 0.025637 0.027716 0.107452 0.001200
0.000687 0.007447 0.011468 0.562145 0.001286 0.000586 0.416143 0.000238
0.003641 0.040735 0.023134 0.775902 0.009827 0.000156 0.138286 0.008318
0.546620 0.069264 0.254936 0.064626 0.000722 0.000000 0.059439 0.004392
0.022729 0.011773 0.034112 0.032583 0.012862 0.845363 0.035810 0.004768
0.000114 0.081755 0.025960 0.051194 0.004971 0.000125 0.000000 0.835881
0.199001 0.438769 0.132088 0.092039 0.003672 0.054486 0.064755 0.015191
0.000326 0.178956 0.040542 0.029015 0.000379 0.736877 0.012094 0.001812
0.002458 0.674904 0.288583 0.003995 0.000645 0.009176 0.018541 0.001698
0.003038 0.005000 0.004339 0.006321 0.931441 0.000319 0.000405 0.049137
0.005032 0.599651 0.167180 0.183155 0.000384 0.001626 0.042889 0.000081
0.010949 0.016657 0.004324 0.004503 0.007248 0.953317 0.000535 0.002466
0.834726 0.037031 0.015824 0.005083 0.011278 0.029572 0.052218 0.014268
0.000788 0.013301 0.025107 0.863573 0.000464 0.005110 0.090789 0.000867
0.050691 0.032913 0.052766 0.492554 0.009469 0.029026 0.289527 0.043053
0.001392 0.801822 0.164758 0.023558 0.003047 0.003691 0.000325 0.001408
0.003881 0.600495 0.167054 0.183655 0.000370 0.001598 0.042870 0.000078
0.008756 0.007343 0.012432 0.520735 0.003596 0.001084 0.445389 0.000666
0.007488 0.112716 0.776178 0.003650 0.032859 0.003425 0.063684 0.000000
0.000417 0.032996 0.021221 0.873861 0.002221 0.010798 0.057355 0.001132
0.054534 0.008617 0.008244 0.224509 0.003367 0.000115 0.700591 0.000023
0.001277 0.009442 0.004777 0.549908 0.000250 0.000015 0.434328 0.000002
0.000898 0.054135 0.081981 0.337329 0.003286 0.428927 0.092225 0.001219
0.815262 0.020566 0.120770 0.010189 0.000895 0.000000 0.026869 0.005449
0.000088 0.728950 0.246111 0.005152 0.000119 0.002976 0.016291 0.000313
0.050293 0.056325 0.080664 0.681356 0.030536 0.000000 0.080982 0.019845
0.002966 0.230137 0.587378 0.154597 0.000000 0.005173 0.017710 0.002038
0.000472 0.022978 0.009128 0.638144 0.000488 0.000405 0.328120 0.000265
0.286706 0.116381 0.384743 0.117295 0.000554 0.000000 0.090952 0.003370
0.044527 0.023687 0.017825 0.298547 0.008594 0.003664 0.598485 0.004671
0.000854 0.382182 0.069881 0.109391 0.036327 0.398688 0.000000 0.002676
0.000151 0.769787 0.184449 0.015169 0.017914 0.007234 0.003284 0.002012
0.000070 0.729361 0.245788 0.005161 0.000115 0.002929 0.016274 0.000303
0.012128 0.034639 0.026601 0.809130 0.010854 0.030859 0.070260 0.005527
0.000579 0.095378 0.118184 0.290326 0.102932 0.015685 0.237208 0.139708
0.000380 0.629410 0.325153 0.012820 0.000182 0.000022 0.031912 0.000122
0.001480 0.122818 0.029823 0.019035 0.000581 0.814676 0.008813 0.002774
0.010867 0.014758 0.027194 0.030133 0.595745 0.011259 0.022726 0.287320
0.006959 0.572302 0.369212 0.001798 0.001643 0.020946 0.022811 0.004328
0.003460 0.026513 0.011436 0.001915 0.000926 0.948141 0.003186 0.004424
0.002052 0.356134 0.066251 0.100850 0.044242 0.427211 0.000000 0.003259
0.003460 0.026541 0.011441 0.001920 0.000926 0.948102 0.003187 0.004423
0.018894 0.016549 0.023432 0.032295 0.319676 0.004579 0.000078 0.584498
0.003038 0.005000 0.004339 0.006321 0.931441 0.000319 0.000405 0.049137
0.002346 0.080706 0.021783 0.011549 0.000732 0.873038 0.006352 0.003495
0.821298 0.019471 0.117755 0.008966 0.000899 0.000000 0.026137 0.005473
0.003231 0.023023 0.009672 0.616876 0.000996 0.000609 0.345052 0.000541
0.001869 0.481329 0.379427 0.022562 0.000000 0.001880 0.111573 0.001359
0.000173 0.864123 0.095605 0.015395 0.000455 0.000036 0.023949 0.000263
0.000867 0.025376 0.012217 0.924390 0.002228 0.003213 0.031386 0.000324
0.028418 0.463640 0.457735 0.004197 0.002360 0.000143 0.041929 0.001578
0.052354 0.008651 0.008102 0.237827 0.003239 0.000111 0.689694 0.000022
0.009080 0.025009 0.033078 0.016716 0.735901 0.000000 0.006588 0.173629
0.003460 0.026513 0.011436 0.001915 0.000926 0.948141 0.003186 0.004424
0.000784 0.006318 0.003560 0.002090 0.005839 0.000075 0.000000 0.981334
0.001286 0.419323 0.174253 0.115816 0.001073 0.034623 0.251064 0.002561
0.907936 0.029733 0.001416 0.008967 0.034479 0.000408 0.000700 0.016361
0.001197 0.025422 0.012296 0.923410 0.002411 0.003346 0.031568 0.000351
0.030976 0.007056 0.015084 0.406703 0.009958 0.002453 0.525926 0.001843
0.054535 0.008617 0.008244 0.224499 0.003367 0.000115 0.700600 0.000023
0.028175 0.465081 0.456582 0.004272 0.002341 0.000142 0.041842 0.001566
0.000098 0.771760 0.184132 0.015247 0.016629 0.006988 0.003280 0.001868
0.001102 0.567932 0.365908 0.024592 0.024979 0.007847 0.005420 0.002220
0.855128 0.022902 0.044439 0.007135 0.000668 0.036694 0.024743 0.008291
0.834738 0.037025 0.015823 0.005081 0.011278 0.029572 0.052214 0.014268
0.002687 0.100169 0.075148 0.436472 0.134959 0.003429 0.000269 0.246867
0.080743 0.109159 0.145163 0.047237 0.012626 0.183744 0.411975 0.009353
0.016748 0.028189 0.029441 0.054737 0.866585 0.000004 0.004175 0.000123
0.000140 0.670827 0.280081 0.017679 0.001130 0.009905 0.013188 0.007049
0.855105 0.022909 0.044446 0.007141 0.000668 0.036694 0.024747 0.008291
0.075198 0.154722 0.490375 0.160154 0.000417 0.000000 0.116595 0.002538
0.059431 0.045782 0.047103 0.401498 0.097724 0.001066 0.264703 0.082693
0.000049 0.462517 0.339784 0.118523 0.000000 0.001411 0.076127 0.001589
0.090241 0.420245 0.163859 0.159817 0.033312 0.000420 0.112087 0.020020
0.016002 0.097746 0.817376 0.002600 0.011556 0.003752 0.043170 0.007797
0.000386 0.463424 0.459106 0.024077 0.008202 0.031854 0.010943 0.002008
0.000512 0.805143 0.163273 0.023848 0.002451 0.003317 0.000322 0.001133
0.000720 0.005130 0.015899 0.938330 0.000423 0.000128 0.038850 0.000521
0.000211 0.726146 0.248315 0.005092 0.000146 0.003297 0.016408 0.000385
0.000597 0.861295 0.097560 0.015122 0.000648 0.000043 0.024360 0.000375
0.873718 0.063863 0.016460 0.009825 0.018898 0.002305 0.000000 0.014930
0.399900 0.182368 0.152867 0.084999 0.069504 0.042725 0.064383 0.003253
0.000720 0.007446 0.011472 0.561972 0.001296 0.000588 0.416265 0.000240
0.018836 0.573880 0.156015 0.128803 0.001610 0.036653 0.077537 0.006665
0.000562 0.804954 0.163358 0.023831 0.002485 0.003338 0.000322 0.001148
0.000428 0.063638 0.028926 0.180892 0.686531 0.000457 0.002891 0.036236
0.054535 0.008617 0.008244 0.224498 0.003367 0.000115 0.700600 0.000023
0.017738 0.007227 0.013504 0.474641 0.006168 0.001637 0.477944 0.001142
0.000666 0.033031 0.021335 0.872484 0.002405 0.011225 0.057629 0.001225
0.000792 0.005429 0.003296 0.001511 0.005849 0.000075 -0.000000 0.983048
0.069468 0.279483 0.510003 0.123428 0.010405 0.001051 0.003005 0.003156
0.000634 0.386962 0.070547 0.110958 0.034875 0.393454 0.000000 0.002569
0.000553 0.009454 0.004730 0.554336 0.000207 0.000014 0.430705 0.000001
0.907936 0.029733 0.001416 0.008967 0.034479 0.000408 0.000700 0.016361
0.001049 0.135133 0.090798 0.395853 0.363559 0.000003 0.013553 0.000052
0.003038 0.005000 0.004339 0.006321 0.931441 0.000319 0.000405 0.049137
0.000140 0.670842 0.280076 0.017679 0.001129 0.009902 0.013188 0.007044
0.000095 0.771852 0.184117 0.015251 0.016568 0.006976 0.003280 0.001861
0.004880 0.025929 0.013174 0.912484 0.004454 0.004834 0.033597 0.000649
0.009630 0.368787 0.428654 0.007364 0.137293 0.030098 0.005973 0.012201
0.000000 0.213410 0.096967 0.079756 0.001379 0.443212 0.162737 0.002540
0.000762 0.008853 0.004312 0.003739 0.005810 0.000077 0.000000 0.976447
0.003018 0.005469 0.004535 0.007718 0.929481 0.000320 0.000425 0.049034
0.053336 0.158685 0.501293 0.164584 0.000403 0.000000 0.119246 0.002453
0.003058 0.479455 0.379984 0.022400 0.000000 0.001962 0.111653 0.001488
0.010950 0.016657 0.004324 0.004503 0.007248 0.953317 0.000535 0.002466
0.014366 0.769298 0.161171 0.006230 0.006930 0.000282 0.037711 0.004014
0.000390 0.151844 0.788600 0.004007 0.000102 0.000766 0.053491 0.000800
0.000697 0.005129 0.015891 0.938386 0.000420 0.000127 0.038831 0.000518
0.067171 0.006589 0.019405 0.220955 0.020322 0.004683 0.657114 0.003761
0.841935 0.028182 0.098193 0.005560 0.018901 0.000959 0.000540 0.005730
0.001329 0.013347 0.025466 0.860746 0.000548 0.005589 0.091951 0.001024
0.000606 0.025340 0.012155 0.925163 0.002083 0.003107 0.031242 0.000303
0.044628 0.008771 0.007599 0.285034 0.002787 0.000096 0.651065 0.000019
0.018894 0.016549 0.023432 0.032295 0.319676 0.004579 0.000078 0.584498
0.000552 0.804991 0.163342 0.023835 0.002478 0.003334 0.000322 0.001145
0.032910 0.007031 0.015315 0.396778 0.010512 0.002572 0.532936 0.001946
0.000713 0.007447 0.011471 0.562011 0.001293 0.000588 0.416237 0.000240
0.000670 0.034898 0.012852 0.503891 0.001708 0.001858 0.444019 0.000105
0.000162 0.864199 0.095552 0.015403 0.000449 0.000036 0.023938 0.000260
0.003038 0.005006 0.004341 0.006339 0.931416 0.000319 0.000405 0.049136
0.001415 0.009440 0.004786 0.549069 0.000258 0.000016 0.435015 0.000002
0.053875 0.563854 0.172549 0.161961 0.001001 0.002832 0.043716 0.000212
0.000792 0.005436 0.003298 0.001515 0.005849 0.000075 -0.000000 0.983035
0.016009 0.097712 0.817398 0.002597 0.011561 0.003753 0.043170 0.007800
0.000000 0.044195 0.038438 0.007334 0.005185 0.835113 0.060194 0.009541
0.048706 0.008708 0.007865 0.260115 0.003026 0.000104 0.671456 0.000021
0.000494 0.805212 0.163243 0.023854 0.002439 0.003309 0.000322 0.001127
0.004417 0.006782 0.019628 0.015088 0.850624 0.006019 0.001049 0.096393
0.000074 0.729254 0.245872 0.005158 0.000116 0.002941 0.016279 0.000306
0.194281 0.226318 0.232573 0.157485 0.000457 0.044697 0.138512 0.005678
0.000372 0.033556 0.025206 0.911985 0.001077 0.000000 0.027104 0.000700
0.834738 0.037025 0.015823 0.005081 0.011278 0.029572 0.052214 0.014268
0.907756 0.029837 0.001419 0.009040 0.034478 0.000408 0.000701 0.016361
0.022729 0.011774 0.034112 0.032585 0.012862 0.845360 0.035810 0.004768
0.000129 0.864418 0.095401 0.015424 0.000434 0.000035 0.023907 0.000252
0.014568 0.767948 0.162104 0.006099 0.007022 0.000285 0.037906 0.004067
0.000302 0.024590 0.020594 0.828877 0.000389 0.002381 0.121098 0.001769
0.059225 0.029197 0.020556 0.187327 0.025342 0.013989 0.662807 0.001557
0.013470 0.050515 0.042250 0.125951 0.761568 0.000004 0.006133 0.000108
0.001686 0.004404 0.015587 0.911684 0.002257 0.001235 0.061953 0.001195
0.000299 0.024590 0.020592 0.828897 0.000388 0.002379 0.121088 0.001767
0.000527 0.025329 0.012136 0.925397 0.002039 0.003076 0.031198 0.000297
0.067173 0.006589 0.019405 0.220946 0.020322 0.004683 0.657121 0.003762
0.842313 0.028059 0.097992 0.005503 0.018905 0.000959 0.000539 0.005732
0.855128 0.022902 0.044439 0.007135 0.000668 0.036694 0.024743 0.008291
0.000509 0.009454 0.004727 0.554605 0.000205 0.000014 0.430485 0.000001
0.003038 0.005000 0.004339 0.006321 0.931441 0.000319 0.000405 0.049137
0.000787 0.006015 0.003469 0.001892 0.005843 0.000075 0.000000 0.981920
0.000191 0.185496 0.041790 0.030178 0.000356 0.727814 0.012476 0.001700
0.000074 0.729259 0.245869 0.005158 0.000116 0.002940 0.016279 0.000305
0.000996 0.050881 0.023577 0.142914 0.739811 0.000427 0.002350 0.039043
0.000230 0.175640 0.767521 0.010513 0.001142 0.000741 0.043442 0.000771
0.001868 0.450338 0.459378 0.022975 0.012408 0.039092 0.010905 0.003037
0.001343 0.371549 0.068400 0.105904 0.039558 0.410331 0.000000 0.002914
0.000597 0.007448 0.011458 0.562604 0.001260 0.000581 0.415818 0.000233
0.000792 0.005429 0.003296 0.001511 0.005849 0.000075 0.000000 0.983049
0.000096 0.083673 0.026530 0.052442 0.004949 0.000126 0.000000 0.832184
0.012169 0.000681 0.031833 0.015370 0.071271 0.000000 0.023570 0.845106
0.000847 0.711636 0.259717 0.004781 0.000287 0.004962 0.017012 0.000757
0.008514 0.034134 0.013884 0.461482 0.004874 0.003483 0.473330 0.000299
0.059379 0.348978 0.239358 0.188607 0.029746 0.029122 0.103417 0.001393
0.003460 0.026514 0.011436 0.001915 0.000926 0.948140 0.003186 0.004424
0.035175 0.045573 0.048013 0.075648 0.386256 0.007800 0.260743 0.140792
0.000614 0.007448 0.011460 0.562516 0.001265 0.000582 0.415881 0.000234
0.000598 0.007448 0.011458 0.562602 0.001260 0.000581 0.415820 0.000233
0.844734 0.039057 0.056636 0.007796 0.006619 0.021216 0.005260 0.018682
0.009253 0.021807 0.030996 0.012329 0.743951 0.000000 0.006138 0.175527
0.098431 0.058641 0.069156 0.505506 0.024831 0.049003 0.182039 0.012393
0.001044 0.034861 0.012901 0.501869 0.001859 0.001935 0.445417 0.000114
0.076861 0.055336 0.059838 0.580898 0.019581 0.039083 0.158630 0.009773
0.005604 0.109524 0.137667 0.011742 0.039415 0.675060 0.016852 0.004137
0.907851 0.029782 0.001417 0.009001 0.034479 0.000408 0.000700 0.016361
0.000787 0.022983 0.009190 0.635714 0.000546 0.000428 0.330055 0.000297
0.000267 0.014912 0.113985 0.295786 0.235009 0.023103 0.275601 0.041335
0.006248 0.551658 0.322420 0.011002 0.007895 0.036986 0.014574 0.049216
0.000357 0.022977 0.009105 0.639031 0.000467 0.000396 0.327414 0.000254
0.050691 0.032913 0.052766 0.492554 0.009469 0.029026 0.289527 0.043053
0.000173 0.136378 0.099079 0.333867 0.020124 0.008934 0.012491 0.388955
0.018661 0.017753 0.024176 0.038116 0.317016 0.004562 0.000081 0.579636
0.000134 0.864385 0.095424 0.015421 0.000437 0.000035 0.023911 0.000253
0.011505 0.449073 0.358867 0.005255 0.013719 0.060298 0.015768 0.085515
0.672128 0.166097 0.004607 0.104949 0.033439 0.000505 0.002405 0.015870
0.000245 0.201697 0.117352 0.153100 0.001733 0.386457 0.138123 0.001294
0.210887 0.429855 0.130509 0.089614 0.003808 0.055662 0.063912 0.015753
0.000654 0.007447 0.011464 0.562313 0.001277 0.000584 0.416024 0.000236
0.000370 0.761705 0.185750 0.014846 0.023182 0.008244 0.003299 0.002603
0.855128 0.022902 0.044439 0.007136 0.000668 0.036694 0.024743 0.008291
0.007478 0.499386 0.227981 0.004382 0.194166 0.041024 0.003790 0.021795
0.000185 0.062690 0.021308 0.855147 0.000971 0.005395 0.054258 0.000047
0.136642 0.350045 0.078815 0.107636 0.006809 0.033038 0.278396 0.008619
0.000751 0.010006 0.004655 0.004490 0.005797 0.000078 -0.000000 0.974223
0.000792 0.005429 0.003296 0.001511 0.005849 0.000075 0.000000 0.983049
0.000420 0.013270 0.024862 0.865501 0.000407 0.004783 0.089996 0.000760
0.000345 0.022976 0.009103 0.639118 0.000465 0.000396 0.327344 0.000253
0.000832 0.007445 0.011486 0.561399 0.001328 0.000595 0.416670 0.000246
0.000631 0.024645 0.020804 0.826681 0.000448 0.002555 0.122198 0.002039
0.067579 0.381012 0.085047 0.117782 0.006367 0.033381 0.300772 0.008060
0.000599 0.099814 0.028696 0.787192 0.003841 0.016095 0.062140 0.001624
0.001224 0.033944 0.026152 0.908051 0.001579 0.000000 0.028023 0.001027
0.000792 0.005429 0.003296 0.001511 0.005849 0.000075 -0.000000 0.983048
0.000976 0.171957 0.769878 0.010139 0.001635 0.000883 0.043429 0.001103
0.834738 0.037025 0.015823 0.005081 0.011278 0.029572 0.052214 0.014268
0.005403 0.067390 0.027341 0.810994 0.004842 0.015757 0.068039 0.000235
0.003038 0.005000 0.004339 0.006321 0.931441 0.000319 0.000405 0.049137
0.050691 0.032913 0.052766 0.492554 0.009469 0.029026 0.289527 0.043053
0.000432 0.099785 0.028607 0.788315 0.003647 0.015699 0.061973 0.001542
0.873718 0.063863 0.016460 0.009825 0.018898 0.002305 0.000000 0.014930
0.001913 0.015629 0.011211 0.006589 0.002166 0.917744 0.005023 0.039725
0.000411 0.629224 0.325301 0.012810 0.000184 0.000022 0.031924 0.000123
0.834738 0.037025 0.015823 0.005081 0.011278 0.029572 0.052214 0.014268
0.821298 0.019471 0.117755 0.008966 0.000899 0.000000 0.026137 0.005473
0.002942 0.007167 0.005247 0.012772 0.922391 0.000324 0.000497 0.048660
0.001336 0.022992 0.009298 0.631483 0.000647 0.000469 0.333423 0.000352
0.000805 0.626897 0.327163 0.012689 0.000215 0.000023 0.032064 0.000144
0.821298 0.019471 0.117755 0.008966 0.000899 0.000000 0.026137 0.005473
0.010823 0.481251 0.304146 0.166069 0.019194 0.001900 0.013076 0.003540
0.003458 0.026635 0.011459 0.001937 0.000926 0.947973 0.003193 0.004422
0.572525 0.158650 0.082482 0.015819 0.007946 0.091456 0.038255 0.032867
0.054366 0.158498 0.500779 0.164376 0.000403 0.000000 0.119121 0.002457
0.005150 0.030850 0.036107 0.024506 0.238922 0.004336 0.014925 0.645205
0.000868 0.859480 0.098815 0.014947 0.000772 0.000048 0.024623 0.000447
0.000778 0.007075 0.003784 0.002582 0.005830 0.000076 0.000000 0.979875
0.678203 0.044457 0.120938 0.016810 0.064712 0.050264 0.004230 0.020386
0.000691 0.161200 0.037151 0.025858 0.000443 0.761485 0.011056 0.002116
0.309266 0.376673 0.200621 0.051143 0.004227 0.009135 0.048039 0.000895
0.494757 0.141127 0.283277 0.058535 0.015082 0.001001 0.001648 0.004573
0.000708 0.004379 0.015267 0.915044 0.001770 0.001086 0.060808 0.000937
0.000242 0.033496 0.025061 0.912588 0.001000 0.000000 0.026963 0.000650
0.000194 0.669774 0.280455 0.017619 0.001190 0.010145 0.013200 0.007422
0.002139 0.480904 0.379554 0.022525 0.000000 0.001899 0.111591 0.001388
0.000146 0.247376 0.256070 0.235417 0.001472 0.000011 0.254126 0.005383
0.018152 0.018620 0.023951 0.024216 0.911591 0.000004 0.003336 0.000129
0.023501 0.217445 0.379995 0.055211 0.106613 0.109680 0.107515 0.000040
0.000234 0.175618 0.767535 0.010511 0.001145 0.000742 0.043442 0.000773
0.000383 0.022977 0.009110 0.638825 0.000472 0.000398 0.327578 0.000256
0.034050 0.093189 0.060459 0.568618 0.026094 0.072637 0.143688 0.001265
0.005106 0.004491 0.016707 0.899921 0.003960 0.001757 0.065961 0.002096
0.010915 0.017014 0.004365 0.004739 0.007234 0.952730 0.000541 0.002462
0.008253 0.044684 0.007584 0.023043 0.006125 0.907249 0.000978 0.002084
0.001913 0.015625 0.011210 0.006584 0.002166 0.917754 0.005022 0.039726
0.855099 0.022911 0.044447 0.007142 0.000668 0.036694 0.024748 0.008291
0.000792 0.005429 0.003296 0.001511 0.005849 0.000075 -0.000000 0.983049
0.000309 0.179739 0.040691 0.029154 0.000376 0.735792 0.012140 0.001798
0.001031 0.040499 0.022013 0.793420 0.005715 0.000114 0.132371 0.004838
0.000454 0.005120 0.015803 0.938991 0.000391 0.000123 0.038637 0.000482
0.000792 0.005429 0.003296 0.001511 0.005849 0.000075 -0.000000 0.983049
0.000921 0.009448 0.004754 0.552087 0.000229 0.000015 0.432545 0.000002
0.855128 0.022902 0.044439 0.007135 0.000668 0.036694 0.024743 0.008291
0.003038 0.005000 0.004339 0.006321 0.931441 0.000319 0.000405 0.049137
0.011557 0.054401 0.046843 0.215256 0.236059 0.004058 0.000165 0.431661
0.004417 0.006782 0.019628 0.015088 0.850624 0.006019 0.001049 0.096393
0.000311 0.575579 0.407366 0.012878 0.000741 0.002660 0.000252 0.000212
0.000186 0.062691 0.021309 0.855137 0.000972 0.005398 0.054261 0.000047
0.225461 0.310219 0.070801 0.094588 0.007378 0.032597 0.249618 0.009338
0.907936 0.029733 0.001416 0.008967 0.034479 0.000408 0.000700 0.016361
0.000655 0.804603 0.163515 0.023801 0.002548 0.003378 0.000323 0.001178
0.000624 0.049893 0.047601 0.851143 0.001435 0.002227 0.045843 0.001234
0.032082 0.026516 0.013188 0.046055 0.584863 0.000000 0.209815 0.087482
0.000792 0.005429 0.003296 0.001511 0.005849 0.000075 -0.000000 0.983049
0.001280 0.007439 0.011539 0.559102 0.001456 0.000623 0.418292 0.000270
0.000135 0.864380 0.095427 0.015420 0.000437 0.000035 0.023912 0.000253
0.140591 0.348274 0.078459 0.107056 0.006834 0.033019 0.277116 0.008651
0.016075 0.597821 0.074349 0.268211 0.028118 0.015237 0.000000 0.000188
0.001872 0.481324 0.379429 0.022561 0.000000 0.001881 0.111574 0.001359
0.078926 0.261825 0.265413 0.183729 0.000420 0.046094 0.158371 0.005222
0.000000 0.044195 0.038438 0.007334 0.005185 0.835113 0.060194 0.009541
0.050520 0.032885 0.052657 0.493695 0.009438 0.028936 0.288956 0.042913
0.018894 0.016549 0.023432 0.032295 0.319676 0.004579 0.000078 0.584498
0.259365 0.206284 0.214045 0.142678 0.000478 0.043908 0.127307 0.005935
0.009630 0.368788 0.428654 0.007364 0.137293 0.030098 0.005973 0.012201
0.000431 0.721136 0.252252 0.004985 0.000195 0.003872 0.016617 0.000514
0.000454 0.005120 0.015803 0.938991 0.000391 0.000123 0.038637 0.000482
0.000346 0.022976 0.009103 0.639113 0.000465 0.000396 0.327349 0.000253
0.184686 0.447977 0.011204 0.303356 0.031288 0.000706 0.005929 0.014854
0.850829 0.024225 0.045663 0.008114 0.000666 0.036746 0.025483 0.008274
0.005883 0.084295 0.071617 0.097929 0.586865 0.000000 0.014929 0.138482
0.003197 0.009413 0.004902 0.538180 0.000362 0.000019 0.443925 0.000003
0.000792 0.005438 0.003298 0.001517 0.005849 0.000075 0.000000 0.983031
0.067173 0.006589 0.019405 0.220946 0.020322 0.004683 0.657121 0.003762
0.819219 0.019848 0.118793 0.009387 0.000898 0.000000 0.026389 0.005464
0.000205 0.767802 0.184769 0.015089 0.019208 0.007482 0.003287 0.002157
0.002034 0.633883 0.293206 0.015609 0.003228 0.018301 0.013618 0.020122
0.000205 0.134842 0.098109 0.329809 0.020451 0.008949 0.012366 0.395270
0.001243 0.022991 0.009280 0.632202 0.000630 0.000462 0.332851 0.000342
0.000384 0.022977 0.009110 0.638821 0.000472 0.000398 0.327581 0.000257
0.001038 0.457668 0.459226 0.023592 0.010052 0.035038 0.010926 0.002460
0.000843 0.005888 0.143794 0.299359 0.033894 0.000000 0.114104 0.402119
0.308354 0.377342 0.200521 0.051539 0.004216 0.009113 0.048023 0.000893
0.781920 0.126708 0.024027 0.033004 0.017887 0.002321 0.000000 0.014132
0.000276 0.724654 0.249487 0.005060 0.000161 0.003468 0.016470 0.000423
0.018152 0.018620 0.023951 0.024216 0.911591 0.000004 0.003336 0.000129
0.855128 0.022902 0.044439 0.007135 0.000668 0.036694 0.024743 0.008291
0.004003 0.025808 0.012965 0.915087 0.003967 0.004479 0.033114 0.000578
0.000581 0.572345 0.410048 0.012709 0.000889 0.002918 0.000253 0.000255
0.309266 0.376673 0.200621 0.051143 0.004227 0.009135 0.048039 0.000895
0.002316 0.007426 0.011663 0.553785 0.001752 0.000687 0.422047 0.000324
0.010949 0.016660 0.004324 0.004504 0.007248 0.953312 0.000535 0.002466
0.834738 0.037025 0.015823 0.005081 0.011278 0.029572 0.052214 0.014268
0.000000 0.068928 0.046992 0.017919 0.004629 0.777833 0.075182 0.008518
0.855128 0.022902 0.044439 0.007135 0.000668 0.036694 0.024743 0.008291
0.012403 0.172026 0.340827 0.072692 0.018551 0.000071 0.315619 0.067810
0.000124 0.590763 0.358714 0.026567 0.012103 0.005296 0.005357 0.001076
0.003325 0.100278 0.030143 0.768833 0.007012 0.022567 0.064877 0.002964
0.000476 0.663410 0.303905 0.009952 0.000830 0.000000 0.020378 0.001048
0.000792 0.005429 0.003296 0.001511 0.005849 0.000075 0.000000 0.983049
0.000674 0.007447 0.011467 0.562209 0.001282 0.000585 0.416097 0.000237
0.000517 0.022979 0.009136 0.637797 0.000496 0.000408 0.328397 0.000270
0.000459 0.004373 0.015185 0.915902 0.001646 0.001048 0.060516 0.000872
0.000071 0.729344 0.245802 0.005160 0.000115 0.002931 0.016275 0.000303
0.000863 0.381979 0.069853 0.109324 0.036389 0.398911 0.000000 0.002681
0.000070 0.729345 0.245801 0.005160 0.000115 0.002930 0.016275 0.000303
0.001912 0.015662 0.011222 0.006623 0.002165 0.917671 0.005028 0.039716
0.742554 0.033746 0.157082 0.024923 0.000848 0.000000 0.035684 0.005163
0.053363 0.158680 0.501280 0.164579 0.000403 0.000000 0.119242 0.002453
0.834737 0.037026 0.015823 0.005081 0.011278 0.029572 0.052214 0.014268
0.003460 0.026514 0.011436 0.001915 0.000926 0.948140 0.003186 0.004424
0.000470 0.062685 0.028527 0.178057 0.690509 0.000455 0.002851 0.036446
0.059216 0.029198 0.020555 0.187376 0.025338 0.013987 0.662772 0.001556
0.001616 0.036949 0.017735 0.101435 0.798003 0.000394 0.001760 0.042108
0.221152 0.218047 0.224923 0.151371 0.000466 0.044371 0.133886 0.005784
0.012841 0.779485 0.154127 0.007214 0.006234 0.000256 0.036232 0.003611
0.855128 0.022902 0.044439 0.007135 0.000668 0.036694 0.024743 0.008291
0.008705 0.013970 0.030370 0.822169 0.001692 0.012125 0.107808 0.003160
0.000092 0.771976 0.184097 0.015256 0.016488 0.006961 0.003280 0.001852
0.000781 0.006711 0.003676 0.002345 0.005834 0.000076 0.000000 0.980576
0.000135 0.727878 0.246954 0.005129 0.000129 0.003099 0.016336 0.000341
0.313202 0.270877 0.062883 0.081698 0.007939 0.032162 0.221191 0.010048
0.873718 0.063863 0.016460 0.009825 0.018898 0.002305 0.000000 0.014930
0.003038 0.005000 0.004339 0.006321 0.931441 0.000319 0.000405 0.049137
0.047805 0.626605 0.243076 0.008250 0.034467 0.023428 0.000448 0.015920
0.855128 0.022902 0.044439 0.007135 0.000668 0.036694 0.024743 0.008291
0.096822 0.008592 0.050765 0.699450 0.011957 0.001878 0.115811 0.014726
0.000686 0.034896 0.012854 0.503803 0.001714 0.001861 0.444080 0.000105
0.000430 0.099785 0.028606 0.788333 0.003644 0.015693 0.061970 0.001540
0.003065 0.045751 0.015109 0.005335 0.000857 0.921480 0.004310 0.004094
0.063135 0.436894 0.168678 0.167179 0.030086 0.000404 0.115541 0.018082
0.037965 0.174163 0.073823 0.029725 0.032093 0.524842 0.077253 0.050137
0.001719 0.033179 0.021819 0.866666 0.003181 0.013028 0.058789 0.001620
0.000346 0.022976 0.009103 0.639115 0.000465 0.000396 0.327347 0.000253
0.000785 0.006180 0.003518 0.001999 0.005841 0.000075 -0.000000 0.981601
0.001389 0.013352 0.025506 0.860432 0.000557 0.005642 0.092080 0.001041
0.000685 0.005129 0.015887 0.938416 0.000419 0.000127 0.038822 0.000516
0.008064 0.439902 0.471285 0.052093 0.000365 0.000150 0.027468 0.000673
0.002669 0.034703 0.013115 0.493081 0.002515 0.002272 0.451490 0.000155
0.000238 0.033495 0.025057 0.912604 0.000998 0.000000 0.026960 0.000649
0.025445 0.420250 0.476775 0.047927 0.000640 0.000208 0.027575 0.001180
0.309266 0.376673 0.200621 0.051143 0.004227 0.009135 0.048039 0.000895
0.000512 0.004374 0.015202 0.915721 0.001672 0.001056 0.060577 0.000885
0.003895 0.033484 0.022818 0.854639 0.004785 0.016756 0.061187 0.002437
0.003025 0.005304 0.004466 0.007226 0.930171 0.000320 0.000418 0.049070
0.866289 0.025091 0.086081 0.012893 0.000768 0.002753 0.000779 0.005347
0.907894 0.029757 0.001417 0.008984 0.034479 0.000408 0.000700 0.016361
0.000570 0.009453 0.004731 0.554233 0.000208 0.000014 0.430789 0.000001
0.000070 0.729360 0.245789 0.005161 0.000115 0.002929 0.016274 0.000303
0.000376 0.463517 0.459104 0.024085 0.008172 0.031803 0.010943 0.002000
0.000358 0.862890 0.096458 0.015276 0.000539 0.000039 0.024128 0.000312
0.000077 0.729188 0.245924 0.005157 0.000117 0.002948 0.016282 0.000307
0.094596 0.116754 0.362749 0.019985 0.000000 0.003626 0.392558 0.009733
0.000151 0.864270 0.095503 0.015410 0.000445 0.000036 0.023928 0.000258
0.107584 0.325392 0.227114 0.173940 0.035375 0.031048 0.097891 0.001656
0.282918 0.210043 0.396211 0.090859 0.012752 0.001026 0.002324 0.003868
0.000471 0.009455 0.004725 0.554837 0.000203 0.000014 0.430295 0.000001
0.000401 0.094525 0.036297 0.088372 0.001054 0.742651 0.017368 0.019333
0.400669 0.146598 0.279960 0.162901 0.000551 0.002794 0.002691 0.003836
0.000172 0.864130 0.095600 0.015396 0.000454 0.000036 0.023948 0.000263
0.000484 0.805251 0.163225 0.023857 0.002432 0.003305 0.000322 0.001124
0.009214 0.051335 0.053919 0.821994 0.004268 0.004339 0.051261 0.003669
0.000356 0.351441 0.325585 0.193934 0.009923 0.020153 0.098604 0.000004
0.000132 0.864401 0.095413 0.015422 0.000436 0.000035 0.023909 0.000252
0.000177 0.670108 0.280336 0.017638 0.001171 0.010069 0.013197 0.007304
0.000575 0.033018 0.021293 0.872985 0.002338 0.011070 0.057529 0.001191
0.003460 0.026513 0.011436 0.001915 0.000926 0.948141 0.003186 0.004424
0.018894 0.016549 0.023432 0.032295 0.319676 0.004579 0.000078 0.584498
0.000412 0.013269 0.024857 0.865540 0.000406 0.004777 0.089980 0.000758
0.004237 0.009349 0.023096 0.028784 0.832868 0.006033 0.001251 0.094382
0.011504 0.449095 0.358859 0.005256 0.013718 0.060293 0.015768 0.085508
0.841976 0.028169 0.098171 0.005554 0.018901 0.000959 0.000540 0.005730
0.001912 0.015664 0.011222 0.006624 0.002165 0.917668 0.005028 0.039716
0.000423 0.032997 0.021224 0.873825 0.002226 0.010810 0.057362 0.001134
0.000750 0.022983 0.009183 0.635996 0.000539 0.000426 0.329830 0.000293
0.000365 0.013265 0.024825 0.865790 0.000398 0.004734 0.089877 0.000744
0.005150 0.030852 0.036108 0.024511 0.238920 0.004336 0.014925 0.645198
0.334833 0.163778 0.307374 0.184111 0.000520 0.002799 0.002961 0.003623
0.000595 0.034905 0.012842 0.504294 0.001678 0.001843 0.443741 0.000103
0.000161 0.577375 0.405876 0.012972 0.000659 0.002516 0.000251 0.000189
0.000184 0.062689 0.021307 0.855150 0.000971 0.005394 0.054257 0.000047
0.003457 0.026662 0.011464 0.001941 0.000926 0.947935 0.003194 0.004421
0.000991 0.024704 0.021034 0.824278 0.000513 0.002745 0.123401 0.002334
0.103220 0.591351 0.079970 0.204376 0.010416 0.002435 0.000000 0.008233
0.000485 0.805246 0.163227 0.023857 0.002433 0.003305 0.000322 0.001124
0.000302 0.033524 0.025128 0.912310 0.001035 0.000000 0.027028 0.000673
0.000792 0.005429 0.003296 0.001511 0.005849 0.000075 0.000000 0.983049
0.000163 0.769358 0.184518 0.015151 0.018194 0.007288 0.003284 0.002043
0.000491 0.573429 0.409149 0.012766 0.000839 0.002832 0.000253 0.000241
0.000610 0.009453 0.004734 0.553986 0.000211 0.000014 0.430992 0.000001
0.012301 0.480209 0.303793 0.165609 0.019516 0.001913 0.013059 0.003599
0.851965 0.023876 0.045340 0.007855 0.000667 0.036732 0.025288 0.008279
0.000643 0.123770 0.016782 0.075358 0.002957 0.777257 0.002227 0.001007
0.563971 0.172575 0.041078 0.034380 0.147033 0.039981 0.000000 0.000982
0.000304 0.629859 0.324794 0.012843 0.000176 0.000021 0.031885 0.000118
0.045291 0.023699 0.017976 0.292658 0.008735 0.003720 0.603173 0.004748
0.003036 0.044024 0.027948 0.838926 0.001613 0.005132 0.078515 0.000805
0.000826 0.054275 0.082140 0.338337 0.003254 0.427549 0.092411 0.001207
0.018894 0.016549 0.023432 0.032295 0.319676 0.004579 0.000078 0.584498
0.830475 0.038937 0.016208 0.005707 0.011251 0.029594 0.053595 0.014234
0.002303 0.005187 0.016473 0.934396 0.000613 0.000156 0.040117 0.000755
0.000533 0.009454 0.004729 0.554457 0.000206 0.000014 0.430606 0.000001
0.002060 0.651999 0.312341 0.009506 0.001448 0.000000 0.020817 0.001829
0.003140 0.228974 0.276770 0.195676 0.005643 0.000026 0.269143 0.020629
0.122563 0.515171 0.067883 0.222764 0.051231 0.020046 0.000000 0.000342
0.167318 0.138023 0.444369 0.141487 0.000476 0.000000 0.105426 0.002901
0.369106 0.245810 0.057839 0.073485 0.008297 0.031884 0.203078 0.010500
0.821178 0.019493 0.117815 0.008990 0.000899 0.000000 0.026152 0.005472
0.000451 0.024615 0.020688 0.827886 0.000416 0.002460 0.121594 0.001891
0.424952 0.091320 0.315700 0.089281 0.000643 0.000000 0.074191 0.003914
0.010942 0.016738 0.004333 0.004556 0.007245 0.953184 0.000537 0.002465
0.016009 0.097712 0.817398 0.002597 0.011561 0.003753 0.043170 0.007800
0.002469 0.024948 0.021977 0.814415 0.000779 0.003527 0.128341 0.003544
0.000345 0.022976 0.009103 0.639119 0.000465 0.000396 0.327344 0.000253
0.024012 0.023357 0.013775 0.456690 0.004819 0.002146 0.472582 0.002619
0.000605 0.007448 0.011459 0.562562 0.001263 0.000581 0.415848 0.000234
0.821298 0.019471 0.117755 0.008966 0.000899 0.000000 0.026137 0.005473
0.000303 0.024590 0.020594 0.828875 0.000389 0.002381 0.121099 0.001769
0.003038 0.005000 0.004339 0.006321 0.931441 0.000319 0.000405 0.049137
0.027318 0.219257 0.316826 0.105579 0.019730 0.209928 0.017928 0.083433
0.000205 0.767807 0.184768 0.015090 0.019205 0.007482 0.003287 0.002157
0.000250 0.863608 0.095961 0.015346 0.000490 0.000037 0.024024 0.000284
0.003038 0.005000 0.004339 0.006321 0.931441 0.000319 0.000405 0.049137
0.123571 0.289474 0.436386 0.006028 0.000000 0.010207 0.119755 0.014579
0.000792 0.005429 0.003296 0.001511 0.005849 0.000075 0.000000 0.983049
0.010935 0.016803 0.004341 0.004599 0.007242 0.953076 0.000538 0.002464
0.005074 0.518589 0.454638 0.009901 0.003347 0.007217 0.000274 0.000959
0.000000 0.052090 0.041168 0.010712 0.005007 0.816830 0.064978 0.009215
0.034968 0.429151 0.394918 0.018065 0.000000 0.004145 0.113798 0.004954
0.864547 0.054824 0.002003 0.026628 0.034288 0.000426 0.001013 0.016271
0.018068 0.019194 0.024280 0.026047 0.908892 0.000004 0.003386 0.000129
0.000612 0.165008 0.037878 0.026535 0.000429 0.756207 0.011279 0.002051
0.000200 0.135053 0.098242 0.330366 0.020406 0.008947 0.012383 0.394403
0.000762 0.005132 0.015914 0.938226 0.000428 0.000128 0.038883 0.000527
0.018894 0.016549 0.023432 0.032295 0.319676 0.004579 0.000078 0.584498
0.014592 0.767784 0.162217 0.006083 0.007033 0.000286 0.037930 0.004074
0.000792 0.005429 0.003296 0.001511 0.005849 0.000075 0.000000 0.983049
0.830521 0.038916 0.016203 0.005701 0.011251 0.029593 0.053580 0.014234
0.001961 0.799672 0.165719 0.023370 0.003432 0.003933 0.000326 0.001586
0.571936 0.159092 0.082560 0.015939 0.007939 0.091398 0.038297 0.032839
0.000608 0.007448 0.011459 0.562550 0.001263 0.000581 0.415857 0.000234
0.000355 0.013265 0.024819 0.865842 0.000397 0.004725 0.089856 0.000742
0.000455 0.183400 0.112840 0.326873 0.087390 0.002990 0.049942 0.236111
0.000750 0.033728 0.025626 0.910237 0.001300 0.000000 0.027513 0.000845
0.000353 0.862925 0.096433 0.015280 0.000536 0.000039 0.024123 0.000311
0.000448 0.492453 0.351080 0.122656 0.001704 0.002393 0.025798 0.003467
0.563969 0.172577 0.041078 0.034381 0.147033 0.039981 0.000000 0.000982
0.001186 0.005147 0.016068 0.937170 0.000479 0.000136 0.039223 0.000590
0.000330 0.863075 0.096329 0.015294 0.000526 0.000039 0.024101 0.000305
0.572525 0.158650 0.082482 0.015819 0.007946 0.091456 0.038255 0.032867
0.853649 0.028389 0.091344 0.016965 0.000762 0.002754 0.000831 0.005306
0.000459 0.005121 0.015805 0.938978 0.000392 0.000123 0.038641 0.000483
0.001988 0.435000 0.157032 0.320452 0.021242 0.009079 0.048776 0.006430
0.010948 0.016671 0.004326 0.004512 0.007248 0.953293 0.000536 0.002466
0.067528 0.042413 0.052053 0.502924 0.051694 0.125758 0.131308 0.026321
0.067148 0.006589 0.019402 0.221073 0.020315 0.004682 0.657031 0.003760
0.000891 0.112007 0.068645 0.330439 0.065530 0.002602 0.395987 0.023899
0.000091 0.771991 0.184094 0.015256 0.016478 0.006959 0.003280 0.001851
0.855128 0.022902 0.044439 0.007135 0.000668 0.036694 0.024743 0.008291
0.000648 0.123718 0.016776 0.075324 0.002959 0.777343 0.002226 0.001007
0.001233 0.199985 0.142333 0.183379 0.001334 0.038672 0.432076 0.000988
0.854880 0.022978 0.044510 0.007192 0.000668 0.036697 0.024786 0.008290
0.001587 0.037594 0.018006 0.103357 0.795307 0.000396 0.001787 0.041966
0.198376 0.237547 0.441281 0.103759 0.011823 0.001036 0.002593 0.003586
0.866289 0.025091 0.086081 0.012893 0.000768 0.002753 0.000779 0.005347
0.821299 0.019471 0.117755 0.008966 0.000899 0.000000 0.026137 0.005473
0.000743 0.349199 0.326496 0.191613 0.011541 0.021651 0.098753 0.000004
0.014423 0.406739 0.547418 0.004057 0.008462 0.016161 0.000316 0.002425
0.000471 0.009455 0.004725 0.554838 0.000203 0.000014 0.430294 0.000001
0.000827 0.348711 0.326694 0.191108 0.011893 0.021977 0.098786 0.000004
0.000752 0.033043 0.021374 0.872010 0.002468 0.011372 0.057724 0.001257
0.001661 0.064020 0.023015 0.842654 0.002066 0.008327 0.058157 0.000100
0.000101 0.083113 0.026363 0.052077 0.004955 0.000126 0.000000 0.833265
0.000467 0.013274 0.024893 0.865256 0.000414 0.004825 0.090097 0.000774
0.001603 0.113790 0.015621 0.068757 0.003357 0.793660 0.002069 0.001143
0.907589 0.029933 0.001421 0.009108 0.034478 0.000408 0.000702 0.016360
0.000071 0.729339 0.245806 0.005160 0.000115 0.002931 0.016275 0.000303
0.000792 0.005429 0.003296 0.001511 0.005849 0.000075 0.000000 0.983049
0.001326 0.025440 0.012327 0.923027 0.002483 0.003398 0.031639 0.000362
0.821299 0.019471 0.117755 0.008966 0.000899 0.000000 0.026137 0.005473
0.842312 0.028059 0.097992 0.005503 0.018905 0.000959 0.000539 0.005732
0.039587 0.016580 0.050899 0.660653 0.006484 0.039492 0.174199 0.012107
0.004417 0.006782 0.019628 0.015088 0.850624 0.006019 0.001049 0.096393
0.000736 0.011740 0.005170 0.005619 0.005777 0.000079 0.000000 0.970880
0.000792 0.005455 0.003303 0.001528 0.005849 0.000075 -0.000000 0.982998
0.866289 0.025091 0.086081 0.012893 0.000768 0.002753 0.000779 0.005347
0.007034 0.515787 0.225340 0.005036 0.183475 0.038974 0.003759 0.020595
0.124564 0.347186 0.279534 0.220308 0.002114 0.005623 0.005633 0.015040
0.002174 0.033243 0.022028 0.864150 0.003516 0.013808 0.059291 0.001791
0.866289 0.025091 0.086081 0.012893 0.000768 0.002753 0.000779 0.005347
0.025174 0.244501 0.463651 0.005640 0.078567 0.152932 0.010312 0.019223
0.004129 0.791487 0.169377 0.022655 0.004900 0.004855 0.000332 0.002264
0.003020 0.543169 0.434250 0.011185 0.002223 0.005251 0.000264 0.000637
0.003897 0.009402 0.004948 0.533901 0.000403 0.000020 0.447426 0.000003
0.000416 0.032996 0.021220 0.873866 0.002220 0.010797 0.057354 0.001131
0.045286 0.023699 0.017974 0.292700 0.008734 0.003720 0.603140 0.004747
0.855128 0.022902 0.044439 0.007135 0.000668 0.036694 0.024743 0.008291
0.000640 0.123801 0.016786 0.075379 0.002955 0.777205 0.002227 0.001006
0.000632 0.173652 0.768793 0.010311 0.001408 0.000818 0.043435 0.000950
0.017053 0.026049 0.029307 0.078214 0.298690 0.004448 0.000100 0.546139
0.000000 0.044282 0.038468 0.007371 0.005183 0.834912 0.060247 0.009538
0.000430 0.099785 0.028606 0.788328 0.003645 0.015694 0.061971 0.001541
0.000280 0.062775 0.021417 0.854344 0.001041 0.005584 0.054509 0.000051
0.005412 0.004499 0.016807 0.898870 0.004112 0.001804 0.066319 0.002176
0.002320 0.122812 0.082364 0.206782 0.147574 0.003525 0.036034 0.398590
0.001834 0.050096 0.048491 0.847037 0.001834 0.002525 0.046606 0.001577
0.000298 0.024590 0.020591 0.828905 0.000388 0.002379 0.121084 0.001766
0.000792 0.005429 0.003296 0.001511 0.005849 0.000075 0.000000 0.983048
0.003076 0.050305 0.049405 0.842821 0.002244 0.002830 0.047390 0.001929
0.028418 0.463640 0.457735 0.004197 0.002360 0.000143 0.041929 0.001578
0.000661 0.123587 0.016761 0.075237 0.002964 0.777558 0.002224 0.001009
0.001083 0.007442 0.011516 0.560113 0.001399 0.000611 0.417578 0.000259
0.032033 0.026616 0.013205 0.046529 0.584127 0.000000 0.210118 0.087372
0.000878 0.091012 0.023768 0.351293 0.111315 0.000000 0.405075 0.016659
0.135145 0.215889 0.390522 0.248445 0.000427 0.002817 0.003781 0.002975
0.001064 0.004388 0.015383 0.913822 0.001947 0.001140 0.061224 0.001031
0.007479 0.499368 0.227983 0.004381 0.194177 0.041026 0.003790 0.021796
0.003038 0.005000 0.004339 0.006321 0.931441 0.000319 0.000405 0.049137
0.001809 0.009434 0.004812 0.546659 0.000281 0.000016 0.436987 0.000002
0.000355 0.013265 0.024819 0.865839 0.000397 0.004726 0.089857 0.000742
0.000431 0.099785 0.028606 0.788323 0.003646 0.015696 0.061971 0.001541
0.000432 0.398758 0.282192 0.286089 0.020271 0.000000 0.012257 0.000000
0.002363 0.446348 0.469484 0.053459 0.000275 0.000130 0.027433 0.000507
0.000792 0.005429 0.003296 0.001511 0.005849 0.000075 0.000000 0.983049
0.463583 0.162122 0.196164 0.024836 0.117865 0.005836 0.007869 0.021725
0.001095 0.108379 0.080226 0.476154 0.116824 0.003316 0.000287 0.213718
0.293012 0.195927 0.204466 0.135023 0.000488 0.043501 0.121515 0.006068
0.000097 0.771769 0.184130 0.015248 0.016622 0.006987 0.003280 0.001867
0.001158 0.025416 0.012287 0.923525 0.002389 0.003330 0.031546 0.000348
0.000678 0.034897 0.012853 0.503847 0.001711 0.001860 0.444050 0.000105
0.842313 0.028059 0.097992 0.005503 0.018905 0.000959 0.000539 0.005732
0.000208 0.134676 0.098004 0.329371 0.020486 0.008951 0.012353 0.395952
0.000091 0.772006 0.184092 0.015257 0.016468 0.006957 0.003280 0.001850
0.010947 0.016686 0.004327 0.004522 0.007247 0.953270 0.000536 0.002466
0.028020 0.417338 0.477588 0.047310 0.000680 0.000217 0.027591 0.001255
0.855128 0.022902 0.044439 0.007135 0.000668 0.036694 0.024743 0.008291
0.000687 0.123310 0.016728 0.075054 0.002975 0.778013 0.002220 0.001013
0.002695 0.043972 0.027801 0.840120 0.001529 0.004975 0.078145 0.000764
0.003038 0.005001 0.004339 0.006325 0.931435 0.000319 0.000405 0.049137
0.000106 0.109952 0.041202 0.104363 0.000836 0.708413 0.019783 0.015345
0.001119 0.033095 0.021543 0.869977 0.002739 0.012002 0.058129 0.001395
0.000339 0.024596 0.020617 0.828634 0.000395 0.002400 0.121219 0.001799
0.099214 0.038926 0.035672 0.632650 0.056769 0.042931 0.085575 0.008264
0.000183 0.152991 0.787769 0.004059 0.000088 0.000717 0.053499 0.000694
0.011505 0.449073 0.358867 0.005255 0.013719 0.060298 0.015768 0.085515
0.000792 0.005429 0.003296 0.001511 0.005849 0.000075 -0.000000 0.983049
0.678439 0.044374 0.120841 0.016732 0.064727 0.050270 0.004226 0.020391
0.022039 0.394390 0.305014 0.256674 0.001357 0.004684 0.006181 0.009660
