-0.000000 0.999837 0.000163
0.000000 0.000474 0.999526
-0.000000 0.001366 0.998634
-0.000000 0.054706 0.945294
-0.000000 0.643134 0.356866
0.000000 0.999995 0.000005
0.000000 0.025372 0.974628
0.000000 0.328524 0.671476
-0.000000 0.041682 0.958318
-0.000000 0.347236 0.652764
-0.000000 1.000000 0.000000
0.000000 0.003814 0.996186
0.000000 0.999999 0.000001
-0.000000 0.999984 0.000016
0.000000 0.006963 0.993037
-0.000000 1.000000 0.000000
0.000000 0.019263 0.980737
-0.000000 0.000013 0.999987
0.000000 0.122747 0.877253
-0.000000 1.000000 0.000000
0.000000 0.000014 0.999986
-0.000000 0.999968 0.000032
-0.000000 0.015029 0.984971
0.000000 0.003417 0.996583
0.000000 0.992254 0.007746
0.000000 0.002640 0.997360
0.000000 0.999959 0.000041
0.000000 0.000502 0.999498
-0.000000 0.002837 0.997163
0.000000 0.304846 0.695154
0.000000 0.983174 0.016826
-0.000000 0.020202 0.979798
0.000000 0.008198 0.991802
0.000000 0.000000 1.000000
-0.000000 0.173359 0.826641
-0.000000 0.004888 0.995112
-0.000000 0.002725 0.997275
-0.000000 0.394399 0.605601
-0.000000 0.999613 0.000387
0.000000 0.999870 0.000130
0.000000 1.000000 0.000000
0.000000 0.104634 0.895366
0.000000 0.999829 0.000171
-0.000000 1.000000 0.000000
0.000000 0.999999 0.000001
-0.000000 0.659620 0.340380
0.000000 1.000000 0.000000
-0.000000 0.064281 0.935719
0.000000 0.002087 0.997913
-0.000000 0.003080 0.996920
0.000000 0.003653 0.996347
-0.000000 1.000000 0.000000
-0.000000 0.960210 0.039790
0.000000 0.980215 0.019785
-0.000000 1.000000 0.000000
-0.000000 0.988767 0.011233
-0.000000 0.013674 0.986326
0.000000 1.000000 0.000000
0.000000 0.006997 0.993003
-0.000000 0.457390 0.542610
-0.000000 0.999998 0.000002
-0.000000 0.991427 0.008573
-0.000000 0.000913 0.999087
0.000000 0.103142 0.896858
0.000000 1.000000 0.000000
0.000000 1.000000 -0.000000
-0.000000 0.095912 0.904088
-0.000000 0.972746 0.027254
0.000000 0.918220 0.081780
0.000000 0.000472 0.999528
0.000000 0.999971 0.000029
-0.000000 0.029523 0.970477
0.000000 0.998500 0.001500
0.000000 0.001506 0.998494
0.000000 0.112663 0.887337
-0.000000 0.999566 0.000434
0.000000 0.000441 0.999559
0.000000 0.000609 0.999391
-0.000000 0.002779 0.997221
-0.000000 0.020539 0.979461
-0.000000 0.032387 0.967613
0.000000 1.000000 0.000000
-0.000000 0.631443 0.368557
-0.000000 0.001865 0.998135
0.000000 0.004535 0.995465
0.000000 0.001676 0.998324
0.000000 0.041442 0.958558
0.000000 1.000000 0.000000
0.000000 0.257908 0.742092
0.000000 0.003722 0.996278
0.000000 0.999999 0.000001
0.000000 0.004233 0.995767
0.000000 0.004626 0.995374
-0.000000 0.001537 0.998463
0.000000 1.000000 0.000000
0.000000 0.000743 0.999257
-0.000000 1.000000 0.000000
-0.000000 0.000405 0.999595
0.000000 0.000572 0.999428
-0.000000 0.044204 0.955796
0.000000 1.000000 0.000000
0.000000 0.001202 0.998798
0.000000 0.956494 0.043506
0.000000 0.992396 0.007604
-0.000000 0.000878 0.999122
0.000000 0.011888 0.988112
-0.000000 1.000000 0.000000
0.000000 0.984393 0.015607
0.000000 0.017450 0.982550
0.000000 0.002555 0.997445
-0.000000 0.999974 0.000026
-0.000000 0.999522 0.000478
-0.000000 0.015608 0.984392
-0.000000 0.000994 0.999006
0.000000 0.817974 0.182026
-0.000000 1.000000 0.000000
-0.000000 0.001468 0.998532
0.000000 0.486863 0.513137
0.000000 0.001754 0.998246
-0.000000 0.001944 0.998056
0.000000 0.002284 0.997716
-0.000000 0.999905 0.000095
-0.000000 0.017532 0.982468
0.000000 0.163885 0.836115
-0.000000 0.999909 0.000091
-0.000000 1.000000 0.000000
0.000000 1.000000 0.000000
-0.000000 0.893116 0.106884
-0.000000 0.000219 0.999781
-0.000000 1.000000 0.000000
-0.000000 0.000692 0.999308
-0.000000 0.151204 0.848796
-0.000000 0.002758 0.997242
-0.000000 1.000000 0.000000
0.000000 0.999777 0.000223
-0.000000 0.999989 0.000011
0.000000 0.000000 1.000000
-0.000000 0.998193 0.001807
-0.000000 0.000090 0.999910
0.000000 1.000000 0.000000
0.000000 0.726833 0.273167
0.000000 0.014064 0.985936
-0.000000 0.000030 0.999970
-0.000000 0.000188 0.999812
0.000000 1.000000 0.000000
-0.000000 1.000000 0.000000
-0.000000 1.000000 0.000000
-0.000000 0.000717 0.999283
0.000000 1.000000 0.000000
0.000000 0.992605 0.007395
-0.000000 0.000225 0.999775
0.000000 0.000660 0.999340
0.000000 0.250309 0.749691
-0.000000 0.000221 0.999779
-0.000000 0.060636 0.939364
0.000000 0.054680 0.945320
0.000000 0.000001 0.999999
0.000000 1.000000 0.000000
0.000000 0.000634 0.999366
-0.000000 1.000000 0.000000
0.000000 0.113007 0.886993
-0.000000 0.136330 0.863670
-0.000000 0.059787 0.940213
-0.000000 0.999997 0.000003
-0.000000 0.913853 0.086147
-0.000000 0.000262 0.999738
-0.000000 0.000009 0.999991
-0.000000 0.999989 0.000011
0.000000 1.000000 0.000000
-0.000000 1.000000 0.000000
-0.000000 0.008347 0.991653
0.000000 0.781861 0.218139
-0.000000 1.000000 0.000000
-0.000000 0.999895 0.000105
0.000000 0.009870 0.990130
-0.000000 0.029472 0.970528
-0.000000 0.538703 0.461297
-0.000000 0.000258 0.999742
-0.000000 0.999999 0.000001
0.000000 0.002495 0.997505
-0.000000 0.987156 0.012844
-0.000000 0.000344 0.999656
0.000000 1.000000 0.000000
0.000000 0.702484 0.297516
-0.000000 0.018768 0.981232
0.000000 0.350081 0.649919
-0.000000 0.000867 0.999133
0.000000 0.037891 0.962109
0.000000 0.999999 0.000001
-0.000000 0.999938 0.000062
-0.000000 0.000102 0.999898
0.000000 0.090434 0.909566
0.000000 0.941818 0.058182
0.000000 1.000000 0.000000
-0.000000 0.001056 0.998944
-0.000000 0.000001 0.999999
0.000000 0.003560 0.996440
-0.000000 0.006674 0.993326
-0.000000 0.000038 0.999962
-0.000000 0.002857 0.997143
0.000000 0.019851 0.980149
0.000000 0.999999 0.000001
-0.000000 0.047600 0.952400
-0.000000 1.000000 0.000000
0.000000 0.153330 0.846670
-0.000000 1.000000 -0.000000
-0.000000 1.000000 0.000000
0.000000 0.000045 0.999955
0.000000 1.000000 0.000000
-0.000000 0.999955 0.000045
-0.000000 0.003846 0.996154
-0.000000 1.000000 0.000000
-0.000000 1.000000 0.000000
-0.000000 0.964788 0.035212
0.000000 0.022102 0.977898
0.000000 0.017903 0.982097
-0.000000 1.000000 0.000000
-0.000000 0.000005 0.999995
0.000000 0.999247 0.000753
-0.000000 1.000000 0.000000
0.000000 0.002238 0.997762
-0.000000 1.000000 0.000000
0.000000 0.051166 0.948834
-0.000000 0.979229 0.020771
0.000000 0.999641 0.000359
0.000000 0.153388 0.846612
-0.000000 1.000000 -0.000000
-0.000000 0.552612 0.447388
0.000000 0.002891 0.997109
-0.000000 0.000128 0.999872
0.000000 0.005253 0.994747
0.000000 0.004310 0.995690
-0.000000 0.000477 0.999523
0.000000 1.000000 -0.000000
0.000000 0.982586 0.017414
0.000000 0.000515 0.999485
-0.000000 0.000857 0.999143
-0.000000 0.991222 0.008778
-0.000000 0.053071 0.946929
0.000000 0.996713 0.003287
0.000000 0.738985 0.261015
-0.000000 1.000000 0.000000
0.000000 0.999964 0.000036
0.000000 1.000000 0.000000
0.000000 0.036708 0.963292
0.000000 0.010502 0.989498
0.000000 0.000001 0.999999
0.000000 1.000000 0.000000
-0.000000 0.008379 0.991621
-0.000000 1.000000 0.000000
0.000000 1.000000 0.000000
0.000000 0.590988 0.409012
0.000000 1.000000 0.000000
0.000000 0.010579 0.989421
-0.000000 0.000137 0.999863
-0.000000 0.206243 0.793757
0.000000 1.000000 0.000000
-0.000000 0.003654 0.996346
0.000000 0.000257 0.999743
-0.000000 0.996869 0.003131
-0.000000 1.000000 0.000000
0.000000 0.010311 0.989689
0.000000 0.000392 0.999608
-0.000000 0.095659 0.904341
0.000000 0.001288 0.998712
0.000000 0.002115 0.997885
-0.000000 0.002449 0.997551
-0.000000 1.000000 0.000000
-0.000000 0.996676 0.003324
-0.000000 1.000000 0.000000
0.000000 0.235761 0.764239
0.000000 0.999998 0.000002
-0.000000 0.052466 0.947534
-0.000000 0.000001 0.999999
-0.000000 0.000018 0.999982
-0.000000 0.086109 0.913891
0.000000 0.994546 0.005454
0.000000 0.612308 0.387692
-0.000000 0.050472 0.949528
-0.000000 0.999885 0.000115
0.000000 1.000000 0.000000
0.000000 0.997336 0.002664
-0.000000 0.015492 0.984508
0.000000 0.167157 0.832843
0.000000 0.015438 0.984562
-0.000000 0.020038 0.979962
-0.000000 0.000870 0.999130
-0.000000 0.026906 0.973094
0.000000 0.001272 0.998728
0.000000 0.997053 0.002947
-0.000000 0.886905 0.113095
0.000000 0.030189 0.969811
-0.000000 1.000000 -0.000000
-0.000000 1.000000 0.000000
0.000000 0.035384 0.964616
0.000000 0.029576 0.970424
-0.000000 1.000000 0.000000
0.000000 0.025892 0.974108
0.000000 0.999973 0.000027
0.000000 1.000000 0.000000
0.000000 0.855319 0.144681
-0.000000 1.000000 0.000000
-0.000000 1.000000 0.000000
0.000000 0.000294 0.999706
-0.000000 0.048516 0.951484
-0.000000 0.009298 0.990702
0.000000 1.000000 0.000000
0.000000 0.001170 0.998830
-0.000000 0.003848 0.996152
0.000000 0.000001 0.999999
0.000000 0.000112 0.999888
-0.000000 0.020844 0.979156
0.000000 0.000103 0.999897
0.000000 0.999611 0.000389
0.000000 0.898003 0.101997
0.000000 0.000912 0.999088
-0.000000 0.999998 0.000002
0.000000 0.999995 0.000005
-0.000000 0.057127 0.942873
0.000000 0.999849 0.000151
0.000000 0.477643 0.522357
0.000000 0.185734 0.814266
0.000000 0.879619 0.120381
-0.000000 1.000000 0.000000
0.000000 0.133420 0.866580
-0.000000 0.000114 0.999886
0.000000 0.983774 0.016226
-0.000000 0.009500 0.990500
-0.000000 0.320345 0.679655
-0.000000 1.000000 0.000000
-0.000000 1.000000 0.000000
-0.000000 0.999357 0.000643
0.000000 1.000000 -0.000000
-0.000000 1.000000 0.000000
0.000000 0.002224 0.997776
0.000000 0.000001 0.999999
-0.000000 0.879515 0.120485
-0.000000 0.067120 0.932880
0.000000 0.992175 0.007825
-0.000000 0.019382 0.980618
0.000000 0.000010 0.999990
0.000000 0.990505 0.009495
-0.000000 0.016632 0.983368
-0.000000 0.002423 0.997577
-0.000000 0.035065 0.964935
-0.000000 0.036088 0.963912
0.000000 0.000059 0.999941
0.000000 0.140070 0.859930
-0.000000 1.000000 0.000000
0.000000 0.000606 0.999394
0.000000 0.051704 0.948296
-0.000000 0.995080 0.004920
0.000000 1.000000 0.000000
0.000000 0.999948 0.000052
0.000000 0.001852 0.998148
0.000000 0.000007 0.999993
0.000000 0.000012 0.999988
0.000000 0.015884 0.984116
0.000000 0.001114 0.998886
-0.000000 1.000000 0.000000
-0.000000 0.001540 0.998460
0.000000 0.140594 0.859406
-0.000000 0.280890 0.719110
0.000000 0.000004 0.999996
-0.000000 0.163934 0.836066
0.000000 0.420239 0.579761
-0.000000 0.002996 0.997004
0.000000 0.000000 1.000000
-0.000000 0.085620 0.914380
-0.000000 0.002052 0.997948
-0.000000 0.000177 0.999823
-0.000000 0.003740 0.996260
0.000000 0.002374 0.997626
0.000000 1.000000 0.000000
-0.000000 1.000000 0.000000
0.000000 0.000937 0.999063
0.000000 0.956265 0.043735
-0.000000 0.999904 0.000096
0.000000 0.999573 0.000427
-0.000000 0.999596 0.000404
0.000000 0.000113 0.999887
0.000000 0.009057 0.990943
0.000000 0.000166 0.999834
0.000000 0.999985 0.000015
-0.000000 0.339148 0.660852
0.000000 0.000664 0.999336
-0.000000 0.000002 0.999998
-0.000000 0.000089 0.999911
0.000000 0.999076 0.000924
0.000000 0.013821 0.986179
-0.000000 0.045987 0.954013
0.000000 0.000025 0.999975
0.000000 0.001340 0.998660
0.000000 1.000000 0.000000
0.000000 0.009784 0.990216
0.000000 0.023211 0.976789
-0.000000 0.002611 0.997389
0.000000 0.003303 0.996697
0.000000 0.995991 0.004009
-0.000000 0.000320 0.999680
0.000000 1.000000 0.000000
-0.000000 0.000001 0.999999
-0.000000 1.000000 0.000000
0.000000 0.025203 0.974797
-0.000000 0.000087 0.999913
0.000000 1.000000 0.000000
0.000000 0.994509 0.005491
-0.000000 0.019238 0.980762
0.000000 0.001163 0.998837
0.000000 0.075735 0.924265
0.000000 0.244976 0.755024
0.000000 0.195578 0.804422
0.000000 0.150138 0.849862
0.000000 0.393706 0.606294
-0.000000 0.999847 0.000153
-0.000000 0.003058 0.996942
0.000000 0.484740 0.515260
0.000000 0.999260 0.000740
0.000000 1.000000 0.000000
-0.000000 0.043215 0.956785
0.000000 0.000001 0.999999
0.000000 0.528839 0.471161
-0.000000 0.000127 0.999873
-0.000000 1.000000 0.000000
0.000000 0.000096 0.999904
-0.000000 1.000000 0.000000
-0.000000 0.998056 0.001944
-0.000000 0.015529 0.984471
-0.000000 0.008431 0.991569
-0.000000 1.000000 0.000000
-0.000000 1.000000 0.000000
-0.000000 1.000000 0.000000
-0.000000 0.998657 0.001343
0.000000 0.344940 0.655060
0.000000 0.953719 0.046281
0.000000 0.273865 0.726135
-0.000000 0.945475 0.054525
-0.000000 0.995138 0.004862
-0.000000 0.129439 0.870561
0.000000 0.013660 0.986340
0.000000 0.003219 0.996781
0.000000 1.000000 0.000000
0.000000 0.999834 0.000166
0.000000 1.000000 0.000000
-0.000000 0.994585 0.005415
0.000000 0.031314 0.968686
0.000000 0.998952 0.001048
-0.000000 0.000164 0.999836
0.000000 0.000005 0.999995
0.000000 0.042189 0.957811
-0.000000 0.010334 0.989666
0.000000 0.015551 0.984449
-0.000000 0.005979 0.994021
-0.000000 0.999996 0.000004
-0.000000 0.007642 0.992358
0.000000 0.013957 0.986043
-0.000000 1.000000 0.000000
-0.000000 0.984348 0.015652
0.000000 0.000058 0.999942
0.000000 0.000573 0.999427
0.000000 0.999869 0.000131
-0.000000 0.991393 0.008607
0.000000 0.999637 0.000363
-0.000000 0.000770 0.999230
0.000000 0.000056 0.999944
-0.000000 1.000000 0.000000
-0.000000 0.000815 0.999185
-0.000000 0.000104 0.999896
0.000000 0.999689 0.000311
-0.000000 0.467461 0.532539
0.000000 0.170794 0.829206
0.000000 1.000000 0.000000
-0.000000 1.000000 -0.000000
-0.000000 0.018526 0.981474
-0.000000 1.000000 0.000000
-0.000000 0.000000 1.000000
-0.000000 0.022110 0.977890
-0.000000 0.005002 0.994998
0.000000 0.043370 0.956630
0.000000 0.007913 0.992087
0.000000 0.001808 0.998192
0.000000 0.093786 0.906214
-0.000000 0.999569 0.000431
-0.000000 0.000144 0.999856
-0.000000 1.000000 0.000000
0.000000 0.008299 0.991701
-0.000000 1.000000 -0.000000
0.000000 0.999999 0.000001
-0.000000 0.627132 0.372868
0.000000 1.000000 0.000000
-0.000000 0.920018 0.079982
-0.000000 0.999672 0.000328
0.000000 1.000000 0.000000
0.000000 0.940303 0.059697
-0.000000 0.160757 0.839243
0.000000 0.026011 0.973989
-0.000000 1.000000 0.000000
0.000000 1.000000 0.000000
0.000000 0.077552 0.922448
-0.000000 0.200730 0.799270
-0.000000 0.063490 0.936510
0.000000 0.000000 1.000000
-0.000000 0.999881 0.000119
-0.000000 1.000000 0.000000
-0.000000 0.000022 0.999978
0.000000 0.025832 0.974168
0.000000 0.897741 0.102259
-0.000000 0.999498 0.000502
-0.000000 0.000012 0.999988
0.000000 0.002900 0.997100
0.000000 0.056559 0.943441
-0.000000 0.424231 0.575769
-0.000000 0.012233 0.987767
0.000000 0.000005 0.999995
0.000000 0.999996 0.000004
0.000000 0.024508 0.975492
0.000000 0.999999 0.000001
-0.000000 0.002049 0.997951
0.000000 0.007345 0.992655
0.000000 0.995358 0.004642
0.000000 0.000083 0.999917
-0.000000 0.089722 0.910278
-0.000000 0.006938 0.993062
0.000000 1.000000 0.000000
0.000000 1.000000 0.000000
-0.000000 0.024835 0.975165
-0.000000 0.000015 0.999985
-0.000000 0.000024 0.999976
-0.000000 0.000752 0.999248
0.000000 0.000545 0.999455
0.000000 1.000000 0.000000
-0.000000 1.000000 0.000000
0.000000 0.006597 0.993403
0.000000 0.278045 0.721955
0.000000 0.000878 0.999122
-0.000000 0.006603 0.993397
0.000000 0.002082 0.997918
0.000000 1.000000 0.000000
0.000000 0.016824 0.983176
-0.000000 0.000001 0.999999
0.000000 0.999737 0.000263
-0.000000 0.155627 0.844373
0.000000 1.000000 -0.000000
-0.000000 0.004661 0.995339
-0.000000 0.021710 0.978290
-0.000000 0.999977 0.000023
-0.000000 0.000036 0.999964
0.000000 0.010456 0.989544
0.000000 0.000820 0.999180
-0.000000 0.997712 0.002288
0.000000 0.000529 0.999471
0.000000 1.000000 0.000000
-0.000000 1.000000 0.000000
-0.000000 1.000000 0.000000
0.000000 0.001470 0.998530
-0.000000 0.000134 0.999866
0.000000 1.000000 0.000000
-0.000000 1.000000 0.000000
0.000000 0.000169 0.999831
0.000000 0.999998 0.000002
-0.000000 0.999999 0.000001
-0.000000 0.046830 0.953170
-0.000000 0.294828 0.705172
0.000000 0.999681 0.000319
0.000000 0.995295 0.004705
-0.000000 0.026014 0.973986
-0.000000 0.171197 0.828803
-0.000000 0.020264 0.979736
0.000000 0.999692 0.000308
-0.000000 0.695456 0.304544
0.000000 0.003956 0.996044
-0.000000 1.000000 0.000000
-0.000000 0.000099 0.999901
-0.000000 0.003114 0.996886
-0.000000 1.000000 0.000000
0.000000 1.000000 0.000000
0.000000 0.072377 0.927623
-0.000000 0.054195 0.945805
0.000000 0.000002 0.999998
-0.000000 0.000004 0.999996
0.000000 0.002708 0.997292
-0.000000 0.084082 0.915918
0.000000 0.000033 0.999967
-0.000000 0.011441 0.988559
0.000000 0.085441 0.914559
-0.000000 0.999999 0.000001
0.000000 0.999558 0.000442
0.000000 0.000001 0.999999
0.000000 0.000329 0.999671
0.000000 0.999723 0.000277
0.000000 1.000000 0.000000
-0.000000 1.000000 -0.000000
-0.000000 0.038194 0.961806
-0.000000 0.000624 0.999376
-0.000000 0.164281 0.835719
0.000000 0.000001 0.999999
0.000000 0.000247 0.999753
-0.000000 0.000908 0.999092
-0.000000 0.000264 0.999736
-0.000000 0.001979 0.998021
-0.000000 0.002000 0.998000
0.000000 0.470212 0.529788
0.000000 0.217269 0.782731
-0.000000 1.000000 0.000000
0.000000 0.000709 0.999291
-0.000000 0.001303 0.998697
-0.000000 0.998516 0.001484
-0.000000 0.998314 0.001686
0.000000 0.003908 0.996092
-0.000000 1.000000 0.000000
-0.000000 0.003859 0.996141
0.000000 0.009170 0.990830
0.000000 0.000034 0.999966
0.000000 0.010151 0.989849
0.000000 0.049278 0.950722
-0.000000 0.265003 0.734997
-0.000000 0.108281 0.891719
-0.000000 0.006255 0.993745
-0.000000 1.000000 0.000000
0.000000 0.003278 0.996722
0.000000 1.000000 -0.000000
-0.000000 0.000343 0.999657
0.000000 0.002474 0.997526
-0.000000 0.999978 0.000022
0.000000 0.009884 0.990116
-0.000000 0.056441 0.943559
0.000000 0.001050 0.998950
-0.000000 0.465790 0.534210
-0.000000 0.005374 0.994626
-0.000000 0.999980 0.000020
0.000000 1.000000 0.000000
0.000000 0.008025 0.991975
0.000000 0.007312 0.992688
0.000000 0.001885 0.998115
0.000000 0.990209 0.009791
-0.000000 0.976837 0.023163
0.000000 0.999991 0.000009
-0.000000 0.027129 0.972871
0.000000 0.007670 0.992330
-0.000000 0.999585 0.000415
0.000000 0.002571 0.997429
0.000000 0.004302 0.995698
0.000000 0.000326 0.999674
0.000000 0.001937 0.998063
-0.000000 0.041954 0.958046
0.000000 0.999997 0.000003
0.000000 1.000000 0.000000
0.000000 1.000000 0.000000
0.000000 0.009917 0.990083
-0.000000 0.962813 0.037187
0.000000 1.000000 0.000000
-0.000000 1.000000 0.000000
-0.000000 0.000000 1.000000
-0.000000 0.631714 0.368286
0.000000 0.999086 0.000914
0.000000 0.003623 0.996377
0.000000 0.003351 0.996649
-0.000000 0.003337 0.996663
-0.000000 1.000000 0.000000
-0.000000 0.997022 0.002978
0.000000 0.000003 0.999997
-0.000000 0.058404 0.941596
-0.000000 0.001895 0.998105
-0.000000 1.000000 0.000000
-0.000000 0.023135 0.976865
0.000000 0.302314 0.697686
-0.000000 0.027545 0.972455
-0.000000 0.999999 0.000001
-0.000000 0.007887 0.992113
0.000000 0.050136 0.949864
-0.000000 0.000064 0.999936
-0.000000 0.024960 0.975040
0.000000 0.028136 0.971864
-0.000000 0.999997 0.000003
-0.000000 0.034813 0.965187
0.000000 0.009511 0.990489
0.000000 0.000698 0.999302
-0.000000 0.845264 0.154736
0.000000 0.999897 0.000103
-0.000000 0.033426 0.966574
0.000000 0.000047 0.999953
0.000000 0.999986 0.000014
-0.000000 0.000005 0.999995
-0.000000 0.999964 0.000036
0.000000 0.000002 0.999998
0.000000 1.000000 0.000000
-0.000000 0.010289 0.989711
-0.000000 0.004816 0.995184
0.000000 1.000000 0.000000
-0.000000 0.010317 0.989683
-0.000000 0.000000 1.000000
0.000000 0.000001 0.999999
-0.000000 0.999975 0.000025
0.000000 0.226749 0.773251
-0.000000 0.009542 0.990458
-0.000000 1.000000 -0.000000
-0.000000 1.000000 -0.000000
0.000000 0.004924 0.995076
0.000000 0.141237 0.858763
-0.000000 0.999988 0.000012
0.000000 0.092828 0.907172
0.000000 0.000146 0.999854
0.000000 0.005302 0.994698
0.000000 1.000000 0.000000
0.000000 0.999985 0.000015
0.000000 0.008578 0.991422
0.000000 0.080284 0.919716
-0.000000 0.999969 0.000031
0.000000 0.012839 0.987161
-0.000000 0.008118 0.991882
-0.000000 0.219512 0.780488
-0.000000 0.040687 0.959313
-0.000000 0.999163 0.000837
0.000000 0.000012 0.999988
-0.000000 0.002584 0.997416
0.000000 1.000000 0.000000
0.000000 1.000000 -0.000000
-0.000000 0.000006 0.999994
-0.000000 0.999957 0.000043
-0.000000 0.018492 0.981508
-0.000000 0.029417 0.970583
0.000000 0.019957 0.980043
-0.000000 0.601858 0.398142
-0.000000 0.000135 0.999865
-0.000000 0.999972 0.000028
-0.000000 0.453429 0.546571
0.000000 0.064370 0.935630
0.000000 0.954105 0.045895
-0.000000 0.897130 0.102870
0.000000 0.030611 0.969389
0.000000 0.002919 0.997081
-0.000000 0.156869 0.843131
0.000000 0.000001 0.999999
0.000000 0.000303 0.999697
0.000000 0.044427 0.955573
0.000000 0.005716 0.994284
0.000000 0.999999 0.000001
-0.000000 0.000003 0.999997
-0.000000 0.014901 0.985099
0.000000 1.000000 0.000000
-0.000000 0.000001 0.999999
0.000000 0.002563 0.997437
-0.000000 1.000000 0.000000
0.000000 0.000010 0.999990
0.000000 0.095099 0.904901
0.000000 0.003930 0.996070
-0.000000 0.000197 0.999803
-0.000000 0.000027 0.999973
0.000000 0.059494 0.940506
-0.000000 0.000601 0.999399
0.000000 0.999998 0.000002
0.000000 1.000000 -0.000000
0.000000 0.019780 0.980220
-0.000000 1.000000 0.000000
-0.000000 0.030679 0.969321
0.000000 0.048693 0.951307
0.000000 0.000168 0.999832
0.000000 0.177182 0.822818
0.000000 0.098587 0.901413
0.000000 0.010437 0.989563
0.000000 0.014700 0.985300
0.000000 0.999996 0.000004
0.000000 0.016576 0.983424
-0.000000 0.000007 0.999993
-0.000000 0.014860 0.985140
0.000000 0.001504 0.998496
0.000000 1.000000 0.000000
-0.000000 0.000794 0.999206
0.000000 0.007582 0.992418
-0.000000 0.013000 0.987000
-0.000000 0.006974 0.993026
0.000000 0.998658 0.001342
0.000000 0.001120 0.998880
-0.000000 0.717024 0.282976
0.000000 0.000195 0.999805
0.000000 0.004507 0.995493
0.000000 0.999989 0.000011
-0.000000 0.011379 0.988621
0.000000 0.531672 0.468328
-0.000000 0.004564 0.995436
0.000000 0.067495 0.932505
0.000000 0.004548 0.995452
0.000000 0.014648 0.985352
-0.000000 0.000049 0.999951
-0.000000 1.000000 -0.000000
0.000000 0.000354 0.999646
-0.000000 0.994235 0.005765
-0.000000 0.000010 0.999990
-0.000000 0.010275 0.989725
0.000000 1.000000 0.000000
0.000000 0.003529 0.996471
-0.000000 0.999585 0.000415
0.000000 0.999706 0.000294
0.000000 1.000000 0.000000
-0.000000 0.999999 0.000001
-0.000000 1.000000 0.000000
-0.000000 0.000062 0.999938
0.000000 0.000007 0.999993
0.000000 0.671689 0.328311
0.000000 0.094613 0.905387
0.000000 0.000834 0.999166
-0.000000 0.882378 0.117622
0.000000 1.000000 0.000000
0.000000 0.000084 0.999916
-0.000000 0.061744 0.938256
0.000000 0.200644 0.799356
-0.000000 0.002679 0.997321
-0.000000 0.065789 0.934211
-0.000000 0.003182 0.996818
-0.000000 0.049363 0.950637
0.000000 0.008714 0.991286
0.000000 0.998756 0.001244
0.000000 0.000001 0.999999
0.000000 0.003038 0.996962
-0.000000 0.030934 0.969066
0.000000 1.000000 0.000000
0.000000 0.002804 0.997196
-0.000000 0.999960 0.000040
0.000000 0.008414 0.991586
0.000000 0.000005 0.999995
0.000000 0.093163 0.906837
-0.000000 0.002505 0.997495
-0.000000 0.003244 0.996756
0.000000 0.994343 0.005657
0.000000 0.999962 0.000038
0.000000 0.144756 0.855244
-0.000000 0.020337 0.979663
0.000000 0.000394 0.999606
-0.000000 0.790640 0.209360
-0.000000 1.000000 0.000000
-0.000000 0.000003 0.999997
-0.000000 0.101360 0.898640
0.000000 0.018627 0.981373
-0.000000 0.609834 0.390166
-0.000000 0.000626 0.999374
0.000000 0.999999 0.000001
0.000000 0.025681 0.974319
-0.000000 0.000032 0.999968
-0.000000 0.473339 0.526661
-0.000000 0.096860 0.903140
-0.000000 0.999989 0.000011
0.000000 0.972546 0.027454
-0.000000 1.000000 0.000000
0.000000 0.007572 0.992428
0.000000 0.000002 0.999998
-0.000000 0.011760 0.988240
0.000000 0.999998 0.000002
-0.000000 1.000000 0.000000
-0.000000 0.999998 0.000002
-0.000000 0.001257 0.998743
0.000000 0.001395 0.998605
-0.000000 1.000000 0.000000
-0.000000 0.999998 0.000002
0.000000 1.000000 0.000000
0.000000 1.000000 0.000000
-0.000000 1.000000 0.000000
0.000000 0.999824 0.000176
-0.000000 0.000046 0.999954
-0.000000 0.033580 0.966420
-0.000000 0.007595 0.992405
0.000000 0.001651 0.998349
-0.000000 0.000240 0.999760
0.000000 0.000149 0.999851
-0.000000 0.000408 0.999592
0.000000 0.965772 0.034228
-0.000000 0.004865 0.995135
-0.000000 1.000000 0.000000
0.000000 0.917509 0.082491
-0.000000 0.000514 0.999486
0.000000 0.000001 0.999999
0.000000 0.181089 0.818911
-0.000000 0.496086 0.503914
-0.000000 0.000074 0.999926
-0.000000 0.064156 0.935844
-0.000000 0.002418 0.997582
-0.000000 0.000090 0.999910
-0.000000 0.538902 0.461098
0.000000 0.005573 0.994427
-0.000000 0.994823 0.005177
-0.000000 0.000434 0.999566
-0.000000 0.005735 0.994265
-0.000000 1.000000 0.000000
-0.000000 0.022664 0.977336
0.000000 0.026197 0.973803
-0.000000 0.999997 0.000003
-0.000000 1.000000 0.000000
0.000000 0.000003 0.999997
0.000000 0.000269 0.999731
-0.000000 0.012987 0.987013
-0.000000 0.006941 0.993059
-0.000000 0.000067 0.999933
0.000000 0.560315 0.439685
-0.000000 0.000245 0.999755
0.000000 0.001049 0.998951
0.000000 0.030078 0.969922
0.000000 0.001154 0.998846
0.000000 0.911446 0.088554
-0.000000 0.380029 0.619971
-0.000000 0.001201 0.998799
0.000000 0.004928 0.995072
-0.000000 0.479787 0.520213
0.000000 1.000000 0.000000
-0.000000 0.010500 0.989500
0.000000 0.000728 0.999272
-0.000000 0.000535 0.999465
0.000000 0.919448 0.080552
0.000000 0.000924 0.999076
0.000000 1.000000 0.000000
-0.000000 0.892341 0.107659
-0.000000 0.936368 0.063632
0.000000 0.003678 0.996322
0.000000 0.133310 0.866690
-0.000000 0.051662 0.948338
0.000000 0.002766 0.997234
0.000000 1.000000 0.000000
0.000000 0.000084 0.999916
-0.000000 0.006154 0.993846
-0.000000 0.132959 0.867041
-0.000000 1.000000 0.000000
0.000000 0.002100 0.997900
0.000000 0.000270 0.999730
-0.000000 1.000000 0.000000
0.000000 0.999863 0.000137
0.000000 0.020146 0.979854
0.000000 0.000074 0.999926
0.000000 0.009216 0.990784
0.000000 0.003787 0.996213
-0.000000 0.912677 0.087323
-0.000000 0.000322 0.999678
-0.000000 0.498823 0.501177
0.000000 0.003954 0.996046
0.000000 1.000000 0.000000
0.000000 0.042407 0.957593
0.000000 0.719731 0.280269
-0.000000 0.010944 0.989056
-0.000000 0.013554 0.986446
0.000000 0.000500 0.999500
-0.000000 0.042272 0.957728
0.000000 1.000000 0.000000
-0.000000 0.030818 0.969182
0.000000 0.989742 0.010258
-0.000000 0.091665 0.908335
-0.000000 0.007809 0.992191
0.000000 0.999992 0.000008
0.000000 0.999944 0.000056
0.000000 0.999998 0.000002
-0.000000 0.999998 0.000002
0.000000 0.994314 0.005686
-0.000000 0.000582 0.999418
0.000000 0.405206 0.594794
0.000000 0.045700 0.954300
-0.000000 1.000000 0.000000
0.000000 0.055708 0.944292
-0.000000 0.000408 0.999592
-0.000000 0.027613 0.972387
0.000000 0.018063 0.981937
-0.000000 0.000709 0.999291
-0.000000 1.000000 0.000000
0.000000 0.001305 0.998695
-0.000000 0.000000 1.000000
-0.000000 0.000371 0.999629
0.000000 0.999996 0.000004
-0.000000 0.073639 0.926361
-0.000000 0.001664 0.998336
-0.000000 0.000004 0.999996
-0.000000 0.002195 0.997805
-0.000000 0.084475 0.915525
-0.000000 0.999063 0.000937
0.000000 0.003006 0.996994
-0.000000 0.352888 0.647112
0.000000 0.000549 0.999451
0.000000 0.002134 0.997866
0.000000 0.097948 0.902052
0.000000 0.999996 0.000004
-0.000000 1.000000 0.000000
0.000000 0.318322 0.681678
-0.000000 0.003355 0.996645
0.000000 1.000000 -0.000000
0.000000 1.000000 0.000000
0.000000 0.009491 0.990509
-0.000000 0.000657 0.999343
-0.000000 0.001095 0.998905
0.000000 0.888454 0.111546
0.000000 0.002178 0.997822
0.000000 0.000981 0.999019
0.000000 0.999930 0.000070
-0.000000 0.001914 0.998086
0.000000 0.017599 0.982401
-0.000000 0.000013 0.999987
-0.000000 0.003196 0.996804
-0.000000 0.000326 0.999674
-0.000000 0.000269 0.999731
-0.000000 0.997983 0.002017
-0.000000 0.999988 0.000012
0.000000 0.565625 0.434375
0.000000 0.994099 0.005901
0.000000 0.999999 0.000001
-0.000000 0.012156 0.987844
-0.000000 0.952980 0.047020
0.000000 0.999959 0.000041
0.000000 0.005100 0.994900
-0.000000 0.019059 0.980941
-0.000000 0.086863 0.913137
-0.000000 0.038701 0.961299
0.000000 0.000085 0.999915
0.000000 0.000062 0.999938
-0.000000 0.000000 1.000000
-0.000000 0.002156 0.997844
0.000000 0.036462 0.963538
-0.000000 1.000000 0.000000
-0.000000 0.000182 0.999818
-0.000000 0.006731 0.993269
-0.000000 1.000000 0.000000
-0.000000 0.000073 0.999927
-0.000000 0.008337 0.991663
-0.000000 0.013917 0.986083
0.000000 0.000101 0.999899
-0.000000 1.000000 0.000000
-0.000000 0.999919 0.000081
-0.000000 0.015445 0.984555
0.000000 0.001388 0.998612
-0.000000 0.013844 0.986156
-0.000000 0.000105 0.999895
-0.000000 0.000661 0.999339
-0.000000 0.502171 0.497829
0.000000 0.005469 0.994531
-0.000000 0.000894 0.999106
-0.000000 0.001523 0.998477
-0.000000 0.001696 0.998304
-0.000000 0.000002 0.999998
0.000000 0.128331 0.871669
0.000000 0.999996 0.000004
0.000000 1.000000 0.000000
0.000000 0.000112 0.999888
0.000000 0.997206 0.002794
-0.000000 0.316824 0.683176
0.000000 0.028586 0.971414
-0.000000 0.081426 0.918574
0.000000 0.998088 0.001912
0.000000 0.000002 0.999998
-0.000000 0.999965 0.000035
0.000000 0.070541 0.929459
0.000000 0.211220 0.788780
-0.000000 0.000561 0.999439
0.000000 0.000291 0.999709
0.000000 0.003801 0.996199
-0.000000 0.001422 0.998578
0.000000 0.000205 0.999795
-0.000000 0.999998 0.000002
-0.000000 1.000000 0.000000
0.000000 0.013178 0.986822
0.000000 0.035860 0.964140
-0.000000 0.000003 0.999997
0.000000 0.960256 0.039744
0.000000 0.125160 0.874840
0.000000 0.009822 0.990178
-0.000000 0.019850 0.980150
0.000000 1.000000 0.000000
0.000000 1.000000 0.000000
-0.000000 1.000000 0.000000
-0.000000 0.000501 0.999499
-0.000000 0.000024 0.999976
0.000000 0.037485 0.962515
-0.000000 1.000000 0.000000
-0.000000 0.041303 0.958697
0.000000 0.999999 0.000001
-0.000000 0.986587 0.013413
0.000000 0.782762 0.217238
-0.000000 0.000030 0.999970
-0.000000 0.999994 0.000006
-0.000000 0.038472 0.961528
-0.000000 0.113488 0.886512
-0.000000 0.000065 0.999935
0.000000 0.000136 0.999864
0.000000 0.000457 0.999543
0.000000 0.900457 0.099543
-0.000000 0.000001 0.999999
-0.000000 1.000000 0.000000
0.000000 0.044672 0.955328
-0.000000 0.000001 0.999999
0.000000 0.000432 0.999568
-0.000000 1.000000 0.000000
0.000000 1.000000 0.000000
0.000000 0.901100 0.098900
0.000000 0.605671 0.394329
-0.000000 0.999810 0.000190
0.000000 0.013475 0.986525
-0.000000 1.000000 0.000000
0.000000 0.999994 0.000006
0.000000 0.000041 0.999959
-0.000000 0.052796 0.947204
0.000000 0.999986 0.000014
-0.000000 1.000000 0.000000
-0.000000 0.008941 0.991059
-0.000000 1.000000 0.000000
0.000000 0.000001 0.999999
0.000000 0.000462 0.999538
0.000000 1.000000 0.000000
0.000000 0.006515 0.993485
-0.000000 0.000001 0.999999
0.000000 1.000000 0.000000
-0.000000 0.995722 0.004278
-0.000000 0.184496 0.815504
-0.000000 1.000000 0.000000
-0.000000 0.000964 0.999036
0.000000 0.001040 0.998960
-0.000000 1.000000 0.000000
-0.000000 0.000584 0.999416
-0.000000 1.000000 -0.000000
-0.000000 0.002043 0.997957
0.000000 0.000021 0.999979
0.000000 1.000000 -0.000000
-0.000000 0.999278 0.000722
0.000000 0.334950 0.665050
0.000000 0.004782 0.995218
-0.000000 0.000474 0.999526
0.000000 0.999600 0.000400
0.000000 1.000000 0.000000
-0.000000 0.002152 0.997848
0.000000 0.000021 0.999979
-0.000000 0.023324 0.976676
-0.000000 0.000423 0.999577
-0.000000 0.999985 0.000015
0.000000 1.000000 0.000000
0.000000 0.198476 0.801524
-0.000000 1.000000 0.000000
0.000000 0.931226 0.068774
-0.000000 0.003100 0.996900
0.000000 0.019221 0.980779
-0.000000 0.999644 0.000356
-0.000000 0.934629 0.065371
-0.000000 0.003428 0.996572
0.000000 0.014846 0.985154
-0.000000 1.000000 0.000000
-0.000000 0.032343 0.967657
0.000000 0.000004 0.999996
-0.000000 0.001435 0.998565
-0.000000 0.010934 0.989066
-0.000000 0.022542 0.977458
-0.000000 0.024637 0.975363
0.000000 0.999999 0.000001
0.000000 0.001651 0.998349
-0.000000 0.000321 0.999679
-0.000000 1.000000 0.000000
0.000000 0.000001 0.999999
0.000000 1.000000 0.000000
-0.000000 0.999992 0.000008
0.000000 0.636268 0.363732
0.000000 0.022736 0.977264
-0.000000 0.999504 0.000496
-0.000000 0.001237 0.998763
-0.000000 0.945814 0.054186
0.000000 0.009982 0.990018
0.000000 0.008363 0.991637
-0.000000 0.038301 0.961699
0.000000 0.000439 0.999561
0.000000 0.007461 0.992539
0.000000 0.000825 0.999175
0.000000 1.000000 0.000000
0.000000 0.000671 0.999329
-0.000000 1.000000 0.000000
-0.000000 0.999999 0.000001
0.000000 1.000000 0.000000
0.000000 0.001188 0.998812
0.000000 0.001118 0.998882
-0.000000 0.055255 0.944745
-0.000000 0.000390 0.999610
0.000000 0.115102 0.884898
0.000000 0.999658 0.000342
0.000000 1.000000 0.000000
-0.000000 0.000077 0.999923
-0.000000 0.999998 0.000002
0.000000 0.000553 0.999447
0.000000 0.000313 0.999687
-0.000000 0.012860 0.987140
-0.000000 0.028303 0.971697
0.000000 1.000000 -0.000000
-0.000000 0.000417 0.999583
-0.000000 0.371164 0.628836
-0.000000 0.265531 0.734469
0.000000 0.081316 0.918684
0.000000 0.424683 0.575317
0.000000 0.000019 0.999981
0.000000 1.000000 0.000000
-0.000000 1.000000 0.000000
0.000000 0.000176 0.999824
-0.000000 0.000794 0.999206
-0.000000 1.000000 -0.000000
-0.000000 0.021565 0.978435
-0.000000 1.000000 0.000000
-0.000000 0.000322 0.999678
0.000000 0.014225 0.985775
0.000000 1.000000 0.000000
-0.000000 0.000139 0.999861
0.000000 0.000413 0.999587
-0.000000 0.003848 0.996152
-0.000000 0.000705 0.999295
0.000000 0.996387 0.003613
-0.000000 0.997515 0.002485
0.000000 1.000000 0.000000
0.000000 0.032199 0.967801
0.000000 1.000000 0.000000
-0.000000 0.000003 0.999997
0.000000 0.000000 1.000000
-0.000000 0.004703 0.995297
0.000000 0.277742 0.722258
-0.000000 0.129973 0.870027
0.000000 0.999912 0.000088
0.000000 0.999999 0.000001
-0.000000 0.999667 0.000333
-0.000000 0.000600 0.999400
-0.000000 0.000001 0.999999
-0.000000 0.999874 0.000126
0.000000 1.000000 0.000000
0.000000 0.999938 0.000062
0.000000 0.000277 0.999723
0.000000 0.001874 0.998126
0.000000 1.000000 0.000000
-0.000000 0.001920 0.998080
0.000000 0.000002 0.999998
-0.000000 1.000000 0.000000
-0.000000 0.002443 0.997557
0.000000 1.000000 0.000000
-0.000000 0.001611 0.998389
0.000000 0.000270 0.999730
-0.000000 0.021855 0.978145
-0.000000 0.999506 0.000494
0.000000 0.032023 0.967977
-0.000000 0.000045 0.999955
-0.000000 0.015322 0.984678
0.000000 0.000719 0.999281
0.000000 0.728082 0.271918
0.000000 0.000072 0.999928
0.000000 0.002259 0.997741
0.000000 1.000000 -0.000000
0.000000 0.023302 0.976698
-0.000000 0.137639 0.862361
0.000000 0.993493 0.006507
0.000000 0.029381 0.970619
0.000000 0.064669 0.935331
0.000000 0.111111 0.888889
-0.000000 0.000015 0.999985
0.000000 0.003189 0.996811
-0.000000 0.999424 0.000576
0.000000 1.000000 0.000000
-0.000000 0.000310 0.999690
0.000000 0.022544 0.977456
0.000000 0.986135 0.013865
-0.000000 0.077026 0.922974
0.000000 1.000000 0.000000
-0.000000 0.001446 0.998554
0.000000 0.467567 0.532433
-0.000000 0.000049 0.999951
0.000000 0.007261 0.992739
0.000000 0.510125 0.489875
0.000000 0.006567 0.993433
-0.000000 1.000000 0.000000
-0.000000 0.001025 0.998975
-0.000000 0.999999 0.000001
-0.000000 0.946458 0.053542
0.000000 0.001592 0.998408
0.000000 0.999999 0.000001
0.000000 0.000009 0.999991
0.000000 1.000000 0.000000
0.000000 0.047400 0.952600
-0.000000 0.999767 0.000233
-0.000000 0.872345 0.127655
-0.000000 1.000000 0.000000
0.000000 0.999999 0.000001
0.000000 0.000300 0.999700
-0.000000 0.907265 0.092735
0.000000 1.000000 0.000000
0.000000 0.999859 0.000141
-0.000000 0.013887 0.986113
0.000000 1.000000 0.000000
-0.000000 0.993063 0.006937
-0.000000 0.001669 0.998331
-0.000000 0.000004 0.999996
0.000000 0.990818 0.009182
-0.000000 0.999993 0.000007
0.000000 0.999697 0.000303
-0.000000 0.000352 0.999648
-0.000000 1.000000 0.000000
-0.000000 0.007424 0.992576
0.000000 0.000000 1.000000
0.000000 0.060732 0.939268
-0.000000 0.001703 0.998297
0.000000 0.000063 0.999937
-0.000000 0.004835 0.995165
-0.000000 0.013419 0.986581
0.000000 1.000000 0.000000
-0.000000 0.000012 0.999988
-0.000000 0.999988 0.000012
-0.000000 0.000157 0.999843
-0.000000 0.324347 0.675653
0.000000 0.044152 0.955848
0.000000 0.000810 0.999190
-0.000000 0.000009 0.999991
-0.000000 0.044350 0.955650
-0.000000 1.000000 0.000000
-0.000000 0.007194 0.992806
-0.000000 0.000160 0.999840
0.000000 0.003049 0.996951
0.000000 0.123872 0.876128
0.000000 0.000052 0.999948
-0.000000 0.000296 0.999704
0.000000 0.164498 0.835502
-0.000000 0.111345 0.888655
-0.000000 0.000007 0.999993
0.000000 0.002817 0.997183
0.000000 0.923492 0.076508
-0.000000 0.999590 0.000410
0.000000 1.000000 0.000000
0.000000 0.004982 0.995018
-0.000000 0.948860 0.051140
-0.000000 0.006134 0.993866
-0.000000 0.000007 0.999993
0.000000 1.000000 0.000000
-0.000000 0.998537 0.001463
0.000000 1.000000 0.000000
-0.000000 0.001040 0.998960
0.000000 0.999999 0.000001
-0.000000 0.245437 0.754563
0.000000 0.330175 0.669825
0.000000 0.979987 0.020013
0.000000 0.008492 0.991508
-0.000000 0.987969 0.012031
0.000000 0.000002 0.999998
-0.000000 0.028642 0.971358
-0.000000 0.000635 0.999365
-0.000000 0.004968 0.995032
-0.000000 0.999642 0.000358
0.000000 0.002734 0.997266
0.000000 0.002366 0.997634
0.000000 1.000000 0.000000
0.000000 0.999965 0.000035
-0.000000 0.999657 0.000343
0.000000 0.000121 0.999879
0.000000 0.917405 0.082595
-0.000000 0.875994 0.124006
-0.000000 0.035204 0.964796
0.000000 0.999747 0.000253
0.000000 0.000006 0.999994
0.000000 0.650887 0.349113
-0.000000 0.132740 0.867260
0.000000 0.999961 0.000039
-0.000000 0.999980 0.000020
-0.000000 0.107333 0.892667
0.000000 0.999636 0.000364
0.000000 0.900118 0.099882
-0.000000 0.003658 0.996342
0.000000 1.000000 0.000000
0.000000 0.042809 0.957191
-0.000000 1.000000 0.000000
0.000000 0.974031 0.025969
0.000000 0.003669 0.996331
-0.000000 0.004446 0.995554
0.000000 0.009535 0.990465
0.000000 0.075534 0.924466
-0.000000 0.000423 0.999577
0.000000 0.999976 0.000024
-0.000000 0.000130 0.999870
-0.000000 0.001690 0.998310
-0.000000 0.000836 0.999164
-0.000000 1.000000 0.000000
0.000000 1.000000 0.000000
0.000000 0.013278 0.986722
-0.000000 0.002149 0.997851
0.000000 0.229906 0.770094
-0.000000 0.000540 0.999460
-0.000000 1.000000 0.000000
-0.000000 0.003900 0.996100
0.000000 1.000000 0.000000
0.000000 0.001038 0.998962
0.000000 0.070011 0.929989
0.000000 0.000214 0.999786
-0.000000 0.000183 0.999817
0.000000 0.611496 0.388504
-0.000000 0.000108 0.999892
-0.000000 0.109992 0.890008
-0.000000 1.000000 0.000000
0.000000 0.003842 0.996158
-0.000000 0.075168 0.924832
0.000000 0.006411 0.993589
-0.000000 1.000000 0.000000
0.000000 0.000085 0.999915
0.000000 0.024433 0.975567
0.000000 0.998800 0.001200
-0.000000 0.065948 0.934052
-0.000000 0.000670 0.999330
0.000000 0.983747 0.016253
-0.000000 0.992433 0.007567
-0.000000 0.000000 1.000000
-0.000000 1.000000 0.000000
0.000000 0.000006 0.999994
0.000000 0.035883 0.964117
-0.000000 0.547904 0.452096
-0.000000 1.000000 0.000000
-0.000000 0.999843 0.000157
-0.000000 0.052529 0.947471
0.000000 0.000674 0.999326
-0.000000 0.989853 0.010147
0.000000 0.015097 0.984903
0.000000 0.029927 0.970073
0.000000 0.997059 0.002941
-0.000000 0.037378 0.962622
0.000000 0.024776 0.975224
-0.000000 0.999582 0.000418
0.000000 1.000000 0.000000
-0.000000 0.999998 0.000002
-0.000000 0.758128 0.241872
-0.000000 0.002253 0.997747
0.000000 0.999950 0.000050
-0.000000 0.583953 0.416047
0.000000 1.000000 0.000000
-0.000000 0.999995 0.000005
-0.000000 0.009597 0.990403
-0.000000 0.002303 0.997697
0.000000 0.006267 0.993733
-0.000000 0.000134 0.999866
0.000000 1.000000 0.000000
0.000000 0.014629 0.985371
0.000000 0.033108 0.966892
0.000000 0.033756 0.966244
0.000000 0.000501 0.999499
0.000000 1.000000 0.000000
0.000000 0.815182 0.184818
0.000000 0.998360 0.001640
-0.000000 0.001169 0.998831
-0.000000 0.999557 0.000443
-0.000000 1.000000 0.000000
-0.000000 1.000000 0.000000
0.000000 0.017676 0.982324
-0.000000 0.910837 0.089163
-0.000000 0.003979 0.996021
0.000000 1.000000 0.000000
0.000000 0.000411 0.999589
-0.000000 0.000926 0.999074
-0.000000 0.999962 0.000038
0.000000 0.998124 0.001876
-0.000000 0.000072 0.999928
-0.000000 0.025761 0.974239
0.000000 0.000486 0.999514
0.000000 0.000034 0.999966
-0.000000 0.003531 0.996469
0.000000 0.202626 0.797374
0.000000 0.005164 0.994836
0.000000 0.001438 0.998562
-0.000000 0.999284 0.000716
0.000000 1.000000 0.000000
0.000000 0.041681 0.958319
0.000000 0.018427 0.981573
-0.000000 0.002966 0.997034
