0.999845 -0.000000 0.000155
0.000482 0.000000 0.999518
0.001392 -0.000000 0.998608
0.054853 0.000000 0.945147
0.645016 0.000000 0.354984
0.999996 -0.000000 0.000004
0.025577 -0.000000 0.974423
0.328970 0.000000 0.671030
0.042025 -0.000000 0.957975
0.349541 -0.000000 0.650459
1.000000 -0.000000 0.000000
0.003851 -0.000000 0.996149
0.999999 0.000000 0.000001
0.999986 -0.000000 0.000014
0.006999 0.000000 0.993001
1.000000 -0.000000 0.000000
0.019329 -0.000000 0.980671
0.000013 0.000000 0.999987
0.123331 -0.000000 0.876669
1.000000 -0.000000 0.000000
0.000014 -0.000000 0.999986
0.999971 0.000000 0.000029
0.015156 0.000000 0.984844
0.003440 -0.000000 0.996560
0.992688 -0.000000 0.007312
0.002656 0.000000 0.997344
0.999965 -0.000000 0.000035
0.000516 0.000000 0.999484
0.002855 0.000000 0.997145
0.305029 -0.000000 0.694971
0.983886 -0.000000 0.016114
0.020303 -0.000000 0.979697
0.008241 0.000000 0.991759
0.000000 -0.000000 1.000000
0.174909 0.000000 0.825091
0.004913 -0.000000 0.995087
0.002739 0.000000 0.997261
0.394462 -0.000000 0.605538
0.999647 -0.000000 0.000353
0.999883 0.000000 0.000117
1.000000 -0.000000 0.000000
0.104782 0.000000 0.895218
0.999845 -0.000000 0.000155
1.000000 -0.000000 0.000000
0.999999 -0.000000 0.000001
0.661321 -0.000000 0.338679
1.000000 0.000000 0.000000
0.064400 0.000000 0.935600
0.002103 0.000000 0.997897
0.003118 0.000000 0.996882
0.003686 -0.000000 0.996314
1.000000 0.000000 0.000000
0.962496 0.000000 0.037504
0.981029 -0.000000 0.018971
1.000000 0.000000 0.000000
0.989248 -0.000000 0.010752
0.013756 0.000000 0.986244
1.000000 -0.000000 -0.000000
0.007035 -0.000000 0.992965
0.462384 0.000000 0.537616
0.999998 -0.000000 0.000002
0.991850 -0.000000 0.008150
0.000921 -0.000000 0.999079
0.103180 0.000000 0.896820
1.000000 0.000000 0.000000
1.000000 -0.000000 -0.000000
0.096549 -0.000000 0.903451
0.973605 -0.000000 0.026395
0.919337 0.000000 0.080663
0.000476 0.000000 0.999524
0.999974 -0.000000 0.000026
0.029649 -0.000000 0.970351
0.998642 0.000000 0.001358
0.001515 -0.000000 0.998485
0.112805 -0.000000 0.887195
0.999607 -0.000000 0.000393
0.000445 -0.000000 0.999555
0.000613 -0.000000 0.999387
0.002800 0.000000 0.997200
0.020594 -0.000000 0.979406
0.032431 0.000000 0.967569
1.000000 0.000000 0.000000
0.634014 -0.000000 0.365986
0.001878 -0.000000 0.998122
0.004557 0.000000 0.995443
0.001685 0.000000 0.998315
0.041644 0.000000 0.958356
1.000000 0.000000 0.000000
0.259846 0.000000 0.740154
0.003748 -0.000000 0.996252
0.999999 -0.000000 0.000001
0.004258 -0.000000 0.995742
0.004648 0.000000 0.995352
0.001547 0.000000 0.998453
1.000000 0.000000 0.000000
0.000753 0.000000 0.999247
1.000000 -0.000000 0.000000
0.000410 -0.000000 0.999590
0.000577 -0.000000 0.999423
0.044263 -0.000000 0.955737
1.000000 -0.000000 0.000000
0.001213 -0.000000 0.998787
0.957460 -0.000000 0.042540
0.992684 -0.000000 0.007316
0.000890 0.000000 0.999110
0.011939 0.000000 0.988061
1.000000 -0.000000 0.000000
0.985323 0.000000 0.014677
0.017519 0.000000 0.982481
0.002600 0.000000 0.997400
0.999977 0.000000 0.000023
0.999560 -0.000000 0.000440
0.015666 0.000000 0.984334
0.001001 -0.000000 0.998999
0.823335 0.000000 0.176665
1.000000 0.000000 0.000000
0.001476 -0.000000 0.998524
0.493404 -0.000000 0.506596
0.001765 0.000000 0.998235
0.001956 0.000000 0.998044
0.002296 0.000000 0.997704
0.999914 0.000000 0.000086
0.017593 0.000000 0.982407
0.164333 0.000000 0.835667
0.999914 -0.000000 0.000086
1.000000 -0.000000 0.000000
1.000000 -0.000000 0.000000
0.897235 0.000000 0.102765
0.000221 -0.000000 0.999779
1.000000 0.000000 0.000000
0.000697 0.000000 0.999303
0.151543 0.000000 0.848457
0.002783 0.000000 0.997217
1.000000 -0.000000 0.000000
0.999795 0.000000 0.000205
0.999991 0.000000 0.000009
0.000000 -0.000000 1.000000
0.998396 0.000000 0.001604
0.000091 -0.000000 0.999909
1.000000 -0.000000 0.000000
0.728372 0.000000 0.271628
0.014179 -0.000000 0.985821
0.000030 0.000000 0.999970
0.000191 0.000000 0.999809
1.000000 -0.000000 0.000000
1.000000 -0.000000 0.000000
1.000000 -0.000000 0.000000
0.000732 0.000000 0.999268
1.000000 0.000000 0.000000
0.992935 0.000000 0.007065
0.000231 -0.000000 0.999769
0.000664 -0.000000 0.999336
0.250680 -0.000000 0.749320
0.000223 0.000000 0.999777
0.061445 0.000000 0.938555
0.054815 0.000000 0.945185
0.000001 -0.000000 0.999999
1.000000 0.000000 0.000000
0.000650 0.000000 0.999350
1.000000 0.000000 0.000000
0.113380 -0.000000 0.886620
0.138039 0.000000 0.861961
0.059967 -0.000000 0.940033
0.999998 0.000000 0.000002
0.916576 0.000000 0.083424
0.000265 -0.000000 0.999735
0.000009 0.000000 0.999991
0.999990 -0.000000 0.000010
1.000000 0.000000 0.000000
1.000000 0.000000 0.000000
0.008385 0.000000 0.991615
0.790739 -0.000000 0.209261
1.000000 0.000000 0.000000
0.999905 -0.000000 0.000095
0.009909 -0.000000 0.990091
0.029626 0.000000 0.970374
0.543504 0.000000 0.456496
0.000261 -0.000000 0.999739
1.000000 0.000000 0.000000
0.002545 -0.000000 0.997455
0.987884 0.000000 0.012116
0.000347 0.000000 0.999653
1.000000 -0.000000 0.000000
0.704152 0.000000 0.295848
0.018835 -0.000000 0.981165
0.350970 0.000000 0.649030
0.000879 -0.000000 0.999121
0.037968 0.000000 0.962032
0.999999 0.000000 0.000001
0.999945 -0.000000 0.000055
0.000103 0.000000 0.999897
0.090653 0.000000 0.909347
0.943029 0.000000 0.056971
1.000000 0.000000 0.000000
0.001063 -0.000000 0.998937
0.000001 0.000000 0.999999
0.003583 -0.000000 0.996417
0.006740 -0.000000 0.993260
0.000039 -0.000000 0.999961
0.002875 -0.000000 0.997125
0.020026 0.000000 0.979974
0.999999 -0.000000 0.000001
0.047681 -0.000000 0.952319
1.000000 -0.000000 0.000000
0.155310 -0.000000 0.844690
1.000000 -0.000000 0.000000
1.000000 -0.000000 0.000000
0.000046 0.000000 0.999954
1.000000 0.000000 0.000000
0.999960 0.000000 0.000040
0.003872 -0.000000 0.996128
1.000000 0.000000 0.000000
1.000000 -0.000000 0.000000
0.965652 -0.000000 0.034348
0.022172 0.000000 0.977828
0.017970 -0.000000 0.982030
1.000000 0.000000 0.000000
0.000005 0.000000 0.999995
0.999292 0.000000 0.000708
1.000000 -0.000000 0.000000
0.002274 0.000000 0.997726
1.000000 -0.000000 0.000000
0.051211 -0.000000 0.948789
0.980150 -0.000000 0.019850
0.999668 -0.000000 0.000332
0.153568 -0.000000 0.846432
1.000000 0.000000 -0.000000
0.553678 -0.000000 0.446322
0.002981 -0.000000 0.997019
0.000130 0.000000 0.999870
0.005282 -0.000000 0.994718
0.004335 0.000000 0.995665
0.000483 -0.000000 0.999517
1.000000 -0.000000 -0.000000
0.983527 -0.000000 0.016473
0.000522 -0.000000 0.999478
0.000862 0.000000 0.999138
0.991759 -0.000000 0.008241
0.053284 -0.000000 0.946716
0.996912 0.000000 0.003088
0.741417 0.000000 0.258583
1.000000 -0.000000 0.000000
0.999967 -0.000000 0.000033
1.000000 0.000000 0.000000
0.036924 -0.000000 0.963076
0.010552 -0.000000 0.989448
0.000001 -0.000000 0.999999
1.000000 0.000000 0.000000
0.008423 -0.000000 0.991577
1.000000 0.000000 -0.000000
1.000000 0.000000 0.000000
0.592872 -0.000000 0.407128
1.000000 -0.000000 0.000000
0.010620 0.000000 0.989380
0.000139 0.000000 0.999861
0.206524 0.000000 0.793476
1.000000 0.000000 0.000000
0.003674 -0.000000 0.996326
0.000259 -0.000000 0.999741
0.997022 0.000000 0.002978
1.000000 0.000000 0.000000
0.010363 0.000000 0.989637
0.000396 0.000000 0.999604
0.095959 -0.000000 0.904041
0.001298 -0.000000 0.998702
0.002131 0.000000 0.997869
0.002476 -0.000000 0.997524
1.000000 -0.000000 0.000000
0.996973 -0.000000 0.003027
1.000000 0.000000 0.000000
0.238055 -0.000000 0.761945
0.999998 0.000000 0.000002
0.052552 -0.000000 0.947448
0.000001 -0.000000 0.999999
0.000019 -0.000000 0.999981
0.086400 0.000000 0.913600
0.994840 0.000000 0.005160
0.617756 0.000000 0.382244
0.050531 0.000000 0.949469
0.999895 -0.000000 0.000105
1.000000 -0.000000 0.000000
0.997503 0.000000 0.002497
0.015544 -0.000000 0.984456
0.167663 0.000000 0.832337
0.015524 -0.000000 0.984476
0.020104 0.000000 0.979896
0.000884 -0.000000 0.999116
0.027136 -0.000000 0.972864
0.001296 0.000000 0.998704
0.997220 0.000000 0.002780
0.888916 -0.000000 0.111084
0.030543 0.000000 0.969457
1.000000 -0.000000 0.000000
1.000000 -0.000000 0.000000
0.035497 -0.000000 0.964503
0.029650 -0.000000 0.970350
1.000000 0.000000 0.000000
0.025964 0.000000 0.974036
0.999976 0.000000 0.000024
1.000000 -0.000000 0.000000
0.859874 0.000000 0.140126
1.000000 0.000000 0.000000
1.000000 0.000000 0.000000
0.000297 -0.000000 0.999703
0.048627 0.000000 0.951373
0.009335 -0.000000 0.990665
1.000000 0.000000 0.000000
0.001177 0.000000 0.998823
0.003891 0.000000 0.996109
0.000001 0.000000 0.999999
0.000114 -0.000000 0.999886
0.020931 -0.000000 0.979069
0.000105 -0.000000 0.999895
0.999636 0.000000 0.000364
0.900058 -0.000000 0.099942
0.000923 0.000000 0.999077
0.999998 -0.000000 0.000002
0.999995 -0.000000 0.000005
0.057488 -0.000000 0.942512
0.999865 -0.000000 0.000135
0.477582 -0.000000 0.522418
0.186028 -0.000000 0.813972
0.883104 -0.000000 0.116896
1.000000 -0.000000 0.000000
0.134338 -0.000000 0.865662
0.000115 0.000000 0.999885
0.984437 0.000000 0.015563
0.009549 -0.000000 0.990451
0.320375 -0.000000 0.679625
1.000000 0.000000 0.000000
1.000000 -0.000000 0.000000
0.999416 -0.000000 0.000584
1.000000 -0.000000 -0.000000
1.000000 0.000000 0.000000
0.002241 0.000000 0.997759
0.000001 -0.000000 0.999999
0.881716 -0.000000 0.118284
0.067299 -0.000000 0.932701
0.992594 -0.000000 0.007406
0.019614 0.000000 0.980386
0.000010 -0.000000 0.999990
0.990915 -0.000000 0.009085
0.016843 0.000000 0.983157
0.002446 0.000000 0.997554
0.035166 -0.000000 0.964834
0.036145 -0.000000 0.963855
0.000059 0.000000 0.999941
0.140432 0.000000 0.859568
1.000000 -0.000000 0.000000
0.000610 -0.000000 0.999390
0.052399 -0.000000 0.947601
0.995293 -0.000000 0.004707
1.000000 0.000000 0.000000
0.999954 0.000000 0.000046
0.001866 -0.000000 0.998134
0.000007 0.000000 0.999993
0.000012 -0.000000 0.999988
0.015950 0.000000 0.984050
0.001120 -0.000000 0.998880
1.000000 -0.000000 0.000000
0.001548 0.000000 0.998452
0.140669 0.000000 0.859331
0.283975 0.000000 0.716025
0.000004 -0.000000 0.999996
0.164130 -0.000000 0.835870
0.420673 0.000000 0.579327
0.003011 -0.000000 0.996989
0.000000 -0.000000 1.000000
0.087452 0.000000 0.912548
0.002066 0.000000 0.997934
0.000179 0.000000 0.999821
0.003759 0.000000 0.996241
0.002390 0.000000 0.997610
1.000000 0.000000 0.000000
1.000000 -0.000000 0.000000
0.000943 -0.000000 0.999057
0.957542 0.000000 0.042458
0.999915 0.000000 0.000085
0.999605 0.000000 0.000395
0.999630 -0.000000 0.000370
0.000114 -0.000000 0.999886
0.009094 0.000000 0.990906
0.000168 -0.000000 0.999832
0.999987 0.000000 0.000013
0.341433 0.000000 0.658567
0.000675 0.000000 0.999325
0.000002 -0.000000 0.999998
0.000091 0.000000 0.999909
0.999126 -0.000000 0.000874
0.013877 -0.000000 0.986123
0.046164 -0.000000 0.953836
0.000025 -0.000000 0.999975
0.001356 0.000000 0.998644
1.000000 -0.000000 0.000000
0.009842 0.000000 0.990158
0.023262 0.000000 0.976738
0.002656 0.000000 0.997344
0.003326 0.000000 0.996674
0.996219 0.000000 0.003781
0.000323 0.000000 0.999677
1.000000 0.000000 0.000000
0.000001 0.000000 0.999999
1.000000 -0.000000 0.000000
0.025275 0.000000 0.974725
0.000088 -0.000000 0.999912
1.000000 -0.000000 0.000000
0.994790 0.000000 0.005210
0.019304 -0.000000 0.980696
0.001171 0.000000 0.998829
0.075796 0.000000 0.924204
0.246565 0.000000 0.753435
0.195817 0.000000 0.804183
0.151554 0.000000 0.848446
0.394611 -0.000000 0.605389
0.999862 0.000000 0.000138
0.003077 0.000000 0.996923
0.485674 0.000000 0.514326
0.999321 -0.000000 0.000679
1.000000 0.000000 0.000000
0.043449 -0.000000 0.956551
0.000001 -0.000000 0.999999
0.536114 -0.000000 0.463886
0.000129 -0.000000 0.999871
1.000000 -0.000000 0.000000
0.000097 -0.000000 0.999903
1.000000 -0.000000 0.000000
0.998213 0.000000 0.001787
0.015678 0.000000 0.984322
0.008468 -0.000000 0.991532
1.000000 0.000000 0.000000
1.000000 0.000000 0.000000
1.000000 -0.000000 0.000000
0.998753 -0.000000 0.001247
0.346805 -0.000000 0.653195
0.955155 -0.000000 0.044845
0.275431 0.000000 0.724569
0.946604 0.000000 0.053396
0.995387 0.000000 0.004613
0.129649 -0.000000 0.870351
0.013765 -0.000000 0.986235
0.003242 -0.000000 0.996758
1.000000 -0.000000 0.000000
0.999845 0.000000 0.000155
1.000000 0.000000 0.000000
0.994913 0.000000 0.005087
0.031387 0.000000 0.968613
0.999000 0.000000 0.001000
0.000166 0.000000 0.999834
0.000005 -0.000000 0.999995
0.042369 0.000000 0.957631
0.010380 0.000000 0.989620
0.015695 -0.000000 0.984305
0.006020 0.000000 0.993980
0.999997 0.000000 0.000003
0.007684 -0.000000 0.992316
0.014014 0.000000 0.985986
1.000000 -0.000000 0.000000
0.984749 -0.000000 0.015251
0.000059 0.000000 0.999941
0.000580 -0.000000 0.999420
0.999880 0.000000 0.000120
0.991957 -0.000000 0.008043
0.999677 -0.000000 0.000323
0.000777 -0.000000 0.999223
0.000058 0.000000 0.999942
1.000000 0.000000 0.000000
0.000827 0.000000 0.999173
0.000106 0.000000 0.999894
0.999720 -0.000000 0.000280
0.467919 0.000000 0.532081
0.171146 -0.000000 0.828854
1.000000 0.000000 0.000000
1.000000 0.000000 0.000000
0.018592 0.000000 0.981408
1.000000 -0.000000 0.000000
0.000000 -0.000000 1.000000
0.022190 -0.000000 0.977810
0.005048 0.000000 0.994952
0.043463 0.000000 0.956537
0.008085 0.000000 0.991915
0.001821 0.000000 0.998179
0.094007 -0.000000 0.905993
0.999602 -0.000000 0.000398
0.000146 0.000000 0.999854
1.000000 0.000000 0.000000
0.008335 0.000000 0.991665
1.000000 0.000000 -0.000000
0.999999 -0.000000 0.000001
0.633182 -0.000000 0.366818
1.000000 -0.000000 -0.000000
0.922055 -0.000000 0.077945
0.999699 0.000000 0.000301
1.000000 0.000000 0.000000
0.942557 -0.000000 0.057443
0.161104 -0.000000 0.838896
0.026067 0.000000 0.973933
1.000000 0.000000 0.000000
1.000000 0.000000 0.000000
0.078750 0.000000 0.921250
0.201796 0.000000 0.798204
0.063641 0.000000 0.936359
0.000000 -0.000000 1.000000
0.999894 -0.000000 0.000106
1.000000 0.000000 0.000000
0.000023 -0.000000 0.999977
0.025915 -0.000000 0.974085
0.900083 -0.000000 0.099917
0.999544 -0.000000 0.000456
0.000012 0.000000 0.999988
0.002924 -0.000000 0.997076
0.056798 0.000000 0.943202
0.428504 0.000000 0.571496
0.012284 -0.000000 0.987716
0.000005 -0.000000 0.999995
0.999996 -0.000000 0.000004
0.024595 0.000000 0.975405
0.999999 -0.000000 0.000001
0.002070 -0.000000 0.997930
0.007385 0.000000 0.992615
0.995658 -0.000000 0.004342
0.000084 0.000000 0.999916
0.090472 -0.000000 0.909528
0.006986 0.000000 0.993014
1.000000 0.000000 0.000000
1.000000 -0.000000 0.000000
0.024907 -0.000000 0.975093
0.000016 -0.000000 0.999984
0.000025 -0.000000 0.999975
0.000758 0.000000 0.999242
0.000560 0.000000 0.999440
1.000000 0.000000 0.000000
1.000000 -0.000000 -0.000000
0.006631 -0.000000 0.993369
0.278200 -0.000000 0.721800
0.000884 0.000000 0.999116
0.006633 -0.000000 0.993367
0.002094 0.000000 0.997906
1.000000 0.000000 0.000000
0.016959 -0.000000 0.983041
0.000001 0.000000 0.999999
0.999758 -0.000000 0.000242
0.156066 -0.000000 0.843934
1.000000 -0.000000 -0.000000
0.004686 0.000000 0.995314
0.021774 -0.000000 0.978226
0.999980 -0.000000 0.000020
0.000036 -0.000000 0.999964
0.010530 0.000000 0.989470
0.000825 0.000000 0.999175
0.997911 0.000000 0.002089
0.000533 0.000000 0.999467
1.000000 0.000000 0.000000
1.000000 -0.000000 0.000000
1.000000 0.000000 0.000000
0.001485 -0.000000 0.998515
0.000135 0.000000 0.999865
1.000000 0.000000 0.000000
1.000000 0.000000 0.000000
0.000171 0.000000 0.999829
0.999998 -0.000000 0.000002
0.999999 0.000000 0.000001
0.046980 -0.000000 0.953020
0.296439 0.000000 0.703561
0.999704 -0.000000 0.000296
0.995531 0.000000 0.004469
0.026068 0.000000 0.973932
0.172416 0.000000 0.827584
0.020330 0.000000 0.979670
0.999722 0.000000 0.000278
0.696989 0.000000 0.303011
0.004002 0.000000 0.995998
1.000000 -0.000000 0.000000
0.000101 -0.000000 0.999899
0.003129 0.000000 0.996871
1.000000 -0.000000 0.000000
1.000000 -0.000000 0.000000
0.072581 -0.000000 0.927419
0.054534 0.000000 0.945466
0.000003 -0.000000 0.999997
0.000004 -0.000000 0.999996
0.002727 0.000000 0.997273
0.084432 0.000000 0.915568
0.000033 0.000000 0.999967
0.011524 0.000000 0.988476
0.085754 0.000000 0.914246
1.000000 -0.000000 0.000000
0.999592 -0.000000 0.000408
0.000001 -0.000000 0.999999
0.000335 -0.000000 0.999665
0.999740 0.000000 0.000260
1.000000 0.000000 0.000000
1.000000 0.000000 0.000000
0.038403 -0.000000 0.961597
0.000631 0.000000 0.999369
0.165316 0.000000 0.834684
0.000001 -0.000000 0.999999
0.000249 0.000000 0.999751
0.000921 -0.000000 0.999079
0.000267 -0.000000 0.999733
0.002001 0.000000 0.997999
0.002013 0.000000 0.997987
0.471404 -0.000000 0.528596
0.221562 -0.000000 0.778438
1.000000 -0.000000 0.000000
0.000721 0.000000 0.999279
0.001311 0.000000 0.998689
0.998610 0.000000 0.001390
0.998395 0.000000 0.001605
0.003931 -0.000000 0.996069
1.000000 0.000000 0.000000
0.003887 -0.000000 0.996113
0.009214 -0.000000 0.990786
0.000035 -0.000000 0.999965
0.010211 -0.000000 0.989789
0.049398 -0.000000 0.950602
0.265185 0.000000 0.734815
0.108784 0.000000 0.891216
0.006283 0.000000 0.993717
1.000000 0.000000 -0.000000
0.003300 0.000000 0.996700
1.000000 -0.000000 -0.000000
0.000349 -0.000000 0.999651
0.002487 -0.000000 0.997513
0.999980 0.000000 0.000020
0.009934 -0.000000 0.990066
0.056470 -0.000000 0.943530
0.001057 0.000000 0.998943
0.469464 0.000000 0.530536
0.005401 -0.000000 0.994599
0.999982 0.000000 0.000018
1.000000 0.000000 0.000000
0.008081 0.000000 0.991919
0.007348 0.000000 0.992652
0.001902 0.000000 0.998098
0.990854 0.000000 0.009146
0.977933 -0.000000 0.022067
0.999992 0.000000 0.000008
0.027209 -0.000000 0.972791
0.007709 0.000000 0.992291
0.999607 -0.000000 0.000393
0.002589 0.000000 0.997411
0.004325 0.000000 0.995675
0.000334 -0.000000 0.999666
0.001950 0.000000 0.998050
0.042032 0.000000 0.957968
0.999998 0.000000 0.000002
1.000000 0.000000 0.000000
1.000000 -0.000000 0.000000
0.009962 -0.000000 0.990038
0.963846 0.000000 0.036154
1.000000 -0.000000 0.000000
1.000000 0.000000 0.000000
0.000000 -0.000000 1.000000
0.632620 -0.000000 0.367380
0.999152 -0.000000 0.000848
0.003647 0.000000 0.996353
0.003371 0.000000 0.996629
0.003364 0.000000 0.996636
1.000000 0.000000 0.000000
0.997184 0.000000 0.002816
0.000003 0.000000 0.999997
0.058497 0.000000 0.941503
0.001908 0.000000 0.998092
1.000000 -0.000000 0.000000
0.023270 -0.000000 0.976730
0.302802 -0.000000 0.697198
0.027666 0.000000 0.972334
1.000000 -0.000000 0.000000
0.007925 -0.000000 0.992075
0.050435 0.000000 0.949565
0.000065 -0.000000 0.999935
0.025029 -0.000000 0.974971
0.028505 0.000000 0.971495
0.999998 -0.000000 0.000002
0.034992 0.000000 0.965008
0.009557 -0.000000 0.990443
0.000703 0.000000 0.999297
0.849091 0.000000 0.150909
0.999907 0.000000 0.000093
0.033552 0.000000 0.966448
0.000047 0.000000 0.999953
0.999987 0.000000 0.000013
0.000005 0.000000 0.999995
0.999969 0.000000 0.000031
0.000003 -0.000000 0.999997
1.000000 0.000000 0.000000
0.010353 -0.000000 0.989647
0.004848 0.000000 0.995152
1.000000 -0.000000 0.000000
0.010395 -0.000000 0.989605
0.000000 -0.000000 1.000000
0.000001 -0.000000 0.999999
0.999977 0.000000 0.000023
0.229194 -0.000000 0.770806
0.009601 -0.000000 0.990399
1.000000 0.000000 -0.000000
1.000000 -0.000000 0.000000
0.004949 0.000000 0.995051
0.142183 0.000000 0.857817
0.999990 0.000000 0.000010
0.094153 -0.000000 0.905847
0.000148 -0.000000 0.999852
0.005332 -0.000000 0.994668
1.000000 0.000000 0.000000
0.999988 0.000000 0.000012
0.008621 0.000000 0.991379
0.080808 -0.000000 0.919192
0.999971 -0.000000 0.000029
0.012911 0.000000 0.987089
0.008170 -0.000000 0.991830
0.219975 0.000000 0.780025
0.040771 0.000000 0.959229
0.999224 0.000000 0.000776
0.000012 -0.000000 0.999988
0.002598 -0.000000 0.997402
1.000000 0.000000 0.000000
1.000000 0.000000 0.000000
0.000006 -0.000000 0.999994
0.999961 -0.000000 0.000039
0.018631 0.000000 0.981369
0.029578 -0.000000 0.970422
0.020043 -0.000000 0.979957
0.603706 0.000000 0.396294
0.000138 -0.000000 0.999862
0.999976 0.000000 0.000024
0.459796 -0.000000 0.540204
0.064918 -0.000000 0.935082
0.955349 -0.000000 0.044651
0.899527 0.000000 0.100473
0.030692 0.000000 0.969308
0.002938 0.000000 0.997062
0.157188 -0.000000 0.842812
0.000001 -0.000000 0.999999
0.000307 -0.000000 0.999693
0.044532 -0.000000 0.955468
0.005751 -0.000000 0.994249
0.999999 -0.000000 0.000001
0.000003 0.000000 0.999997
0.015011 0.000000 0.984989
1.000000 -0.000000 0.000000
0.000001 -0.000000 0.999999
0.002576 -0.000000 0.997424
1.000000 0.000000 0.000000
0.000010 0.000000 0.999990
0.095337 -0.000000 0.904663
0.003960 -0.000000 0.996040
0.000199 -0.000000 0.999801
0.000027 0.000000 0.999973
0.059531 0.000000 0.940469
0.000605 -0.000000 0.999395
0.999998 0.000000 0.000002
1.000000 -0.000000 0.000000
0.019845 0.000000 0.980155
1.000000 0.000000 0.000000
0.030762 0.000000 0.969238
0.048875 -0.000000 0.951125
0.000171 -0.000000 0.999829
0.177601 -0.000000 0.822399
0.099067 -0.000000 0.900933
0.010508 -0.000000 0.989492
0.014841 -0.000000 0.985159
0.999996 -0.000000 0.000004
0.016647 -0.000000 0.983353
0.000007 -0.000000 0.999993
0.014918 -0.000000 0.985082
0.001532 0.000000 0.998468
1.000000 0.000000 0.000000
0.000804 -0.000000 0.999196
0.007656 0.000000 0.992344
0.013049 0.000000 0.986951
0.007187 -0.000000 0.992813
0.998719 0.000000 0.001281
0.001138 0.000000 0.998862
0.724941 -0.000000 0.275059
0.000199 0.000000 0.999801
0.004532 -0.000000 0.995468
0.999991 0.000000 0.000009
0.011428 -0.000000 0.988572
0.532025 -0.000000 0.467975
0.004596 0.000000 0.995404
0.068474 -0.000000 0.931526
0.004617 -0.000000 0.995383
0.014733 0.000000 0.985267
0.000049 -0.000000 0.999951
1.000000 0.000000 -0.000000
0.000357 0.000000 0.999643
0.994694 -0.000000 0.005306
0.000010 0.000000 0.999990
0.010360 -0.000000 0.989640
1.000000 -0.000000 0.000000
0.003553 -0.000000 0.996447
0.999607 -0.000000 0.000393
0.999730 0.000000 0.000270
1.000000 0.000000 0.000000
0.999999 -0.000000 0.000001
1.000000 -0.000000 0.000000
0.000062 0.000000 0.999938
0.000007 0.000000 0.999993
0.679342 -0.000000 0.320658
0.094758 -0.000000 0.905242
0.000848 0.000000 0.999152
0.884412 0.000000 0.115588
1.000000 -0.000000 0.000000
0.000086 -0.000000 0.999914
0.061830 -0.000000 0.938170
0.204735 -0.000000 0.795265
0.002695 0.000000 0.997305
0.066031 0.000000 0.933969
0.003202 -0.000000 0.996798
0.049455 0.000000 0.950545
0.008756 0.000000 0.991244
0.998871 -0.000000 0.001129
0.000001 -0.000000 0.999999
0.003055 -0.000000 0.996945
0.031088 0.000000 0.968912
1.000000 0.000000 0.000000
0.002822 0.000000 0.997178
0.999964 -0.000000 0.000036
0.008455 0.000000 0.991545
0.000005 0.000000 0.999995
0.093495 -0.000000 0.906505
0.002519 0.000000 0.997481
0.003269 -0.000000 0.996731
0.994649 0.000000 0.005351
0.999966 -0.000000 0.000034
0.147419 -0.000000 0.852581
0.020406 0.000000 0.979594
0.000398 0.000000 0.999602
0.795871 -0.000000 0.204129
1.000000 0.000000 0.000000
0.000004 0.000000 0.999996
0.101839 0.000000 0.898161
0.018686 0.000000 0.981314
0.611457 -0.000000 0.388543
0.000631 -0.000000 0.999369
0.999999 0.000000 0.000001
0.025744 -0.000000 0.974256
0.000033 -0.000000 0.999967
0.478759 -0.000000 0.521241
0.097091 -0.000000 0.902909
0.999991 0.000000 0.000009
0.973833 -0.000000 0.026167
1.000000 0.000000 0.000000
0.007615 -0.000000 0.992385
0.000002 0.000000 0.999998
0.011812 0.000000 0.988188
0.999998 0.000000 0.000002
1.000000 -0.000000 0.000000
0.999998 0.000000 0.000002
0.001269 -0.000000 0.998731
0.001403 -0.000000 0.998597
1.000000 -0.000000 0.000000
0.999998 -0.000000 0.000002
1.000000 0.000000 0.000000
1.000000 -0.000000 0.000000
1.000000 -0.000000 0.000000
0.999837 0.000000 0.000163
0.000047 0.000000 0.999953
0.033725 -0.000000 0.966275
0.007679 -0.000000 0.992321
0.001661 0.000000 0.998339
0.000243 0.000000 0.999757
0.000152 0.000000 0.999848
0.000411 -0.000000 0.999589
0.966539 0.000000 0.033461
0.004903 -0.000000 0.995097
1.000000 -0.000000 0.000000
0.918944 -0.000000 0.081056
0.000518 0.000000 0.999482
0.000001 -0.000000 0.999999
0.181238 0.000000 0.818762
0.497561 0.000000 0.502439
0.000076 -0.000000 0.999924
0.064407 0.000000 0.935593
0.002438 0.000000 0.997562
0.000091 0.000000 0.999909
0.543533 -0.000000 0.456467
0.005609 -0.000000 0.994391
0.995153 -0.000000 0.004847
0.000443 0.000000 0.999557
0.005779 -0.000000 0.994221
1.000000 0.000000 0.000000
0.022902 0.000000 0.977098
0.026263 0.000000 0.973737
0.999998 0.000000 0.000002
1.000000 -0.000000 0.000000
0.000003 0.000000 0.999997
0.000271 0.000000 0.999729
0.013047 0.000000 0.986953
0.006991 0.000000 0.993009
0.000068 0.000000 0.999932
0.564740 -0.000000 0.435260
0.000248 0.000000 0.999752
0.001060 -0.000000 0.998940
0.030154 0.000000 0.969846
0.001161 0.000000 0.998839
0.913681 -0.000000 0.086319
0.380701 -0.000000 0.619299
0.001219 0.000000 0.998781
0.004959 -0.000000 0.995041
0.479906 0.000000 0.520094
1.000000 0.000000 0.000000
0.010551 0.000000 0.989449
0.000739 -0.000000 0.999261
0.000541 -0.000000 0.999459
0.921048 0.000000 0.078952
0.000932 0.000000 0.999068
1.000000 0.000000 0.000000
0.893513 0.000000 0.106487
0.937516 -0.000000 0.062484
0.003705 -0.000000 0.996295
0.134150 0.000000 0.865850
0.051689 0.000000 0.948311
0.002782 -0.000000 0.997218
1.000000 -0.000000 0.000000
0.000085 -0.000000 0.999915
0.006180 0.000000 0.993820
0.133389 0.000000 0.866611
1.000000 0.000000 0.000000
0.002113 -0.000000 0.997887
0.000280 0.000000 0.999720
1.000000 -0.000000 0.000000
0.999876 0.000000 0.000124
0.020202 -0.000000 0.979798
0.000076 -0.000000 0.999924
0.009260 0.000000 0.990740
0.003808 -0.000000 0.996192
0.916455 0.000000 0.083545
0.000326 0.000000 0.999674
0.501139 0.000000 0.498861
0.003980 -0.000000 0.996020
1.000000 -0.000000 0.000000
0.042461 -0.000000 0.957539
0.722826 0.000000 0.277174
0.011037 -0.000000 0.988963
0.013752 -0.000000 0.986248
0.000503 0.000000 0.999497
0.042353 -0.000000 0.957647
1.000000 0.000000 0.000000
0.030871 0.000000 0.969129
0.990204 -0.000000 0.009796
0.092012 0.000000 0.907988
0.007888 -0.000000 0.992112
0.999993 -0.000000 0.000007
0.999952 0.000000 0.000048
0.999999 0.000000 0.000001
0.999998 -0.000000 0.000002
0.994522 -0.000000 0.005478
0.000586 -0.000000 0.999414
0.405497 -0.000000 0.594503
0.045767 -0.000000 0.954233
1.000000 0.000000 0.000000
0.055792 -0.000000 0.944208
0.000411 -0.000000 0.999589
0.027682 -0.000000 0.972318
0.018127 -0.000000 0.981873
0.000714 -0.000000 0.999286
1.000000 -0.000000 0.000000
0.001314 0.000000 0.998686
0.000000 -0.000000 1.000000
0.000374 -0.000000 0.999626
0.999997 -0.000000 0.000003
0.073997 0.000000 0.926003
0.001675 0.000000 0.998325
0.000004 0.000000 0.999996
0.002207 -0.000000 0.997793
0.084699 -0.000000 0.915301
0.999134 0.000000 0.000866
0.003022 -0.000000 0.996978
0.355420 -0.000000 0.644580
0.000559 0.000000 0.999441
0.002167 0.000000 0.997833
0.098180 -0.000000 0.901820
0.999997 -0.000000 0.000003
1.000000 0.000000 0.000000
0.318295 0.000000 0.681705
0.003372 0.000000 0.996628
1.000000 0.000000 -0.000000
1.000000 0.000000 0.000000
0.009535 -0.000000 0.990465
0.000662 0.000000 0.999338
0.001102 -0.000000 0.998898
0.890900 0.000000 0.109100
0.002200 -0.000000 0.997800
0.000987 -0.000000 0.999013
0.999937 -0.000000 0.000063
0.001927 0.000000 0.998073
0.017656 0.000000 0.982344
0.000013 -0.000000 0.999987
0.003227 0.000000 0.996773
0.000329 -0.000000 0.999671
0.000274 0.000000 0.999726
0.998182 -0.000000 0.001818
0.999990 0.000000 0.000010
0.566858 0.000000 0.433142
0.994466 -0.000000 0.005534
0.999999 -0.000000 0.000001
0.012207 0.000000 0.987793
0.954757 0.000000 0.045243
0.999963 -0.000000 0.000037
0.005128 -0.000000 0.994872
0.019126 0.000000 0.980874
0.086975 -0.000000 0.913025
0.038796 -0.000000 0.961204
0.000086 0.000000 0.999914
0.000063 -0.000000 0.999937
0.000000 -0.000000 1.000000
0.002170 0.000000 0.997830
0.036540 0.000000 0.963460
1.000000 -0.000000 0.000000
0.000185 -0.000000 0.999815
0.006774 -0.000000 0.993226
1.000000 0.000000 0.000000
0.000074 0.000000 0.999926
0.008394 0.000000 0.991606
0.013964 -0.000000 0.986036
0.000103 -0.000000 0.999897
1.000000 0.000000 0.000000
0.999926 -0.000000 0.000074
0.015517 -0.000000 0.984483
0.001398 0.000000 0.998602
0.014013 0.000000 0.985987
0.000108 0.000000 0.999892
0.000665 0.000000 0.999335
0.508515 0.000000 0.491485
0.005503 -0.000000 0.994497
0.000899 -0.000000 0.999101
0.001539 0.000000 0.998461
0.001708 0.000000 0.998292
0.000002 -0.000000 0.999998
0.128646 -0.000000 0.871354
0.999996 -0.000000 0.000004
1.000000 0.000000 0.000000
0.000113 0.000000 0.999887
0.997372 0.000000 0.002628
0.317451 -0.000000 0.682549
0.028666 -0.000000 0.971334
0.081926 -0.000000 0.918074
0.998206 0.000000 0.001794
0.000002 -0.000000 0.999998
0.999969 -0.000000 0.000031
0.070618 -0.000000 0.929382
0.212956 0.000000 0.787044
0.000570 -0.000000 0.999430
0.000295 0.000000 0.999705
0.003825 -0.000000 0.996175
0.001435 0.000000 0.998565
0.000207 -0.000000 0.999793
0.999998 0.000000 0.000002
1.000000 0.000000 0.000000
0.013245 0.000000 0.986755
0.035952 -0.000000 0.964048
0.000003 -0.000000 0.999997
0.961112 -0.000000 0.038888
0.127461 -0.000000 0.872539
0.009862 -0.000000 0.990138
0.020074 -0.000000 0.979926
1.000000 0.000000 0.000000
1.000000 -0.000000 0.000000
1.000000 0.000000 0.000000
0.000506 0.000000 0.999494
0.000024 -0.000000 0.999976
0.037713 0.000000 0.962287
1.000000 -0.000000 0.000000
0.041783 -0.000000 0.958217
0.999999 0.000000 0.000001
0.987129 0.000000 0.012871
0.784329 0.000000 0.215671
0.000031 0.000000 0.999969
0.999995 -0.000000 0.000005
0.038537 -0.000000 0.961463
0.114318 -0.000000 0.885682
0.000066 0.000000 0.999934
0.000138 -0.000000 0.999862
0.000460 -0.000000 0.999540
0.901658 -0.000000 0.098342
0.000001 -0.000000 0.999999
1.000000 0.000000 0.000000
0.044869 0.000000 0.955131
0.000001 -0.000000 0.999999
0.000436 0.000000 0.999564
1.000000 0.000000 0.000000
1.000000 -0.000000 0.000000
0.904318 -0.000000 0.095682
0.609154 0.000000 0.390846
0.999830 -0.000000 0.000170
0.013539 -0.000000 0.986461
1.000000 0.000000 0.000000
0.999995 0.000000 0.000005
0.000042 0.000000 0.999958
0.052899 0.000000 0.947101
0.999987 0.000000 0.000013
1.000000 0.000000 0.000000
0.009005 -0.000000 0.990995
1.000000 0.000000 0.000000
0.000001 -0.000000 0.999999
0.000466 0.000000 0.999534
1.000000 -0.000000 0.000000
0.006550 0.000000 0.993450
0.000001 -0.000000 0.999999
1.000000 0.000000 -0.000000
0.996084 0.000000 0.003916
0.184658 0.000000 0.815342
1.000000 0.000000 0.000000
0.000970 -0.000000 0.999030
0.001047 0.000000 0.998953
1.000000 0.000000 0.000000
0.000595 0.000000 0.999405
1.000000 0.000000 -0.000000
0.002055 0.000000 0.997945
0.000021 -0.000000 0.999979
1.000000 0.000000 0.000000
0.999321 0.000000 0.000679
0.335035 -0.000000 0.664965
0.004835 -0.000000 0.995165
0.000478 0.000000 0.999522
0.999631 -0.000000 0.000369
1.000000 -0.000000 0.000000
0.002168 -0.000000 0.997832
0.000022 0.000000 0.999978
0.023388 -0.000000 0.976612
0.000427 -0.000000 0.999573
0.999987 0.000000 0.000013
1.000000 0.000000 0.000000
0.199476 0.000000 0.800524
1.000000 -0.000000 0.000000
0.933988 -0.000000 0.066012
0.003120 -0.000000 0.996880
0.019282 -0.000000 0.980718
0.999671 -0.000000 0.000329
0.936297 -0.000000 0.063703
0.003454 -0.000000 0.996546
0.014951 -0.000000 0.985049
1.000000 0.000000 0.000000
0.032535 0.000000 0.967465
0.000004 -0.000000 0.999996
0.001450 0.000000 0.998550
0.010987 -0.000000 0.989013
0.022591 0.000000 0.977409
0.024710 0.000000 0.975290
1.000000 -0.000000 0.000000
0.001663 -0.000000 0.998337
0.000329 0.000000 0.999671
1.000000 -0.000000 0.000000
0.000001 0.000000 0.999999
1.000000 0.000000 0.000000
0.999993 0.000000 0.000007
0.641310 -0.000000 0.358690
0.022798 -0.000000 0.977202
0.999545 0.000000 0.000455
0.001244 0.000000 0.998756
0.948029 -0.000000 0.051971
0.010024 -0.000000 0.989976
0.008436 0.000000 0.991564
0.038442 0.000000 0.961558
0.000445 0.000000 0.999555
0.007514 0.000000 0.992486
0.000832 0.000000 0.999168
1.000000 -0.000000 0.000000
0.000677 -0.000000 0.999323
1.000000 -0.000000 0.000000
0.999999 -0.000000 0.000001
1.000000 -0.000000 0.000000
0.001196 0.000000 0.998804
0.001141 -0.000000 0.998859
0.055486 -0.000000 0.944514
0.000393 -0.000000 0.999607
0.115356 0.000000 0.884644
0.999688 -0.000000 0.000312
1.000000 0.000000 0.000000
0.000078 -0.000000 0.999922
0.999998 -0.000000 0.000002
0.000573 -0.000000 0.999427
0.000317 0.000000 0.999683
0.012924 0.000000 0.987076
0.028434 0.000000 0.971566
1.000000 -0.000000 -0.000000
0.000426 -0.000000 0.999574
0.371624 0.000000 0.628376
0.265888 0.000000 0.734112
0.081727 -0.000000 0.918273
0.431188 0.000000 0.568812
0.000019 -0.000000 0.999981
1.000000 0.000000 0.000000
1.000000 0.000000 0.000000
0.000179 -0.000000 0.999821
0.000807 -0.000000 0.999193
1.000000 -0.000000 0.000000
0.021647 -0.000000 0.978353
1.000000 0.000000 0.000000
0.000325 0.000000 0.999675
0.014305 0.000000 0.985695
1.000000 -0.000000 0.000000
0.000144 -0.000000 0.999856
0.000418 0.000000 0.999582
0.003877 0.000000 0.996123
0.000710 -0.000000 0.999290
0.996596 0.000000 0.003404
0.997706 0.000000 0.002294
1.000000 -0.000000 0.000000
0.032286 0.000000 0.967714
1.000000 -0.000000 0.000000
0.000003 -0.000000 0.999997
0.000000 -0.000000 1.000000
0.004730 0.000000 0.995270
0.281354 -0.000000 0.718646
0.130384 -0.000000 0.869616
0.999921 0.000000 0.000079
0.999999 -0.000000 0.000001
0.999697 0.000000 0.000303
0.000607 0.000000 0.999393
0.000001 0.000000 0.999999
0.999887 0.000000 0.000113
1.000000 -0.000000 0.000000
0.999945 -0.000000 0.000055
0.000281 -0.000000 0.999719
0.001885 0.000000 0.998115
1.000000 0.000000 0.000000
0.001933 -0.000000 0.998067
0.000002 0.000000 0.999998
1.000000 0.000000 0.000000
0.002461 -0.000000 0.997539
1.000000 0.000000 0.000000
0.001621 -0.000000 0.998379
0.000273 -0.000000 0.999727
0.021957 -0.000000 0.978043
0.999548 -0.000000 0.000452
0.032109 -0.000000 0.967891
0.000045 -0.000000 0.999955
0.015389 -0.000000 0.984611
0.000734 0.000000 0.999266
0.729909 -0.000000 0.270091
0.000073 0.000000 0.999927
0.002305 -0.000000 0.997695
1.000000 -0.000000 0.000000
0.023374 -0.000000 0.976626
0.137847 -0.000000 0.862153
0.993998 0.000000 0.006002
0.029468 0.000000 0.970532
0.065637 0.000000 0.934363
0.111918 -0.000000 0.888082
0.000015 -0.000000 0.999985
0.003214 -0.000000 0.996786
0.999471 0.000000 0.000529
1.000000 0.000000 0.000000
0.000313 0.000000 0.999687
0.022607 -0.000000 0.977393
0.986743 -0.000000 0.013257
0.077297 -0.000000 0.922703
1.000000 -0.000000 0.000000
0.001454 0.000000 0.998546
0.467537 0.000000 0.532463
0.000050 0.000000 0.999950
0.007296 0.000000 0.992704
0.510784 0.000000 0.489216
0.006607 0.000000 0.993393
1.000000 0.000000 0.000000
0.001034 -0.000000 0.998966
0.999999 -0.000000 0.000001
0.949930 0.000000 0.050070
0.001605 -0.000000 0.998395
1.000000 0.000000 0.000000
0.000009 0.000000 0.999991
1.000000 0.000000 0.000000
0.047449 0.000000 0.952551
0.999786 0.000000 0.000214
0.875105 0.000000 0.124895
1.000000 -0.000000 0.000000
0.999999 -0.000000 0.000001
0.000303 0.000000 0.999697
0.909700 -0.000000 0.090300
1.000000 -0.000000 0.000000
0.999868 0.000000 0.000132
0.014014 -0.000000 0.985986
1.000000 -0.000000 0.000000
0.993653 -0.000000 0.006347
0.001679 -0.000000 0.998321
0.000004 -0.000000 0.999996
0.991455 -0.000000 0.008545
0.999993 0.000000 0.000007
0.999724 0.000000 0.000276
0.000363 0.000000 0.999637
1.000000 -0.000000 0.000000
0.007471 0.000000 0.992529
0.000000 -0.000000 1.000000
0.060901 -0.000000 0.939099
0.001718 0.000000 0.998282
0.000063 0.000000 0.999937
0.004862 0.000000 0.995138
0.013616 -0.000000 0.986384
1.000000 -0.000000 0.000000
0.000013 -0.000000 0.999987
0.999990 0.000000 0.000010
0.000159 0.000000 0.999841
0.326825 0.000000 0.673175
0.044233 -0.000000 0.955767
0.000824 0.000000 0.999176
0.000009 0.000000 0.999991
0.044526 0.000000 0.955474
1.000000 0.000000 0.000000
0.007231 0.000000 0.992769
0.000162 0.000000 0.999838
0.003070 -0.000000 0.996930
0.124091 0.000000 0.875909
0.000053 0.000000 0.999947
0.000298 0.000000 0.999702
0.167996 0.000000 0.832004
0.111641 -0.000000 0.888359
0.000008 -0.000000 0.999992
0.002833 0.000000 0.997167
0.925776 -0.000000 0.074224
0.999613 -0.000000 0.000387
1.000000 -0.000000 0.000000
0.005032 0.000000 0.994968
0.950091 -0.000000 0.049909
0.006176 -0.000000 0.993824
0.000007 0.000000 0.999993
1.000000 -0.000000 0.000000
0.998627 -0.000000 0.001373
1.000000 0.000000 0.000000
0.001057 -0.000000 0.998943
0.999999 -0.000000 0.000001
0.245669 0.000000 0.754331
0.333630 0.000000 0.666370
0.981120 -0.000000 0.018880
0.008547 -0.000000 0.991453
0.988879 0.000000 0.011121
0.000002 -0.000000 0.999998
0.028710 0.000000 0.971290
0.000640 0.000000 0.999360
0.005070 0.000000 0.994930
0.999672 -0.000000 0.000328
0.002747 -0.000000 0.997253
0.002385 -0.000000 0.997615
1.000000 0.000000 0.000000
0.999969 0.000000 0.000031
0.999675 0.000000 0.000325
0.000123 -0.000000 0.999877
0.921591 -0.000000 0.078409
0.880286 0.000000 0.119714
0.035289 0.000000 0.964711
0.999768 0.000000 0.000232
0.000006 -0.000000 0.999994
0.652639 0.000000 0.347361
0.132922 -0.000000 0.867078
0.999965 0.000000 0.000035
0.999982 -0.000000 0.000018
0.107683 -0.000000 0.892317
0.999678 0.000000 0.000322
0.901223 0.000000 0.098777
0.003687 0.000000 0.996313
1.000000 0.000000 0.000000
0.042885 -0.000000 0.957115
1.000000 -0.000000 0.000000
0.975166 -0.000000 0.024834
0.003688 0.000000 0.996312
0.004485 0.000000 0.995515
0.009619 0.000000 0.990381
0.076587 0.000000 0.923413
0.000426 -0.000000 0.999574
0.999979 -0.000000 0.000021
0.000133 0.000000 0.999867
0.001703 0.000000 0.998297
0.000850 0.000000 0.999150
1.000000 0.000000 0.000000
1.000000 -0.000000 0.000000
0.013327 0.000000 0.986673
0.002164 -0.000000 0.997836
0.232576 0.000000 0.767424
0.000544 -0.000000 0.999456
1.000000 -0.000000 -0.000000
0.003923 0.000000 0.996077
1.000000 -0.000000 0.000000
0.001051 0.000000 0.998949
0.070070 -0.000000 0.929930
0.000219 -0.000000 0.999781
0.000185 0.000000 0.999815
0.613371 0.000000 0.386629
0.000109 0.000000 0.999891
0.110327 0.000000 0.889673
1.000000 -0.000000 0.000000
0.003865 -0.000000 0.996135
0.075370 -0.000000 0.924630
0.006450 -0.000000 0.993550
1.000000 -0.000000 0.000000
0.000086 0.000000 0.999914
0.024505 0.000000 0.975495
0.998864 0.000000 0.001136
0.066124 0.000000 0.933876
0.000679 0.000000 0.999321
0.984398 -0.000000 0.015602
0.992834 0.000000 0.007166
0.000000 0.000000 1.000000
1.000000 -0.000000 0.000000
0.000006 -0.000000 0.999994
0.035965 0.000000 0.964035
0.553218 0.000000 0.446782
1.000000 -0.000000 0.000000
0.999857 0.000000 0.000143
0.052680 0.000000 0.947320
0.000678 0.000000 0.999322
0.990380 -0.000000 0.009620
0.015157 0.000000 0.984843
0.030003 -0.000000 0.969997
0.997299 -0.000000 0.002701
0.037831 0.000000 0.962169
0.024934 0.000000 0.975066
0.999611 -0.000000 0.000389
1.000000 0.000000 0.000000
0.999999 0.000000 0.000001
0.762309 0.000000 0.237691
0.002275 0.000000 0.997725
0.999955 0.000000 0.000045
0.585955 0.000000 0.414045
1.000000 -0.000000 0.000000
0.999996 -0.000000 0.000004
0.009640 0.000000 0.990360
0.002316 -0.000000 0.997684
0.006316 -0.000000 0.993684
0.000136 -0.000000 0.999864
1.000000 0.000000 0.000000
0.014750 0.000000 0.985250
0.033167 0.000000 0.966833
0.033901 -0.000000 0.966099
0.000505 -0.000000 0.999495
1.000000 -0.000000 0.000000
0.817939 -0.000000 0.182061
0.998471 0.000000 0.001529
0.001176 0.000000 0.998824
0.999594 0.000000 0.000406
1.000000 0.000000 0.000000
1.000000 0.000000 0.000000
0.017738 -0.000000 0.982262
0.913322 0.000000 0.086678
0.004004 -0.000000 0.995996
1.000000 -0.000000 0.000000
0.000425 0.000000 0.999575
0.000940 0.000000 0.999060
0.999965 0.000000 0.000035
0.998205 -0.000000 0.001795
0.000074 0.000000 0.999926
0.025830 -0.000000 0.974170
0.000490 0.000000 0.999510
0.000035 0.000000 0.999965
0.003553 -0.000000 0.996447
0.202900 0.000000 0.797100
0.005191 0.000000 0.994809
0.001454 -0.000000 0.998546
0.999350 0.000000 0.000650
1.000000 -0.000000 0.000000
0.041761 -0.000000 0.958239
0.018493 0.000000 0.981507
0.002992 0.000000 0.997008
0.878047 0.000000 0.121953
