0.000792 0.005450 0.003302 0.001525 0.005848 0.000075 0.000000 0.983009
0.024097 0.366282 0.248299 0.199381 0.025603 0.027707 0.107432 0.001198
0.000687 0.007448 0.011467 0.562254 0.001285 0.000586 0.416035 0.000238
0.003646 0.040735 0.023132 0.775926 0.009831 0.000156 0.138255 0.008319
0.548246 0.068975 0.254114 0.064308 0.000723 0.000000 0.059238 0.004398
0.022720 0.011791 0.034136 0.032719 0.012860 0.845155 0.035851 0.004768
0.000114 0.081882 0.025995 0.051277 0.004973 0.000125 0.000000 0.835634
0.199159 0.438673 0.132055 0.092020 0.003673 0.054493 0.064733 0.015193
0.000327 0.178929 0.040530 0.029012 0.000379 0.736924 0.012088 0.001810
0.002474 0.674560 0.288851 0.003988 0.000648 0.009216 0.018556 0.001708
0.003038 0.005008 0.004342 0.006348 0.931399 0.000319 0.000405 0.049140
0.005036 0.599669 0.167154 0.183175 0.000384 0.001626 0.042875 0.000081
0.010947 0.016686 0.004328 0.004522 0.007248 0.953265 0.000536 0.002467
0.834557 0.037094 0.015838 0.005105 0.011278 0.029571 0.052287 0.014270
0.000790 0.013301 0.025103 0.863608 0.000464 0.005110 0.090757 0.000866
0.050548 0.032884 0.052675 0.493403 0.009444 0.028948 0.289152 0.042945
0.001395 0.801836 0.164739 0.023559 0.003047 0.003692 0.000325 0.001407
0.003865 0.600528 0.167026 0.183683 0.000369 0.001597 0.042855 0.000078
0.008789 0.007343 0.012434 0.520645 0.003605 0.001085 0.445432 0.000667
0.007479 0.112798 0.776107 0.003662 0.032826 0.003421 0.063705 0.000000
0.000415 0.032995 0.021215 0.873908 0.002218 0.010792 0.057329 0.001129
0.054418 0.008616 0.008236 0.225053 0.003361 0.000114 0.700179 0.000023
0.001286 0.009443 0.004777 0.549961 0.000250 0.000015 0.434264 0.000002
0.000896 0.054148 0.081984 0.337441 0.003282 0.428823 0.092210 0.001216
0.815472 0.020523 0.120663 0.010144 0.000895 0.000000 0.026852 0.005451
0.000088 0.728991 0.246076 0.005153 0.000119 0.002975 0.016286 0.000313
0.050121 0.056240 0.080476 0.682114 0.030437 0.000000 0.080829 0.019783
0.002959 0.230168 0.587331 0.154632 0.000000 0.005172 0.017705 0.002034
0.000472 0.022980 0.009127 0.638243 0.000487 0.000405 0.328022 0.000265
0.286926 0.116355 0.384614 0.117275 0.000553 0.000000 0.090907 0.003369
0.044463 0.023678 0.017811 0.298884 0.008584 0.003659 0.598256 0.004666
0.000855 0.382218 0.069876 0.109409 0.036308 0.398662 0.000000 0.002673
0.000151 0.769820 0.184426 0.015170 0.017906 0.007234 0.003283 0.002010
0.000069 0.729408 0.245749 0.005161 0.000115 0.002927 0.016269 0.000302
0.012225 0.034651 0.026642 0.808618 0.010925 0.031021 0.070356 0.005563
0.000578 0.095429 0.118222 0.290507 0.102851 0.015686 0.237240 0.139488
0.000379 0.629458 0.325113 0.012822 0.000182 0.000022 0.031903 0.000121
0.001479 0.122872 0.029830 0.019046 0.000580 0.814605 0.008814 0.002772
0.010862 0.014776 0.027209 0.030239 0.595620 0.011255 0.022748 0.287289
0.006948 0.572511 0.369046 0.001803 0.001641 0.020917 0.022810 0.004323
0.003459 0.026559 0.011446 0.001923 0.000926 0.948073 0.003190 0.004424
0.002056 0.356115 0.066239 0.100850 0.044242 0.427241 0.000000 0.003257
0.003459 0.026583 0.011450 0.001928 0.000926 0.948039 0.003191 0.004424
0.018885 0.016573 0.023447 0.032428 0.319598 0.004577 0.000078 0.584414
0.003038 0.005008 0.004342 0.006348 0.931399 0.000319 0.000405 0.049140
0.002352 0.080427 0.021728 0.011500 0.000733 0.873424 0.006336 0.003500
0.821092 0.019504 0.117856 0.009005 0.000899 0.000000 0.026171 0.005473
0.003232 0.023024 0.009671 0.616953 0.000995 0.000609 0.344975 0.000541
0.001867 0.481389 0.379397 0.022567 0.000000 0.001880 0.111544 0.001357
0.000174 0.864144 0.095591 0.015397 0.000454 0.000036 0.023941 0.000263
0.000870 0.025375 0.012215 0.924402 0.002227 0.003213 0.031374 0.000324
0.028376 0.463847 0.457560 0.004210 0.002357 0.000142 0.041931 0.001577
0.052396 0.008647 0.008104 0.237417 0.003242 0.000111 0.690061 0.000022
0.009085 0.024885 0.032997 0.016551 0.736195 0.000000 0.006573 0.173714
0.003459 0.026559 0.011446 0.001923 0.000926 0.948073 0.003190 0.004424
0.000784 0.006281 0.003549 0.002066 0.005839 0.000075 0.000000 0.981406
0.001291 0.419361 0.174245 0.115832 0.001074 0.034631 0.251006 0.002560
0.907832 0.029787 0.001418 0.009007 0.034483 0.000408 0.000701 0.016365
0.001200 0.025421 0.012294 0.923421 0.002411 0.003346 0.031556 0.000351
0.031315 0.007051 0.015123 0.404949 0.010056 0.002473 0.527170 0.001861
0.054419 0.008616 0.008236 0.225044 0.003361 0.000114 0.700187 0.000023
0.028147 0.465200 0.456478 0.004280 0.002339 0.000141 0.041849 0.001565
0.000097 0.771814 0.184105 0.015250 0.016607 0.006985 0.003279 0.001864
0.001101 0.567998 0.365867 0.024598 0.024956 0.007843 0.005419 0.002218
0.854981 0.022942 0.044481 0.007167 0.000668 0.036693 0.024777 0.008292
0.834568 0.037089 0.015837 0.005103 0.011278 0.029571 0.052283 0.014270
0.002704 0.100125 0.075113 0.436277 0.135102 0.003430 0.000269 0.246980
0.080730 0.109135 0.145149 0.047232 0.012625 0.183702 0.412074 0.009353
0.016765 0.028058 0.029366 0.054330 0.867190 0.000004 0.004164 0.000123
0.000140 0.670886 0.280044 0.017682 0.001129 0.009901 0.013184 0.007034
0.854960 0.022949 0.044487 0.007171 0.000668 0.036693 0.024780 0.008292
0.075266 0.154732 0.490316 0.160176 0.000417 0.000000 0.116559 0.002535
0.059298 0.045761 0.047046 0.402283 0.097525 0.001064 0.264492 0.082533
0.000049 0.462560 0.339745 0.118545 0.000000 0.001411 0.076104 0.001586
0.090359 0.420220 0.163826 0.159817 0.033306 0.000420 0.112045 0.020006
0.015984 0.097817 0.817321 0.002609 0.011546 0.003748 0.043185 0.007790
0.000385 0.463488 0.459069 0.024083 0.008191 0.031841 0.010940 0.002003
0.000511 0.805177 0.163245 0.023851 0.002448 0.003315 0.000322 0.001130
0.000721 0.005130 0.015896 0.938350 0.000423 0.000128 0.038833 0.000520
0.000211 0.726176 0.248288 0.005092 0.000146 0.003298 0.016403 0.000385
0.000597 0.861314 0.097547 0.015123 0.000648 0.000043 0.024352 0.000375
0.873546 0.063974 0.016475 0.009868 0.018898 0.002305 0.000000 0.014932
0.401585 0.181548 0.152432 0.084497 0.069699 0.042788 0.064188 0.003262
0.000720 0.007447 0.011471 0.562088 0.001294 0.000588 0.416152 0.000239
0.018807 0.573946 0.156000 0.128829 0.001609 0.036641 0.077515 0.006652
0.000561 0.804986 0.163331 0.023834 0.002482 0.003337 0.000322 0.001146
0.000429 0.063678 0.028939 0.181020 0.686384 0.000457 0.002892 0.036201
0.054419 0.008616 0.008236 0.225044 0.003361 0.000114 0.700187 0.000023
0.017859 0.007225 0.013517 0.474062 0.006202 0.001644 0.478343 0.001148
0.000667 0.033030 0.021331 0.872515 0.002403 0.011223 0.057607 0.001224
0.000792 0.005438 0.003298 0.001517 0.005849 0.000075 -0.000000 0.983032
0.069285 0.279575 0.510060 0.123481 0.010393 0.001051 0.003004 0.003150
0.000633 0.387055 0.070550 0.110994 0.034838 0.393366 0.000000 0.002564
0.000552 0.009455 0.004730 0.554451 0.000207 0.000014 0.430589 0.000001
0.907832 0.029787 0.001418 0.009007 0.034483 0.000408 0.000701 0.016365
0.001046 0.135206 0.090827 0.396107 0.363203 0.000003 0.013555 0.000051
0.003038 0.005008 0.004342 0.006348 0.931399 0.000319 0.000405 0.049140
0.000139 0.670901 0.280039 0.017683 0.001128 0.009897 0.013184 0.007029
0.000095 0.771907 0.184090 0.015253 0.016546 0.006973 0.003279 0.001857
0.004872 0.025927 0.013169 0.912528 0.004447 0.004829 0.033581 0.000647
0.009618 0.369033 0.428585 0.007388 0.137149 0.030064 0.005974 0.012190
0.000000 0.213479 0.096977 0.079790 0.001378 0.443117 0.162724 0.002535
0.000762 0.008775 0.004289 0.003689 0.005810 0.000077 0.000000 0.976597
0.003018 0.005456 0.004530 0.007682 0.929529 0.000320 0.000424 0.049041
0.053161 0.158740 0.501355 0.164657 0.000402 0.000000 0.119238 0.002448
0.003065 0.479500 0.379958 0.022404 0.000000 0.001962 0.111625 0.001487
0.010947 0.016686 0.004328 0.004522 0.007248 0.953265 0.000536 0.002467
0.014357 0.769324 0.161144 0.006236 0.006927 0.000282 0.037718 0.004012
0.000391 0.151865 0.788589 0.004008 0.000102 0.000766 0.053480 0.000800
0.000702 0.005129 0.015889 0.938398 0.000420 0.000127 0.038818 0.000517
0.067033 0.006588 0.019386 0.221506 0.020285 0.004674 0.656773 0.003755
0.841807 0.028219 0.098263 0.005579 0.018902 0.000959 0.000541 0.005731
0.001332 0.013347 0.025463 0.860773 0.000548 0.005590 0.091923 0.001023
0.000605 0.025339 0.012152 0.925187 0.002081 0.003106 0.031228 0.000303
0.044888 0.008764 0.007615 0.283328 0.002803 0.000097 0.652485 0.000019
0.018885 0.016573 0.023447 0.032427 0.319598 0.004577 0.000078 0.584414
0.000551 0.805023 0.163314 0.023838 0.002475 0.003333 0.000322 0.001143
0.033376 0.007024 0.015369 0.394364 0.010646 0.002600 0.534649 0.001971
0.000712 0.007447 0.011470 0.562127 0.001292 0.000588 0.416125 0.000239
0.000669 0.034902 0.012851 0.504002 0.001706 0.001857 0.443907 0.000105
0.000162 0.864223 0.095536 0.015405 0.000449 0.000036 0.023930 0.000260
0.003037 0.005014 0.004344 0.006364 0.931377 0.000319 0.000406 0.049139
0.001418 0.009441 0.004786 0.549158 0.000258 0.000016 0.434922 0.000002
0.053985 0.563785 0.172541 0.161931 0.001002 0.002834 0.043709 0.000212
0.000792 0.005445 0.003300 0.001521 0.005848 0.000075 0.000000 0.983019
0.015990 0.097786 0.817340 0.002605 0.011550 0.003749 0.043185 0.007793
0.000000 0.044264 0.038466 0.007364 0.005184 0.834917 0.060264 0.009541
0.048875 0.008702 0.007875 0.258948 0.003036 0.000104 0.672439 0.000021
0.000492 0.805247 0.163214 0.023857 0.002435 0.003308 0.000322 0.001125
0.004416 0.006793 0.019644 0.015152 0.850535 0.006018 0.001050 0.096393
0.000074 0.729298 0.245835 0.005159 0.000116 0.002940 0.016273 0.000305
0.194699 0.226218 0.232440 0.157423 0.000457 0.044683 0.138407 0.005672
0.000373 0.033554 0.025201 0.912002 0.001076 0.000000 0.027094 0.000699
0.834568 0.037090 0.015837 0.005103 0.011278 0.029571 0.052283 0.014270
0.907670 0.029880 0.001420 0.009073 0.034482 0.000408 0.000702 0.016364
0.022720 0.011792 0.034136 0.032720 0.012860 0.845153 0.035851 0.004768
0.000129 0.864445 0.095383 0.015426 0.000434 0.000035 0.023898 0.000251
0.014546 0.768062 0.162017 0.006114 0.007013 0.000285 0.037902 0.004062
0.000301 0.024590 0.020589 0.828941 0.000388 0.002380 0.121046 0.001765
0.059109 0.029197 0.020539 0.187814 0.025298 0.013964 0.662526 0.001554
0.013497 0.050333 0.042143 0.125382 0.762416 0.000004 0.006117 0.000108
0.001697 0.004404 0.015587 0.911676 0.002261 0.001237 0.061942 0.001196
0.000298 0.024589 0.020587 0.828962 0.000388 0.002378 0.121036 0.001763
0.000525 0.025328 0.012133 0.925424 0.002036 0.003074 0.031184 0.000296
0.067034 0.006588 0.019387 0.221498 0.020285 0.004674 0.656778 0.003755
0.842148 0.028108 0.098081 0.005527 0.018905 0.000959 0.000539 0.005732
0.854981 0.022942 0.044481 0.007167 0.000668 0.036693 0.024777 0.008292
0.000508 0.009455 0.004727 0.554720 0.000205 0.000014 0.430370 0.000001
0.003038 0.005008 0.004342 0.006348 0.931399 0.000319 0.000405 0.049140
0.000787 0.005992 0.003463 0.001878 0.005842 0.000075 0.000000 0.981963
0.000190 0.185576 0.041799 0.030194 0.000355 0.727712 0.012476 0.001696
0.000074 0.729303 0.245831 0.005159 0.000116 0.002939 0.016273 0.000305
0.000998 0.050881 0.023574 0.142921 0.739826 0.000427 0.002350 0.039023
0.000229 0.175674 0.767498 0.010516 0.001141 0.000740 0.043433 0.000770
0.001896 0.450137 0.459349 0.022958 0.012481 0.039223 0.010902 0.003053
0.001346 0.371554 0.068390 0.105912 0.039549 0.410337 0.000000 0.002911
0.000595 0.007449 0.011456 0.562729 0.001258 0.000580 0.415699 0.000233
0.000792 0.005438 0.003298 0.001517 0.005849 0.000075 0.000000 0.983032
0.000096 0.083837 0.026576 0.052550 0.004951 0.000127 0.000000 0.831863
0.012163 0.000682 0.031854 0.015434 0.071256 0.000000 0.023596 0.845014
0.000849 0.711617 0.259730 0.004781 0.000288 0.004967 0.017011 0.000758
0.008637 0.034124 0.013899 0.460890 0.004923 0.003508 0.473716 0.000302
0.059540 0.348937 0.239298 0.188594 0.029744 0.029123 0.103372 0.001392
0.003459 0.026559 0.011446 0.001923 0.000926 0.948072 0.003190 0.004424
0.035269 0.045371 0.047948 0.074902 0.387166 0.007814 0.260394 0.141137
0.000612 0.007449 0.011459 0.562638 0.001263 0.000582 0.415763 0.000234
0.000595 0.007449 0.011456 0.562726 0.001259 0.000581 0.415701 0.000233
0.844572 0.039124 0.056687 0.007830 0.006619 0.021216 0.005267 0.018685
0.009249 0.021841 0.031019 0.012381 0.743844 0.000000 0.006145 0.175520
0.098157 0.058591 0.069040 0.506399 0.024767 0.048874 0.181811 0.012363
0.001046 0.034866 0.012901 0.501965 0.001858 0.001935 0.445315 0.000114
0.077736 0.055463 0.060217 0.577794 0.019796 0.039483 0.159629 0.009881
0.005601 0.109675 0.137744 0.011789 0.039401 0.674785 0.016869 0.004136
0.907757 0.029830 0.001419 0.009037 0.034483 0.000408 0.000701 0.016364
0.000788 0.022985 0.009189 0.635803 0.000546 0.000428 0.329965 0.000297
0.000268 0.014916 0.113996 0.295881 0.234961 0.023107 0.275574 0.041297
0.006306 0.550520 0.322820 0.010940 0.007960 0.037241 0.014589 0.049624
0.000356 0.022978 0.009104 0.639140 0.000466 0.000396 0.327307 0.000253
0.050548 0.032884 0.052675 0.493403 0.009444 0.028948 0.289152 0.042945
0.000173 0.136497 0.099145 0.334189 0.020113 0.008937 0.012497 0.388449
0.018668 0.017693 0.024140 0.037843 0.317123 0.004562 0.000081 0.579889
0.000134 0.864411 0.095406 0.015423 0.000436 0.000035 0.023902 0.000253
0.011490 0.449334 0.358778 0.005272 0.013703 0.060225 0.015771 0.085427
0.673736 0.165169 0.004585 0.104305 0.033440 0.000505 0.002392 0.015868
0.000245 0.201729 0.117349 0.153136 0.001732 0.386423 0.138094 0.001293
0.211390 0.429500 0.130432 0.089524 0.003813 0.055704 0.063866 0.015772
0.000653 0.007448 0.011463 0.562429 0.001275 0.000584 0.415911 0.000236
0.000371 0.761723 0.185731 0.014847 0.023183 0.008245 0.003298 0.002602
0.854980 0.022943 0.044481 0.007167 0.000668 0.036693 0.024777 0.008292
0.007468 0.499701 0.227937 0.004396 0.193957 0.040977 0.003791 0.021773
0.000184 0.062687 0.021302 0.855186 0.000969 0.005392 0.054233 0.000047
0.136859 0.350004 0.078793 0.107630 0.006806 0.033032 0.278267 0.008609
0.000752 0.009907 0.004625 0.004426 0.005797 0.000078 0.000000 0.974414
0.000792 0.005438 0.003298 0.001517 0.005849 0.000075 -0.000000 0.983032
0.000419 0.013270 0.024856 0.865550 0.000407 0.004781 0.089958 0.000759
0.000344 0.022978 0.009101 0.639230 0.000464 0.000395 0.327236 0.000252
0.000833 0.007446 0.011485 0.561506 0.001327 0.000595 0.416563 0.000245
0.000635 0.024645 0.020802 0.826710 0.000448 0.002556 0.122164 0.002039
0.067335 0.381185 0.085067 0.117847 0.006360 0.033377 0.300786 0.008044
0.000599 0.099812 0.028690 0.787235 0.003838 0.016090 0.062115 0.001621
0.001233 0.033947 0.026157 0.908027 0.001584 0.000000 0.028023 0.001029
0.000792 0.005438 0.003298 0.001517 0.005849 0.000075 0.000000 0.983032
0.000977 0.171976 0.769864 0.010140 0.001635 0.000883 0.043421 0.001103
0.834568 0.037090 0.015837 0.005103 0.011278 0.029571 0.052283 0.014270
0.005472 0.067447 0.027416 0.810435 0.004893 0.015890 0.068209 0.000237
0.003038 0.005008 0.004342 0.006348 0.931399 0.000319 0.000405 0.049140
0.050548 0.032884 0.052675 0.493403 0.009444 0.028948 0.289152 0.042945
0.000431 0.099783 0.028600 0.788372 0.003641 0.015689 0.061946 0.001538
0.873546 0.063974 0.016475 0.009868 0.018898 0.002305 0.000000 0.014932
0.001913 0.015656 0.011221 0.006617 0.002166 0.917670 0.005029 0.039729
0.000411 0.629270 0.325264 0.012812 0.000184 0.000022 0.031914 0.000123
0.834568 0.037089 0.015837 0.005103 0.011278 0.029571 0.052283 0.014270
0.821091 0.019504 0.117856 0.009005 0.000899 0.000000 0.026171 0.005473
0.002944 0.007111 0.005224 0.012608 0.922618 0.000324 0.000494 0.048676
0.001338 0.022994 0.009297 0.631561 0.000647 0.000469 0.333342 0.000352
0.000807 0.626929 0.327136 0.012691 0.000215 0.000023 0.032056 0.000144
0.821092 0.019504 0.117856 0.009005 0.000899 0.000000 0.026171 0.005473
0.010781 0.481319 0.304120 0.166109 0.019167 0.001899 0.013073 0.003532
0.003457 0.026671 0.011467 0.001943 0.000926 0.947917 0.003196 0.004422
0.572207 0.158869 0.082528 0.015882 0.007943 0.091419 0.038293 0.032859
0.054225 0.158547 0.500824 0.164441 0.000403 0.000000 0.119109 0.002452
0.005147 0.030894 0.036129 0.024605 0.238856 0.004335 0.014940 0.645093
0.000868 0.859501 0.098801 0.014948 0.000771 0.000048 0.024616 0.000447
0.000778 0.006995 0.003760 0.002531 0.005831 0.000076 0.000000 0.980029
0.677999 0.044521 0.121024 0.016874 0.064706 0.050256 0.004235 0.020386
0.000692 0.161187 0.037144 0.025858 0.000443 0.761510 0.011052 0.002115
0.308875 0.376928 0.200591 0.051312 0.004223 0.009125 0.048052 0.000894
0.495727 0.140823 0.282743 0.058397 0.015090 0.001000 0.001644 0.004575
0.000718 0.004379 0.015266 0.915045 0.001773 0.001087 0.060793 0.000938
0.000241 0.033494 0.025054 0.912614 0.000998 0.000000 0.026951 0.000649
0.000195 0.669821 0.280423 0.017622 0.001189 0.010143 0.013196 0.007411
0.002139 0.480961 0.379525 0.022530 0.000000 0.001899 0.111562 0.001386
0.000146 0.247413 0.256053 0.235475 0.001470 0.000011 0.254061 0.005371
0.018145 0.018649 0.023969 0.024318 0.911446 0.000004 0.003340 0.000129
0.023498 0.217426 0.379993 0.055218 0.106613 0.109661 0.107552 0.000040
0.000234 0.175650 0.767513 0.010514 0.001144 0.000741 0.043433 0.000772
0.000383 0.022979 0.009109 0.638932 0.000471 0.000398 0.327473 0.000256
0.033968 0.093104 0.060368 0.569261 0.026037 0.072470 0.143529 0.001262
0.005117 0.004491 0.016708 0.899912 0.003964 0.001758 0.065953 0.002098
0.010915 0.017017 0.004366 0.004741 0.007235 0.952721 0.000541 0.002462
0.008281 0.044400 0.007550 0.022856 0.006137 0.907713 0.000973 0.002089
0.001913 0.015652 0.011220 0.006613 0.002166 0.917679 0.005029 0.039730
0.854955 0.022950 0.044488 0.007173 0.000668 0.036693 0.024781 0.008292
0.000792 0.005438 0.003298 0.001517 0.005849 0.000075 0.000000 0.983032
0.000310 0.179740 0.040685 0.029156 0.000376 0.735800 0.012135 0.001797
0.001034 0.040499 0.022010 0.793464 0.005715 0.000114 0.132329 0.004835
0.000452 0.005120 0.015798 0.939018 0.000390 0.000123 0.038618 0.000481
0.000792 0.005438 0.003298 0.001517 0.005849 0.000075 0.000000 0.983032
0.000923 0.009449 0.004754 0.552183 0.000229 0.000015 0.432446 0.000002
0.854981 0.022942 0.044481 0.007167 0.000668 0.036693 0.024777 0.008292
0.003038 0.005008 0.004342 0.006348 0.931399 0.000319 0.000405 0.049140
0.011593 0.054225 0.046729 0.214416 0.236457 0.004060 0.000164 0.432354
0.004416 0.006793 0.019644 0.015152 0.850535 0.006018 0.001050 0.096393
0.000312 0.575619 0.407325 0.012880 0.000741 0.002660 0.000252 0.000212
0.000185 0.062688 0.021303 0.855176 0.000970 0.005394 0.054237 0.000047
0.225763 0.310132 0.070771 0.094566 0.007375 0.032591 0.249472 0.009330
0.907832 0.029787 0.001418 0.009007 0.034483 0.000408 0.000701 0.016365
0.000655 0.804631 0.163489 0.023803 0.002546 0.003377 0.000323 0.001176
0.000622 0.049891 0.047588 0.851187 0.001433 0.002226 0.045822 0.001231
0.032064 0.026535 0.013191 0.046170 0.584641 0.000000 0.209943 0.087457
0.000792 0.005438 0.003298 0.001517 0.005849 0.000075 0.000000 0.983032
0.001283 0.007440 0.011539 0.559193 0.001456 0.000623 0.418197 0.000269
0.000134 0.864407 0.095409 0.015422 0.000436 0.000035 0.023903 0.000253
0.140931 0.348178 0.078426 0.107032 0.006832 0.033012 0.276948 0.008642
0.016027 0.597874 0.074340 0.268260 0.028080 0.015230 0.000000 0.000188
0.001870 0.481384 0.379399 0.022566 0.000000 0.001880 0.111544 0.001357
0.078694 0.261932 0.265463 0.183821 0.000420 0.046087 0.158371 0.005212
0.000000 0.044264 0.038466 0.007364 0.005184 0.834917 0.060264 0.009541
0.050396 0.032858 0.052578 0.494419 0.009417 0.028868 0.288643 0.042821
0.018885 0.016573 0.023447 0.032427 0.319598 0.004577 0.000078 0.584415
0.262025 0.205491 0.213275 0.142102 0.000478 0.043869 0.126821 0.005939
0.009618 0.369033 0.428585 0.007388 0.137149 0.030064 0.005974 0.012190
0.000431 0.721161 0.252229 0.004985 0.000195 0.003873 0.016613 0.000513
0.000452 0.005120 0.015798 0.939018 0.000390 0.000123 0.038618 0.000481
0.000345 0.022978 0.009101 0.639224 0.000464 0.000395 0.327240 0.000252
0.184925 0.447857 0.011199 0.303295 0.031262 0.000706 0.005925 0.014831
0.850965 0.024179 0.045624 0.008081 0.000666 0.036741 0.025468 0.008276
0.005945 0.083169 0.070878 0.096393 0.589708 0.000000 0.014769 0.139139
0.003195 0.009414 0.004902 0.538291 0.000362 0.000019 0.443816 0.000002
0.000792 0.005446 0.003301 0.001522 0.005848 0.000075 0.000000 0.983016
0.067034 0.006588 0.019387 0.221498 0.020285 0.004674 0.656778 0.003755
0.819173 0.019852 0.118815 0.009394 0.000898 0.000000 0.026403 0.005465
0.000205 0.767831 0.184747 0.015091 0.019203 0.007482 0.003286 0.002155
0.002038 0.633828 0.293214 0.015606 0.003232 0.018318 0.013617 0.020147
0.000205 0.134942 0.098163 0.330083 0.020444 0.008953 0.012371 0.394840
0.001245 0.022992 0.009279 0.632276 0.000630 0.000462 0.332773 0.000342
0.000384 0.022979 0.009109 0.638924 0.000471 0.000398 0.327479 0.000256
0.001046 0.457646 0.459192 0.023591 0.010068 0.035071 0.010923 0.002463
0.000841 0.005894 0.143910 0.299693 0.033878 0.000000 0.114174 0.401611
0.308027 0.377550 0.200497 0.051680 0.004212 0.009104 0.048038 0.000892
0.783850 0.125383 0.023867 0.032519 0.017909 0.002320 0.000000 0.014151
0.000280 0.724615 0.249515 0.005059 0.000161 0.003477 0.016469 0.000425
0.018145 0.018649 0.023969 0.024318 0.911446 0.000004 0.003340 0.000129
0.854981 0.022942 0.044481 0.007167 0.000668 0.036693 0.024777 0.008292
0.004007 0.025807 0.012963 0.915093 0.003968 0.004480 0.033104 0.000578
0.000583 0.572374 0.410016 0.012711 0.000889 0.002919 0.000253 0.000255
0.308875 0.376928 0.200591 0.051312 0.004223 0.009125 0.048052 0.000894
0.002320 0.007427 0.011662 0.553869 0.001752 0.000687 0.421959 0.000324
0.010947 0.016689 0.004328 0.004524 0.007248 0.953261 0.000536 0.002467
0.834568 0.037089 0.015837 0.005103 0.011278 0.029571 0.052283 0.014270
0.000000 0.068004 0.046675 0.017525 0.004650 0.779949 0.074638 0.008558
0.854981 0.022942 0.044481 0.007167 0.000668 0.036693 0.024777 0.008292
0.012384 0.172092 0.340676 0.072910 0.018527 0.000070 0.315614 0.067727
0.000124 0.590823 0.358672 0.026573 0.012086 0.005294 0.005355 0.001074
0.003328 0.100276 0.030139 0.768850 0.007013 0.022570 0.064859 0.002963
0.000477 0.663450 0.303871 0.009954 0.000829 0.000000 0.020372 0.001047
0.000792 0.005438 0.003298 0.001517 0.005849 0.000075 0.000000 0.983032
0.000673 0.007448 0.011466 0.562327 0.001281 0.000585 0.415983 0.000237
0.000518 0.022981 0.009136 0.637884 0.000496 0.000408 0.328307 0.000270
0.000457 0.004372 0.015181 0.915942 0.001643 0.001047 0.060488 0.000869
0.000070 0.729390 0.245763 0.005161 0.000115 0.002929 0.016269 0.000303
0.000864 0.382024 0.069849 0.109345 0.036367 0.398874 0.000000 0.002677
0.000070 0.729391 0.245762 0.005161 0.000115 0.002929 0.016269 0.000303
0.001912 0.015686 0.011231 0.006648 0.002165 0.917603 0.005034 0.039721
0.744275 0.033432 0.156218 0.024575 0.000849 0.000000 0.035480 0.005170
0.053187 0.158735 0.501342 0.164651 0.000402 0.000000 0.119235 0.002448
0.834567 0.037090 0.015837 0.005104 0.011278 0.029571 0.052284 0.014270
0.003459 0.026560 0.011446 0.001923 0.000926 0.948072 0.003190 0.004424
0.000472 0.062708 0.028533 0.178132 0.690434 0.000455 0.002851 0.036415
0.059101 0.029197 0.020538 0.187857 0.025295 0.013962 0.662496 0.001554
0.001615 0.036990 0.017751 0.101565 0.797837 0.000395 0.001761 0.042087
0.221536 0.217956 0.224800 0.151316 0.000465 0.044359 0.133789 0.005779
0.012881 0.779192 0.154322 0.007189 0.006253 0.000256 0.036285 0.003622
0.854981 0.022942 0.044481 0.007167 0.000668 0.036693 0.024777 0.008292
0.008751 0.013973 0.030396 0.821958 0.001699 0.012164 0.107886 0.003173
0.000091 0.772033 0.184070 0.015258 0.016464 0.006957 0.003278 0.001848
0.000781 0.006659 0.003661 0.002312 0.005835 0.000076 -0.000000 0.980678
0.000135 0.727909 0.246926 0.005129 0.000129 0.003099 0.016331 0.000340
0.313117 0.270954 0.062889 0.081730 0.007935 0.032158 0.221178 0.010039
0.873546 0.063974 0.016475 0.009868 0.018898 0.002305 0.000000 0.014932
0.003038 0.005008 0.004342 0.006348 0.931399 0.000319 0.000405 0.049140
0.047735 0.626842 0.242978 0.008274 0.034424 0.023397 0.000448 0.015902
0.854981 0.022942 0.044481 0.007167 0.000668 0.036693 0.024777 0.008292
0.096488 0.008579 0.050646 0.700226 0.011918 0.001872 0.115591 0.014680
0.000686 0.034901 0.012853 0.503912 0.001713 0.001861 0.443970 0.000105
0.000428 0.099782 0.028599 0.788390 0.003638 0.015683 0.061943 0.001537
0.003073 0.045372 0.015037 0.005268 0.000859 0.922002 0.004288 0.004101
0.063300 0.436844 0.168637 0.167168 0.030085 0.000404 0.115491 0.018071
0.037956 0.174219 0.073834 0.029760 0.032089 0.524712 0.077293 0.050137
0.001739 0.033180 0.021823 0.866592 0.003193 0.013059 0.058789 0.001626
0.000344 0.022978 0.009101 0.639227 0.000464 0.000395 0.327238 0.000252
0.000786 0.006150 0.003510 0.001981 0.005840 0.000075 -0.000000 0.981658
0.001406 0.013353 0.025512 0.860388 0.000560 0.005655 0.092081 0.001045
0.000687 0.005129 0.015883 0.938435 0.000418 0.000127 0.038806 0.000515
0.008083 0.439922 0.471248 0.052097 0.000365 0.000150 0.027461 0.000673
0.002671 0.034707 0.013114 0.493170 0.002514 0.002272 0.451396 0.000154
0.000237 0.033492 0.025050 0.912630 0.000996 0.000000 0.026947 0.000647
0.025498 0.420223 0.476756 0.047922 0.000640 0.000209 0.027570 0.001181
0.308875 0.376928 0.200591 0.051312 0.004223 0.009125 0.048052 0.000894
0.000510 0.004374 0.015199 0.915758 0.001670 0.001055 0.060550 0.000883
0.003952 0.033491 0.022840 0.854353 0.004826 0.016851 0.061231 0.002457
0.003025 0.005297 0.004463 0.007206 0.930196 0.000320 0.000418 0.049076
0.866110 0.025134 0.086159 0.012949 0.000768 0.002753 0.000780 0.005347
0.907796 0.029808 0.001418 0.009022 0.034483 0.000408 0.000701 0.016364
0.000569 0.009455 0.004731 0.554346 0.000208 0.000014 0.430676 0.000001
0.000070 0.729406 0.245750 0.005161 0.000115 0.002927 0.016269 0.000302
0.000374 0.463583 0.459067 0.024091 0.008160 0.031789 0.010940 0.001996
0.000359 0.862905 0.096447 0.015277 0.000539 0.000039 0.024121 0.000312
0.000077 0.729232 0.245887 0.005158 0.000116 0.002947 0.016276 0.000307
0.094471 0.116825 0.362670 0.020049 0.000000 0.003621 0.392640 0.009723
0.000151 0.864295 0.095486 0.015411 0.000444 0.000036 0.023919 0.000257
0.107627 0.325405 0.227086 0.173960 0.035361 0.031044 0.097863 0.001655
0.286392 0.208935 0.394330 0.090346 0.012784 0.001025 0.002312 0.003876
0.000469 0.009456 0.004724 0.554960 0.000202 0.000014 0.430173 0.000001
0.000402 0.094519 0.036290 0.088371 0.001054 0.742680 0.017362 0.019322
0.401101 0.146494 0.279752 0.162786 0.000551 0.002793 0.002688 0.003835
0.000172 0.864154 0.095584 0.015398 0.000454 0.000036 0.023940 0.000263
0.000482 0.805287 0.163196 0.023861 0.002428 0.003303 0.000322 0.001121
0.009443 0.051372 0.054079 0.821244 0.004343 0.004395 0.051392 0.003733
0.000355 0.351480 0.325554 0.193973 0.009912 0.020146 0.098576 0.000004
0.000131 0.864428 0.095395 0.015424 0.000435 0.000035 0.023900 0.000252
0.000177 0.670159 0.280303 0.017641 0.001170 0.010066 0.013193 0.007292
0.000576 0.033017 0.021289 0.873022 0.002336 0.011066 0.057506 0.001189
0.003459 0.026559 0.011446 0.001923 0.000926 0.948073 0.003190 0.004424
0.018885 0.016573 0.023447 0.032427 0.319598 0.004577 0.000078 0.584415
0.000412 0.013269 0.024851 0.865589 0.000405 0.004774 0.089942 0.000757
0.004242 0.009269 0.022987 0.028362 0.833412 0.006031 0.001245 0.094451
0.011489 0.449353 0.358772 0.005273 0.013702 0.060221 0.015770 0.085420
0.841842 0.028208 0.098245 0.005573 0.018902 0.000959 0.000540 0.005731
0.001912 0.015687 0.011231 0.006649 0.002165 0.917601 0.005034 0.039720
0.000422 0.032996 0.021218 0.873871 0.002223 0.010803 0.057336 0.001131
0.000752 0.022985 0.009182 0.636084 0.000539 0.000426 0.329740 0.000293
0.000363 0.013265 0.024819 0.865843 0.000398 0.004731 0.089838 0.000743
0.005147 0.030896 0.036130 0.024609 0.238854 0.004335 0.014941 0.645087
0.337497 0.163093 0.306232 0.183280 0.000521 0.002799 0.002949 0.003629
0.000594 0.034910 0.012841 0.504408 0.001676 0.001842 0.443626 0.000103
0.000160 0.577429 0.405823 0.012975 0.000658 0.002515 0.000251 0.000189
0.000184 0.062686 0.021301 0.855190 0.000969 0.005391 0.054232 0.000047
0.003457 0.026698 0.011472 0.001948 0.000926 0.947880 0.003198 0.004422
0.000994 0.024704 0.021031 0.824315 0.000513 0.002746 0.123364 0.002333
0.103361 0.591270 0.079945 0.204362 0.010408 0.002435 0.000000 0.008221
0.000483 0.805282 0.163198 0.023860 0.002429 0.003304 0.000322 0.001122
0.000302 0.033522 0.025122 0.912332 0.001034 0.000000 0.027017 0.000672
0.000792 0.005438 0.003298 0.001517 0.005849 0.000075 0.000000 0.983032
0.000163 0.769384 0.184497 0.015153 0.018190 0.007288 0.003283 0.002041
0.000492 0.573463 0.409113 0.012768 0.000839 0.002832 0.000253 0.000240
0.000612 0.009454 0.004733 0.554086 0.000211 0.000014 0.430889 0.000001
0.012284 0.480259 0.303762 0.165640 0.019494 0.001912 0.013056 0.003592
0.852038 0.023848 0.045318 0.007836 0.000667 0.036728 0.025283 0.008281
0.000641 0.123826 0.016786 0.075400 0.002953 0.777162 0.002227 0.001005
0.563646 0.172810 0.041100 0.034517 0.146981 0.039964 0.000000 0.000982
0.000302 0.629913 0.324750 0.012846 0.000176 0.000021 0.031875 0.000117
0.045186 0.023690 0.017954 0.293310 0.008717 0.003712 0.602695 0.004738
0.003040 0.044023 0.027944 0.838952 0.001613 0.005133 0.078491 0.000805
0.000823 0.054291 0.082144 0.338466 0.003250 0.427422 0.092400 0.001204
0.018885 0.016573 0.023447 0.032427 0.319598 0.004577 0.000078 0.584415
0.830570 0.038882 0.016198 0.005691 0.011252 0.029591 0.053578 0.014238
0.002306 0.005187 0.016471 0.934409 0.000613 0.000156 0.040104 0.000755
0.000532 0.009455 0.004728 0.554575 0.000206 0.000014 0.430488 0.000001
0.002060 0.652038 0.312308 0.009508 0.001447 0.000000 0.020811 0.001827
0.003159 0.228869 0.276887 0.195451 0.005669 0.000026 0.269216 0.020723
0.122688 0.515084 0.067866 0.222734 0.051239 0.020048 0.000000 0.000342
0.168964 0.137743 0.443524 0.141185 0.000477 0.000000 0.105204 0.002904
0.370075 0.245409 0.057750 0.073360 0.008301 0.031875 0.202730 0.010501
0.820986 0.019524 0.117909 0.009026 0.000899 0.000000 0.026184 0.005473
0.000451 0.024615 0.020684 0.827939 0.000415 0.002459 0.121548 0.001888
0.425773 0.091180 0.315275 0.089132 0.000643 0.000000 0.074080 0.003916
0.010940 0.016759 0.004336 0.004570 0.007245 0.953146 0.000537 0.002466
0.015990 0.097786 0.817340 0.002605 0.011550 0.003749 0.043185 0.007793
0.002480 0.024949 0.021980 0.814392 0.000781 0.003532 0.128336 0.003551
0.000344 0.022978 0.009101 0.639230 0.000464 0.000395 0.327235 0.000252
0.024384 0.023360 0.013847 0.453777 0.004888 0.002174 0.474913 0.002657
0.000603 0.007449 0.011457 0.562685 0.001261 0.000581 0.415730 0.000233
0.821092 0.019504 0.117856 0.009005 0.000899 0.000000 0.026171 0.005473
0.000301 0.024590 0.020589 0.828939 0.000388 0.002380 0.121047 0.001765
0.003038 0.005008 0.004342 0.006348 0.931399 0.000319 0.000405 0.049140
0.027286 0.219365 0.316765 0.105868 0.019711 0.209711 0.017932 0.083363
0.000206 0.767794 0.184753 0.015089 0.019226 0.007487 0.003286 0.002158
0.000251 0.863627 0.095948 0.015347 0.000490 0.000037 0.024016 0.000284
0.003038 0.005008 0.004342 0.006348 0.931399 0.000319 0.000405 0.049140
0.123414 0.289670 0.436319 0.006048 0.000000 0.010196 0.119788 0.014565
0.000792 0.005438 0.003298 0.001517 0.005849 0.000075 0.000000 0.983032
0.010934 0.016820 0.004343 0.004611 0.007243 0.953046 0.000538 0.002465
0.005100 0.518306 0.454870 0.009886 0.003361 0.007240 0.000274 0.000963
0.000000 0.051862 0.041093 0.010616 0.005013 0.817326 0.064864 0.009226
0.035159 0.428877 0.394988 0.018042 0.000000 0.004158 0.113802 0.004974
0.865581 0.054221 0.001989 0.026207 0.034295 0.000426 0.001006 0.016275
0.018066 0.019187 0.024277 0.026034 0.908915 0.000004 0.003387 0.000129
0.000614 0.164992 0.037870 0.026534 0.000429 0.756238 0.011274 0.002050
0.000200 0.135153 0.098296 0.330639 0.020399 0.008950 0.012388 0.393974
0.000763 0.005131 0.015911 0.938244 0.000428 0.000128 0.038868 0.000527
0.018885 0.016573 0.023447 0.032427 0.319598 0.004577 0.000078 0.584415
0.014567 0.767922 0.162113 0.006100 0.007022 0.000285 0.037922 0.004068
0.000792 0.005438 0.003298 0.001517 0.005849 0.000075 0.000000 0.983032
0.830665 0.038840 0.016189 0.005677 0.011253 0.029590 0.053548 0.014238
0.001966 0.799683 0.165702 0.023371 0.003433 0.003934 0.000326 0.001585
0.571651 0.159286 0.082601 0.015996 0.007937 0.091364 0.038332 0.032833
0.000606 0.007449 0.011458 0.562672 0.001262 0.000581 0.415739 0.000233
0.000353 0.013264 0.024812 0.865896 0.000396 0.004722 0.089816 0.000740
0.000456 0.183454 0.112855 0.326988 0.087385 0.002990 0.049940 0.235932
0.000752 0.033727 0.025622 0.910251 0.001300 0.000000 0.027503 0.000845
0.000355 0.862930 0.096430 0.015280 0.000537 0.000039 0.024118 0.000311
0.000449 0.492486 0.351042 0.122672 0.001703 0.002393 0.025791 0.003463
0.563644 0.172812 0.041100 0.034518 0.146981 0.039964 0.000000 0.000982
0.001190 0.005147 0.016066 0.937184 0.000479 0.000136 0.039209 0.000590
0.000331 0.863092 0.096318 0.015295 0.000526 0.000039 0.024094 0.000305
0.572207 0.158869 0.082528 0.015882 0.007943 0.091419 0.038293 0.032859
0.853869 0.028329 0.091255 0.016894 0.000762 0.002754 0.000830 0.005308
0.000458 0.005120 0.015800 0.939005 0.000391 0.000123 0.038623 0.000481
0.001983 0.435034 0.157011 0.320507 0.021213 0.009075 0.048760 0.006416
0.010946 0.016699 0.004329 0.004531 0.007248 0.953244 0.000536 0.002467
0.067396 0.042390 0.051995 0.503603 0.051602 0.125523 0.131213 0.026277
0.067013 0.006588 0.019384 0.221609 0.020279 0.004673 0.656701 0.003754
0.000889 0.112040 0.068651 0.330569 0.065453 0.002601 0.395946 0.023852
0.000091 0.772049 0.184067 0.015259 0.016454 0.006955 0.003278 0.001846
0.854981 0.022942 0.044481 0.007167 0.000668 0.036693 0.024777 0.008292
0.000646 0.123772 0.016780 0.075364 0.002956 0.777251 0.002226 0.001005
0.001228 0.200029 0.142333 0.183437 0.001332 0.038659 0.431996 0.000986
0.854763 0.023009 0.044543 0.007216 0.000668 0.036695 0.024814 0.008291
0.001589 0.037582 0.017999 0.103326 0.795366 0.000396 0.001786 0.041956
0.198818 0.237429 0.441012 0.103711 0.011820 0.001036 0.002591 0.003583
0.866110 0.025134 0.086159 0.012949 0.000768 0.002753 0.000780 0.005347
0.821092 0.019504 0.117856 0.009005 0.000899 0.000000 0.026171 0.005473
0.000745 0.349223 0.326470 0.191637 0.011540 0.021653 0.098727 0.000004
0.014403 0.406949 0.547248 0.004070 0.008452 0.016140 0.000316 0.002422
0.000469 0.009456 0.004724 0.554962 0.000202 0.000014 0.430172 0.000001
0.000830 0.348732 0.326670 0.191128 0.011894 0.021981 0.098760 0.000004
0.000755 0.033042 0.021371 0.872030 0.002468 0.011374 0.057704 0.001256
0.001661 0.064017 0.023010 0.842684 0.002066 0.008325 0.058138 0.000100
0.000101 0.083254 0.026403 0.052170 0.004958 0.000126 0.000000 0.832988
0.000467 0.013274 0.024888 0.865302 0.000414 0.004823 0.090060 0.000773
0.001607 0.113785 0.015618 0.068757 0.003356 0.793666 0.002069 0.001142
0.907517 0.029969 0.001422 0.009135 0.034482 0.000408 0.000703 0.016364
0.000070 0.729385 0.245767 0.005161 0.000115 0.002930 0.016270 0.000303
0.000792 0.005438 0.003298 0.001517 0.005849 0.000075 0.000000 0.983032
0.001328 0.025438 0.012324 0.923041 0.002482 0.003398 0.031627 0.000361
0.821092 0.019504 0.117856 0.009005 0.000899 0.000000 0.026171 0.005473
0.842148 0.028108 0.098082 0.005527 0.018905 0.000959 0.000539 0.005732
0.039936 0.016608 0.051130 0.658792 0.006539 0.039798 0.174988 0.012210
0.004416 0.006793 0.019644 0.015152 0.850535 0.006018 0.001050 0.096393
0.000738 0.011553 0.005114 0.005497 0.005779 0.000079 0.000000 0.971241
0.000792 0.005461 0.003305 0.001532 0.005848 0.000075 -0.000000 0.982986
0.866110 0.025134 0.086159 0.012949 0.000768 0.002753 0.000780 0.005347
0.007045 0.515332 0.225419 0.005020 0.183769 0.039024 0.003761 0.020630
0.124851 0.347072 0.279429 0.220236 0.002115 0.005624 0.005630 0.015042
0.002174 0.033241 0.022023 0.864183 0.003515 0.013805 0.059269 0.001789
0.866110 0.025134 0.086159 0.012949 0.000768 0.002753 0.000780 0.005347
0.025147 0.244711 0.463667 0.005660 0.078500 0.152790 0.010317 0.019208
0.004205 0.791226 0.169483 0.022633 0.004949 0.004886 0.000332 0.002286
0.003034 0.543027 0.434362 0.011178 0.002231 0.005265 0.000264 0.000639
0.003902 0.009403 0.004948 0.533966 0.000403 0.000020 0.447356 0.000003
0.000414 0.032994 0.021215 0.873914 0.002217 0.010790 0.057328 0.001128
0.045181 0.023690 0.017953 0.293346 0.008716 0.003712 0.602666 0.004738
0.854981 0.022942 0.044481 0.007167 0.000668 0.036693 0.024777 0.008292
0.000638 0.123858 0.016790 0.075421 0.002952 0.777109 0.002228 0.001004
0.000634 0.173672 0.768779 0.010313 0.001408 0.000818 0.043426 0.000950
0.017096 0.025813 0.029161 0.077091 0.299193 0.004450 0.000099 0.547096
0.000000 0.044342 0.038492 0.007397 0.005182 0.834738 0.060310 0.009537
0.000429 0.099783 0.028599 0.788385 0.003639 0.015685 0.061944 0.001537
0.000280 0.062773 0.021413 0.854373 0.001041 0.005583 0.054487 0.000050
0.005424 0.004499 0.016808 0.898855 0.004117 0.001805 0.066313 0.002179
0.002348 0.121939 0.081917 0.205062 0.148461 0.003533 0.035827 0.400914
0.001839 0.050095 0.048483 0.847057 0.001834 0.002525 0.046590 0.001576
0.000297 0.024589 0.020586 0.828970 0.000387 0.002377 0.121032 0.001761
0.000792 0.005438 0.003298 0.001517 0.005849 0.000075 0.000000 0.983031
0.003084 0.050304 0.049400 0.842829 0.002245 0.002831 0.047377 0.001930
0.028376 0.463847 0.457560 0.004210 0.002357 0.000142 0.041931 0.001577
0.000659 0.123639 0.016764 0.075276 0.002961 0.777470 0.002224 0.001007
0.001085 0.007443 0.011515 0.560209 0.001399 0.000611 0.417479 0.000259
0.032021 0.026623 0.013206 0.046587 0.583993 0.000000 0.210209 0.087361
0.000875 0.091044 0.023771 0.351451 0.111180 0.000000 0.405053 0.016626
0.136058 0.215666 0.390095 0.248188 0.000427 0.002816 0.003776 0.002974
0.001068 0.004388 0.015381 0.913840 0.001948 0.001141 0.061204 0.001030
0.007469 0.499686 0.227940 0.004396 0.193967 0.040979 0.003791 0.021775
0.003038 0.005008 0.004342 0.006348 0.931399 0.000319 0.000405 0.049140
0.001812 0.009435 0.004812 0.546745 0.000281 0.000016 0.436897 0.000002
0.000354 0.013264 0.024813 0.865893 0.000396 0.004723 0.089817 0.000740
0.000429 0.099783 0.028599 0.788380 0.003640 0.015686 0.061945 0.001537
0.000431 0.398786 0.282151 0.286136 0.020244 0.000000 0.012253 0.000000
0.002358 0.446398 0.469438 0.053470 0.000274 0.000130 0.027425 0.000506
0.000792 0.005438 0.003298 0.001517 0.005849 0.000075 -0.000000 0.983032
0.463263 0.162324 0.196246 0.024933 0.117809 0.005833 0.007876 0.021717
0.001094 0.108441 0.080255 0.476471 0.116739 0.003316 0.000287 0.213396
0.293266 0.195873 0.204381 0.134993 0.000488 0.043491 0.121445 0.006063
0.000097 0.771824 0.184104 0.015250 0.016600 0.006984 0.003279 0.001863
0.001160 0.025415 0.012284 0.923539 0.002389 0.003330 0.031534 0.000348
0.000677 0.034902 0.012852 0.503958 0.001709 0.001859 0.443937 0.000105
0.842148 0.028108 0.098081 0.005527 0.018905 0.000959 0.000539 0.005732
0.000208 0.134771 0.098054 0.329629 0.020481 0.008954 0.012357 0.395547
0.000091 0.772064 0.184065 0.015260 0.016444 0.006954 0.003278 0.001845
0.010945 0.016712 0.004331 0.004539 0.007247 0.953223 0.000537 0.002466
0.028085 0.417297 0.477574 0.047302 0.000681 0.000217 0.027586 0.001257
0.854981 0.022942 0.044481 0.007167 0.000668 0.036693 0.024777 0.008292
0.000686 0.123358 0.016731 0.075090 0.002972 0.777931 0.002220 0.001011
0.002698 0.043971 0.027797 0.840146 0.001529 0.004975 0.078120 0.000763
0.003038 0.005010 0.004343 0.006352 0.931394 0.000319 0.000405 0.049140
0.000106 0.110002 0.041211 0.104421 0.000835 0.708325 0.019784 0.015316
0.001125 0.033094 0.021541 0.869983 0.002741 0.012008 0.058112 0.001395
0.000338 0.024596 0.020612 0.828695 0.000395 0.002399 0.121170 0.001795
0.098926 0.038882 0.035605 0.633466 0.056616 0.042812 0.085450 0.008243
0.000182 0.153021 0.787752 0.004060 0.000088 0.000717 0.053488 0.000693
0.011490 0.449334 0.358778 0.005272 0.013703 0.060225 0.015771 0.085427
0.000792 0.005438 0.003298 0.001517 0.005849 0.000075 0.000000 0.983032
0.678214 0.044445 0.120935 0.016803 0.064720 0.050261 0.004231 0.020391
0.021977 0.394444 0.304990 0.256733 0.001355 0.004682 0.006179 0.009640
