0.000822 0.005638 0.003745 0.001704 0.006251 0.000075 -0.000000 0.981765
0.032444 0.362904 0.247581 0.195869 0.027095 0.026751 0.106225 0.001131
0.000975 0.007492 0.011595 0.560077 0.001375 0.000590 0.417655 0.000241
0.003469 0.040360 0.022484 0.774857 0.008669 0.000171 0.140280 0.009708
0.544167 0.069824 0.249559 0.067184 0.000657 0.000000 0.063188 0.005420
0.024291 0.012636 0.040950 0.036485 0.014435 0.829572 0.036933 0.004697
0.000151 0.086240 0.027522 0.053559 0.005505 0.000129 0.000000 0.826894
0.202212 0.432632 0.130896 0.091357 0.003595 0.057540 0.065208 0.016559
0.000357 0.182288 0.041378 0.029381 0.000390 0.732065 0.012323 0.001818
0.002531 0.670415 0.291161 0.004069 0.000643 0.010044 0.019233 0.001904
0.002716 0.004628 0.004937 0.005015 0.952200 0.000203 0.000301 0.030001
0.006224 0.599092 0.167952 0.181786 0.000402 0.001601 0.042863 0.000079
0.012122 0.018570 0.005445 0.005152 0.008502 0.947187 0.000565 0.002457
0.827849 0.036125 0.015894 0.005928 0.010909 0.032100 0.055504 0.015691
0.000849 0.013375 0.025222 0.862439 0.000463 0.005204 0.091546 0.000902
0.046311 0.029545 0.049182 0.516665 0.008475 0.028475 0.278631 0.042716
0.001428 0.802017 0.164406 0.023552 0.002949 0.003813 0.000328 0.001507
0.005287 0.599780 0.168106 0.182039 0.000395 0.001555 0.042763 0.000074
0.008292 0.007163 0.011811 0.517347 0.003107 0.001207 0.450286 0.000786
0.005814 0.092684 0.830707 0.002149 0.031499 0.001431 0.035716 0.000000
0.000574 0.033318 0.021565 0.872732 0.002393 0.010608 0.057727 0.001084
0.055656 0.008833 0.009450 0.239369 0.003608 0.000109 0.682953 0.000022
0.001398 0.009431 0.004746 0.547100 0.000242 0.000016 0.437063 0.000002
0.001210 0.054984 0.083719 0.339407 0.003538 0.422529 0.093423 0.001190
0.828263 0.019502 0.093299 0.014438 0.000727 0.000000 0.035343 0.008427
0.000112 0.727976 0.247120 0.005115 0.000125 0.002947 0.016296 0.000309
0.047764 0.053351 0.083666 0.690780 0.029844 0.000000 0.076300 0.018296
0.003976 0.229780 0.588607 0.153024 0.000000 0.005033 0.017644 0.001936
0.000574 0.023132 0.009224 0.636597 0.000510 0.000402 0.329298 0.000262
0.279305 0.118239 0.383558 0.120036 0.000503 0.000000 0.094360 0.004000
0.040643 0.021099 0.016121 0.320102 0.007528 0.003731 0.585945 0.004830
0.001041 0.382220 0.070126 0.108731 0.037475 0.397685 0.000000 0.002722
0.000180 0.768883 0.184815 0.015087 0.018347 0.007317 0.003296 0.002073
0.000095 0.728095 0.247200 0.005117 0.000123 0.002850 0.016235 0.000287
0.011692 0.033453 0.025045 0.807225 0.009609 0.034690 0.071793 0.006492
0.000766 0.095647 0.119134 0.288515 0.108968 0.015414 0.237091 0.134464
0.000485 0.628390 0.326179 0.012720 0.000191 0.000021 0.031894 0.000120
0.001441 0.117369 0.028493 0.018265 0.000542 0.822407 0.008565 0.002918
0.010570 0.013710 0.023527 0.038004 0.513691 0.013815 0.025969 0.360715
0.007082 0.564128 0.371136 0.002176 0.001606 0.023749 0.025141 0.004982
0.002817 0.020640 0.008336 0.002016 0.000674 0.957853 0.003035 0.004629
0.001997 0.350231 0.064676 0.099235 0.040777 0.439543 0.000000 0.003541
0.002896 0.021360 0.008817 0.002033 0.000706 0.956515 0.003061 0.004611
0.020039 0.017768 0.028887 0.034459 0.364121 0.004225 0.000077 0.530424
0.002963 0.004875 0.004666 0.006597 0.934498 0.000297 0.000388 0.045715
0.002090 0.071710 0.018987 0.010591 0.000605 0.886350 0.005950 0.003717
0.832298 0.018483 0.093496 0.012930 0.000747 0.000000 0.033865 0.008182
0.003098 0.022794 0.009446 0.614665 0.000900 0.000653 0.347835 0.000609
0.002440 0.480350 0.380423 0.022358 0.000000 0.001847 0.111263 0.001319
0.000208 0.863596 0.096159 0.015308 0.000473 0.000036 0.023964 0.000256
0.001041 0.025563 0.012321 0.923452 0.002289 0.003285 0.031710 0.000340
0.024055 0.412267 0.531711 0.002739 0.002451 0.000067 0.026029 0.000681
0.041377 0.006375 0.004967 0.258917 0.002072 0.000125 0.686143 0.000026
0.009076 0.024319 0.033920 0.017888 0.724878 0.000000 0.006780 0.183139
0.002310 0.016184 0.005300 0.001930 0.000468 0.966188 0.002874 0.004745
0.000521 0.003926 0.001799 0.001845 0.003059 0.000073 0.000000 0.988776
0.001340 0.419527 0.174470 0.115346 0.001071 0.034434 0.251259 0.002553
0.907736 0.031508 0.001943 0.007114 0.042100 0.000238 0.000527 0.008835
0.001273 0.025569 0.012347 0.922755 0.002390 0.003423 0.031875 0.000368
0.029924 0.006624 0.014093 0.404023 0.009065 0.002678 0.531525 0.002068
0.039306 0.005610 0.003802 0.252384 0.001745 0.000134 0.696990 0.000028
0.029147 0.463237 0.449677 0.005392 0.002267 0.000171 0.048187 0.001923
0.000134 0.770028 0.185061 0.015116 0.017694 0.006875 0.003276 0.001816
0.001114 0.568584 0.365132 0.024732 0.024147 0.008330 0.005515 0.002446
0.852034 0.022864 0.048640 0.007705 0.000688 0.035504 0.024536 0.008028
0.855922 0.040455 0.022718 0.003975 0.014350 0.016433 0.038911 0.007237
0.002827 0.097499 0.072643 0.423765 0.125852 0.003571 0.000265 0.273579
0.074702 0.097595 0.126561 0.053076 0.010821 0.201103 0.425666 0.010475
0.017472 0.028727 0.030167 0.060827 0.858031 0.000005 0.004624 0.000146
0.000189 0.669920 0.281597 0.017533 0.001204 0.009666 0.013164 0.006727
0.853294 0.023061 0.050170 0.007471 0.000704 0.033840 0.023851 0.007609
0.087497 0.152788 0.484752 0.157000 0.000425 0.000000 0.115064 0.002475
0.051725 0.038276 0.037574 0.439962 0.077246 0.001135 0.264047 0.090035
0.000064 0.462193 0.341228 0.117569 0.000000 0.001387 0.076019 0.001540
0.089898 0.420227 0.162786 0.159886 0.031487 0.000441 0.113283 0.021992
0.016608 0.098278 0.806697 0.003300 0.011256 0.004517 0.049781 0.009563
0.000521 0.462512 0.460569 0.023847 0.008726 0.031008 0.010908 0.001910
0.000686 0.804075 0.164316 0.023665 0.002607 0.003243 0.000322 0.001085
0.000847 0.005174 0.016082 0.937638 0.000439 0.000128 0.039172 0.000521
0.000217 0.726410 0.247776 0.005089 0.000142 0.003402 0.016553 0.000411
0.000576 0.861545 0.096974 0.015176 0.000603 0.000045 0.024671 0.000409
0.871082 0.064565 0.019019 0.009989 0.020262 0.002036 0.000000 0.013048
0.398510 0.180583 0.148122 0.087568 0.064117 0.049324 0.067873 0.003904
0.000935 0.007498 0.011609 0.560423 0.001374 0.000583 0.417344 0.000235
0.024473 0.570950 0.156185 0.127253 0.001694 0.035877 0.077123 0.006445
0.000734 0.803967 0.164289 0.023660 0.002625 0.003286 0.000322 0.001116
0.000508 0.063041 0.028759 0.177796 0.691346 0.000448 0.002863 0.035239
0.064627 0.010596 0.012524 0.232655 0.004623 0.000095 0.674862 0.000018
0.017095 0.006932 0.012700 0.470838 0.005512 0.001814 0.483794 0.001315
0.000757 0.033285 0.021553 0.871501 0.002474 0.011181 0.058033 0.001215
0.000657 0.004347 0.002560 0.001566 0.004474 0.000074 0.000000 0.986323
0.090260 0.272780 0.499820 0.119463 0.010800 0.001003 0.002928 0.002946
0.000844 0.390322 0.071615 0.111063 0.037230 0.386423 0.000000 0.002504
0.000724 0.009521 0.004787 0.552883 0.000220 0.000014 0.431849 0.000001
0.905009 0.028073 0.001179 0.012237 0.029342 0.000550 0.000861 0.022749
0.001399 0.132851 0.089826 0.385460 0.377122 0.000003 0.013291 0.000048
0.002534 0.004447 0.005138 0.003850 0.965243 0.000133 0.000236 0.018419
0.000189 0.669933 0.281606 0.017534 0.001203 0.009658 0.013163 0.006715
0.000128 0.770168 0.185111 0.015119 0.017617 0.006808 0.003273 0.001777
0.004907 0.025884 0.013104 0.911974 0.004280 0.005110 0.034029 0.000712
0.008816 0.342518 0.467444 0.006528 0.138249 0.022562 0.004914 0.008969
0.000000 0.216793 0.099130 0.080329 0.001493 0.435000 0.164796 0.002458
0.000695 0.007799 0.003885 0.003522 0.005122 0.000076 -0.000000 0.978900
0.003100 0.005478 0.004681 0.008909 0.921448 0.000358 0.000463 0.055563
0.070555 0.155783 0.494136 0.160124 0.000422 0.000000 0.116692 0.002287
0.003301 0.479216 0.379971 0.022287 0.000000 0.001956 0.111780 0.001489
0.007055 0.009727 0.001828 0.004498 0.003410 0.970355 0.000478 0.002649
0.014683 0.760212 0.164597 0.007435 0.006848 0.000317 0.041331 0.004576
0.000418 0.152377 0.787621 0.004003 0.000102 0.000779 0.053868 0.000832
0.000997 0.005169 0.016040 0.937234 0.000444 0.000135 0.039402 0.000580
0.065612 0.006397 0.020338 0.237064 0.020158 0.004570 0.642176 0.003685
0.852209 0.027230 0.086636 0.007449 0.016824 0.001259 0.000655 0.007737
0.001381 0.013346 0.025219 0.859090 0.000515 0.006039 0.093223 0.001187
0.000792 0.025579 0.012331 0.924211 0.002215 0.003087 0.031488 0.000298
0.042772 0.008138 0.007306 0.292470 0.002604 0.000099 0.646589 0.000020
0.021303 0.019190 0.032747 0.033614 0.405916 0.003920 0.000076 0.483235
0.000725 0.803988 0.164294 0.023661 0.002622 0.003278 0.000322 0.001110
0.029923 0.006294 0.012810 0.394438 0.008400 0.002961 0.542843 0.002331
0.000929 0.007497 0.011606 0.560433 0.001371 0.000583 0.417345 0.000235
0.000871 0.035116 0.012995 0.502317 0.001808 0.001843 0.444946 0.000103
0.000207 0.863612 0.096139 0.015309 0.000472 0.000036 0.023968 0.000257
0.002915 0.004832 0.004719 0.006309 0.937844 0.000279 0.000372 0.042728
0.001447 0.009447 0.004770 0.547193 0.000249 0.000016 0.436875 0.000002
0.053051 0.563417 0.169531 0.164509 0.000916 0.003167 0.045159 0.000249
0.000816 0.005582 0.003696 0.001695 0.006181 0.000075 0.000000 0.981955
0.013084 0.082974 0.856274 0.001832 0.011036 0.002082 0.028594 0.004124
0.000000 0.044100 0.041433 0.008121 0.005291 0.830393 0.061059 0.009603
0.047196 0.008236 0.007869 0.270934 0.002914 0.000105 0.662724 0.000021
0.000669 0.804113 0.164329 0.023666 0.002601 0.003227 0.000322 0.001073
0.004188 0.006531 0.021916 0.014163 0.871150 0.004840 0.000912 0.076300
0.000100 0.728065 0.247176 0.005116 0.000123 0.002875 0.016251 0.000293
0.191625 0.227142 0.232652 0.157568 0.000444 0.045258 0.139461 0.005850
0.000426 0.033827 0.025479 0.911154 0.001111 0.000000 0.027309 0.000694
0.837313 0.037564 0.018176 0.005271 0.012059 0.026838 0.049926 0.012852
0.905090 0.028444 0.001244 0.011880 0.030383 0.000525 0.000835 0.021601
0.013864 0.006351 0.011456 0.033047 0.005163 0.892473 0.032307 0.005338
0.000176 0.863729 0.096163 0.015313 0.000465 0.000034 0.023880 0.000239
0.017774 0.790654 0.090911 0.013060 0.005113 0.000654 0.072017 0.009817
0.000414 0.024821 0.020917 0.827603 0.000418 0.002340 0.121790 0.001696
0.064182 0.032277 0.026728 0.195538 0.030272 0.012384 0.637270 0.001351
0.013839 0.050055 0.042687 0.126893 0.760121 0.000004 0.006283 0.000118
0.001775 0.004406 0.015439 0.910571 0.002121 0.001346 0.062936 0.001405
0.000412 0.024821 0.020918 0.827619 0.000418 0.002338 0.121780 0.001693
0.000717 0.025583 0.012333 0.924438 0.002192 0.003029 0.031423 0.000286
0.052606 0.004784 0.011453 0.248983 0.012684 0.005346 0.659690 0.004455
0.821240 0.028281 0.119319 0.004944 0.020977 0.000705 0.000452 0.004084
0.856932 0.023605 0.054513 0.006789 0.000750 0.029103 0.021894 0.006415
0.000676 0.009528 0.004792 0.553324 0.000219 0.000014 0.431447 0.000001
0.002503 0.004416 0.005172 0.003650 0.967481 0.000121 0.000225 0.016432
0.000538 0.003855 0.001855 0.001733 0.003230 0.000073 0.000000 0.988716
0.000268 0.191333 0.043399 0.030859 0.000392 0.719250 0.012837 0.001663
0.000099 0.728068 0.247176 0.005116 0.000123 0.002874 0.016250 0.000293
0.001039 0.053628 0.024652 0.150576 0.721716 0.000474 0.002504 0.045412
0.000311 0.175309 0.768062 0.010403 0.001216 0.000720 0.043248 0.000732
0.001940 0.451980 0.450976 0.023231 0.011078 0.045572 0.011278 0.003946
0.001411 0.370005 0.068057 0.105096 0.038798 0.413600 0.000000 0.003033
0.000819 0.007508 0.011623 0.561232 0.001355 0.000569 0.416670 0.000223
0.000722 0.004849 0.003024 0.001617 0.005173 0.000074 0.000000 0.984540
0.000141 0.089829 0.028668 0.055793 0.005667 0.000132 0.000000 0.819771
0.023003 0.001377 0.086354 0.020689 0.170088 0.000000 0.030489 0.667999
0.000824 0.714850 0.254928 0.004888 0.000256 0.005645 0.017694 0.000915
0.007926 0.032362 0.012313 0.454012 0.003647 0.004371 0.484951 0.000417
0.061546 0.348423 0.238245 0.187725 0.028967 0.029788 0.103837 0.001469
0.004166 0.032501 0.016410 0.002248 0.001223 0.935656 0.003468 0.004328
0.034681 0.043533 0.048009 0.078847 0.373882 0.008132 0.264512 0.148403
0.000836 0.007506 0.011621 0.561111 0.001358 0.000571 0.416773 0.000225
0.000821 0.007508 0.011623 0.561224 0.001356 0.000569 0.416677 0.000223
0.840007 0.038334 0.057912 0.008984 0.006492 0.022609 0.005535 0.020126
0.009437 0.021511 0.029933 0.015566 0.701488 0.000000 0.007036 0.215028
0.086549 0.049908 0.057823 0.542898 0.020356 0.050556 0.178864 0.013046
0.001215 0.034969 0.012950 0.499884 0.001890 0.001974 0.446999 0.000119
0.061450 0.040932 0.033974 0.623149 0.011724 0.048438 0.167650 0.012683
0.004377 0.078776 0.078554 0.013475 0.024061 0.778420 0.017338 0.004999
0.906607 0.030109 0.001627 0.009249 0.036808 0.000367 0.000665 0.014568
0.000850 0.023072 0.009223 0.633981 0.000546 0.000435 0.331586 0.000307
0.000319 0.014857 0.113691 0.292546 0.238311 0.023237 0.274723 0.042316
0.006265 0.546198 0.305028 0.011922 0.007149 0.045131 0.016119 0.062186
0.000485 0.023163 0.009235 0.637542 0.000501 0.000390 0.328441 0.000244
0.046253 0.029497 0.049039 0.516814 0.008455 0.028503 0.278674 0.042766
0.000244 0.139181 0.101718 0.337562 0.021897 0.008942 0.012727 0.377730
0.014841 0.013053 0.014072 0.042340 0.195148 0.005439 0.000085 0.715023
0.000181 0.863713 0.096158 0.015313 0.000466 0.000035 0.023894 0.000242
0.010379 0.434145 0.479811 0.003095 0.016113 0.021617 0.009032 0.025808
0.663020 0.169067 0.004475 0.110214 0.028554 0.000632 0.002602 0.021436
0.000296 0.202121 0.117906 0.152377 0.001791 0.385640 0.138553 0.001315
0.205847 0.426219 0.126790 0.090692 0.003434 0.062532 0.065869 0.018616
0.000863 0.007504 0.011617 0.560914 0.001362 0.000575 0.416938 0.000228
0.000367 0.763162 0.184827 0.014909 0.021775 0.008718 0.003349 0.002892
0.851146 0.022732 0.047582 0.007871 0.000677 0.036660 0.025013 0.008320
0.007552 0.491097 0.232261 0.005172 0.190621 0.045002 0.004080 0.024216
0.000252 0.063273 0.021643 0.853840 0.001044 0.005303 0.054599 0.000045
0.145172 0.346277 0.078001 0.106008 0.006722 0.033038 0.276000 0.008782
0.000671 0.008634 0.004053 0.004127 0.004939 0.000077 0.000000 0.977498
0.000988 0.006902 0.004920 0.001826 0.008025 0.000076 0.000000 0.977262
0.000550 0.013389 0.025207 0.864296 0.000433 0.004751 0.090627 0.000748
0.000474 0.023167 0.009237 0.637663 0.000500 0.000388 0.328329 0.000241
0.001042 0.007487 0.011590 0.559632 0.001388 0.000597 0.418017 0.000248
0.000726 0.024754 0.020859 0.824910 0.000449 0.002660 0.123427 0.002216
0.089404 0.373049 0.083871 0.114372 0.006658 0.031804 0.293357 0.007485
0.000725 0.100519 0.029009 0.785596 0.004010 0.016007 0.062528 0.001605
0.001243 0.033843 0.025618 0.907993 0.001419 0.000000 0.028614 0.001270
0.000470 0.002896 0.001220 0.001419 0.002457 0.000073 0.000000 0.991466
0.000965 0.173612 0.767062 0.010250 0.001531 0.000945 0.044390 0.001245
0.813733 0.033994 0.012510 0.006905 0.009207 0.039931 0.063802 0.019917
0.005054 0.064133 0.024435 0.812532 0.003886 0.018989 0.070671 0.000301
0.002659 0.004571 0.004999 0.004652 0.956268 0.000181 0.000281 0.026389
0.040333 0.024651 0.034559 0.531654 0.006364 0.031335 0.283134 0.047971
0.000593 0.100631 0.029039 0.786630 0.003923 0.015403 0.062307 0.001475
0.869932 0.067677 0.022888 0.007503 0.023300 0.001257 0.000000 0.007443
0.001763 0.014102 0.010377 0.007140 0.001933 0.919043 0.004964 0.040679
0.000500 0.628314 0.326231 0.012717 0.000192 0.000021 0.031904 0.000121
0.828985 0.036292 0.016164 0.005849 0.011046 0.031474 0.054837 0.015354
0.805817 0.019501 0.137128 0.008685 0.000967 0.000000 0.023454 0.004449
0.003056 0.007208 0.005352 0.014108 0.912248 0.000374 0.000545 0.057109
0.001318 0.022998 0.009253 0.629814 0.000616 0.000483 0.335143 0.000374
0.000879 0.627463 0.326143 0.012685 0.000210 0.000025 0.032436 0.000160
0.824676 0.018772 0.106098 0.011698 0.000810 0.000000 0.030845 0.007100
0.014655 0.478585 0.304377 0.163832 0.020386 0.001841 0.012984 0.003340
0.003227 0.024371 0.010825 0.002105 0.000842 0.950924 0.003173 0.004534
0.565329 0.154304 0.083974 0.018001 0.007753 0.096006 0.039754 0.034879
0.072985 0.155358 0.492755 0.159687 0.000422 0.000000 0.116475 0.002318
0.007852 0.050674 0.081254 0.024952 0.468798 0.002765 0.014740 0.348965
0.000835 0.859887 0.097892 0.015056 0.000707 0.000051 0.025069 0.000501
0.000485 0.004111 0.001694 0.002101 0.002703 0.000074 0.000000 0.988833
0.673109 0.043089 0.117809 0.020099 0.061293 0.056633 0.004609 0.023359
0.000657 0.155836 0.035609 0.025014 0.000399 0.769399 0.010813 0.002272
0.285667 0.372468 0.271712 0.032042 0.005032 0.003641 0.029130 0.000308
0.492169 0.144252 0.280142 0.061165 0.013444 0.001200 0.001762 0.005867
0.001073 0.004409 0.015389 0.913203 0.001880 0.001169 0.061789 0.001088
0.000330 0.033827 0.025465 0.911526 0.001075 0.000000 0.027152 0.000625
0.000232 0.669123 0.281345 0.017507 0.001233 0.010041 0.013208 0.007312
0.002689 0.480043 0.380234 0.022340 0.000000 0.001882 0.111440 0.001372
0.000197 0.247787 0.257906 0.233752 0.001570 0.000011 0.253633 0.005145
0.014848 0.016224 0.027724 0.014554 0.924680 0.000002 0.001920 0.000048
0.022743 0.208867 0.400307 0.056834 0.106362 0.102229 0.102620 0.000037
0.000315 0.175304 0.768042 0.010403 0.001218 0.000722 0.043260 0.000736
0.000510 0.023153 0.009231 0.637263 0.000503 0.000393 0.328697 0.000249
0.030476 0.081281 0.053434 0.598947 0.022360 0.072783 0.139431 0.001288
0.004858 0.004438 0.016141 0.899555 0.003459 0.001949 0.067124 0.002475
0.008169 0.011972 0.002671 0.004811 0.004545 0.964729 0.000501 0.002602
0.007247 0.038843 0.006445 0.020903 0.004964 0.918481 0.000909 0.002208
0.001352 0.010253 0.006037 0.006685 0.001229 0.927821 0.004579 0.042046
0.846612 0.022070 0.042241 0.008715 0.000621 0.042511 0.027435 0.009794
0.000734 0.004945 0.003112 0.001627 0.005305 0.000075 0.000000 0.984202
0.000370 0.179789 0.040774 0.028987 0.000385 0.735652 0.012183 0.001862
0.001084 0.040657 0.022048 0.791968 0.005620 0.000116 0.133409 0.005099
0.000624 0.005174 0.016070 0.938214 0.000421 0.000121 0.038914 0.000461
0.000815 0.005569 0.003689 0.001690 0.006173 0.000075 0.000000 0.981989
0.001014 0.009486 0.004775 0.550493 0.000231 0.000015 0.433984 0.000002
0.861953 0.024376 0.060600 0.005843 0.000814 0.022495 0.019168 0.004750
0.002814 0.004727 0.004828 0.005649 0.945102 0.000241 0.000336 0.036303
0.010659 0.050614 0.042449 0.206191 0.199152 0.004376 0.000161 0.486397
0.003702 0.006171 0.024878 0.007970 0.930553 0.001854 0.000542 0.024330
0.000345 0.575430 0.407514 0.012821 0.000749 0.002673 0.000253 0.000216
0.000254 0.063272 0.021643 0.853830 0.001045 0.005308 0.054604 0.000045
0.220343 0.311466 0.070789 0.094898 0.007051 0.033537 0.252037 0.009880
0.907044 0.030556 0.001734 0.008505 0.038603 0.000323 0.000618 0.012618
0.000796 0.803808 0.164279 0.023653 0.002652 0.003337 0.000323 0.001154
0.000846 0.050332 0.048308 0.849475 0.001540 0.002192 0.046119 0.001188
0.031792 0.025525 0.012655 0.055116 0.544933 0.000000 0.228694 0.101284
0.000755 0.005105 0.003260 0.001643 0.005527 0.000075 -0.000000 0.983635
0.001452 0.007456 0.011554 0.556866 0.001460 0.000642 0.420283 0.000288
0.000182 0.863710 0.096157 0.015313 0.000466 0.000035 0.023896 0.000242
0.147634 0.344962 0.077669 0.105622 0.006700 0.033214 0.275292 0.008907
0.021478 0.594547 0.074507 0.264709 0.029772 0.014809 0.000000 0.000179
0.002443 0.480346 0.380425 0.022357 0.000000 0.001848 0.111263 0.001319
0.103113 0.255499 0.260455 0.177742 0.000437 0.043820 0.154082 0.004852
0.000000 0.034372 0.027677 0.007816 0.003745 0.858277 0.057954 0.010158
0.041964 0.026070 0.038767 0.528075 0.006961 0.030428 0.281411 0.046324
0.017588 0.015008 0.021386 0.036115 0.282798 0.004821 0.000080 0.622203
0.266120 0.202460 0.206648 0.140514 0.000428 0.048752 0.127799 0.007278
0.012055 0.412869 0.339939 0.014471 0.123164 0.061117 0.010479 0.025907
0.000418 0.722991 0.249591 0.005031 0.000178 0.004210 0.016988 0.000593
0.000624 0.005174 0.016070 0.938214 0.000421 0.000121 0.038914 0.000461
0.000475 0.023167 0.009237 0.637656 0.000500 0.000388 0.328336 0.000242
0.203230 0.438367 0.010999 0.295120 0.031170 0.000690 0.005815 0.014610
0.843250 0.023345 0.043929 0.009500 0.000626 0.041902 0.027835 0.009613
0.006270 0.090070 0.069125 0.111123 0.468606 0.000000 0.017992 0.236814
0.003161 0.009372 0.004852 0.536095 0.000342 0.000020 0.446155 0.000003
0.000710 0.004761 0.002938 0.001612 0.005040 0.000074 -0.000000 0.984865
0.090290 0.009446 0.037027 0.215631 0.034222 0.003159 0.607947 0.002278
0.828058 0.018934 0.098209 0.012968 0.000764 0.000000 0.033214 0.007853
0.000220 0.767642 0.184856 0.015048 0.019096 0.007596 0.003306 0.002236
0.002007 0.632968 0.288345 0.015857 0.002974 0.020352 0.014058 0.023440
0.000266 0.136664 0.099874 0.331435 0.021744 0.008966 0.012528 0.388524
0.001237 0.022973 0.009208 0.630186 0.000594 0.000483 0.334945 0.000374
0.000504 0.023156 0.009233 0.637337 0.000503 0.000392 0.328627 0.000248
0.001137 0.457967 0.456297 0.023584 0.009731 0.037408 0.011072 0.002805
0.001184 0.006029 0.148052 0.303561 0.036986 0.000000 0.116458 0.387730
0.307338 0.366167 0.198886 0.060766 0.004052 0.010083 0.051705 0.001002
0.777965 0.124710 0.020260 0.037972 0.014098 0.003361 0.000000 0.021634
0.000292 0.726305 0.246868 0.005093 0.000149 0.003891 0.016881 0.000521
0.014394 0.015922 0.028074 0.012809 0.927052 0.000001 0.001712 0.000036
0.860110 0.024092 0.058359 0.006191 0.000790 0.024926 0.020171 0.005363
0.003865 0.025687 0.012711 0.915011 0.003580 0.004861 0.033622 0.000664
0.000583 0.573957 0.408262 0.012753 0.000844 0.003064 0.000257 0.000280
0.313683 0.363700 0.181452 0.067293 0.003830 0.011672 0.057198 0.001174
0.002309 0.007415 0.011568 0.551767 0.001656 0.000717 0.424214 0.000354
0.010222 0.015259 0.004091 0.004907 0.006595 0.955865 0.000532 0.002528
0.865742 0.042008 0.025141 0.003289 0.015574 0.010914 0.033074 0.004258
0.000000 0.045207 0.024197 0.014886 0.002316 0.837299 0.066291 0.009805
0.862793 0.024507 0.061624 0.005685 0.000824 0.021385 0.018711 0.004470
0.012337 0.180607 0.466534 0.055456 0.022669 0.000039 0.228263 0.034096
0.000168 0.589170 0.359966 0.026304 0.012877 0.005155 0.005337 0.001023
0.003176 0.099534 0.029409 0.767840 0.006231 0.024584 0.065791 0.003436
0.000554 0.662984 0.304153 0.009906 0.000844 0.000000 0.020470 0.001089
0.000612 0.003997 0.002238 0.001530 0.003988 0.000074 0.000000 0.987561
0.000893 0.007501 0.011611 0.560695 0.001366 0.000579 0.417125 0.000231
0.000713 0.023075 0.009196 0.635039 0.000521 0.000424 0.330741 0.000292
0.000631 0.004417 0.015438 0.914951 0.001774 0.001030 0.060925 0.000834
0.000097 0.728087 0.247189 0.005116 0.000123 0.002859 0.016240 0.000289
0.001014 0.383846 0.070454 0.109179 0.037586 0.395246 0.000000 0.002675
0.000096 0.728091 0.247195 0.005116 0.000123 0.002854 0.016237 0.000288
0.001898 0.015395 0.011813 0.007316 0.002165 0.916089 0.005095 0.040229
0.743638 0.032760 0.153549 0.025836 0.000812 0.000000 0.037503 0.005902
0.070580 0.155779 0.494122 0.160120 0.000422 0.000000 0.116690 0.002288
0.832151 0.036775 0.016928 0.005629 0.011431 0.029712 0.052971 0.014403
0.004033 0.031336 0.015617 0.002225 0.001169 0.937837 0.003425 0.004357
0.000534 0.062578 0.028558 0.176457 0.692861 0.000449 0.002845 0.035718
0.053207 0.025403 0.017583 0.206778 0.021235 0.014735 0.659387 0.001672
0.001680 0.038157 0.018245 0.105042 0.786808 0.000431 0.001844 0.047794
0.220764 0.217667 0.223053 0.150914 0.000442 0.046122 0.134758 0.006279
0.013659 0.780890 0.137615 0.009760 0.005627 0.000366 0.046741 0.005342
0.846969 0.022112 0.042626 0.008648 0.000625 0.042081 0.027253 0.009686
0.008420 0.013595 0.028917 0.820444 0.001512 0.013519 0.109908 0.003685
0.000125 0.770240 0.185135 0.015120 0.017577 0.006775 0.003271 0.001758
0.000671 0.005590 0.003040 0.002268 0.004713 0.000075 0.000000 0.983643
0.000146 0.727471 0.247334 0.005107 0.000130 0.003093 0.016378 0.000342
0.313943 0.269504 0.062570 0.081243 0.007726 0.032893 0.221582 0.010539
0.870266 0.066797 0.021799 0.008201 0.022444 0.001475 0.000000 0.009017
0.003234 0.005148 0.004374 0.008329 0.915133 0.000401 0.000484 0.062897
0.049151 0.619600 0.239911 0.010356 0.033308 0.027869 0.000511 0.019293
0.865780 0.024973 0.065281 0.005119 0.000863 0.017429 0.017081 0.003473
0.106992 0.009833 0.071316 0.677585 0.015220 0.001482 0.106407 0.011165
0.000865 0.035122 0.012999 0.502378 0.001808 0.001839 0.444885 0.000103
0.000590 0.100633 0.029040 0.786650 0.003922 0.015390 0.062303 0.001472
0.002852 0.040888 0.013756 0.005039 0.000767 0.928315 0.004137 0.004245
0.064593 0.436167 0.167813 0.166553 0.029045 0.000416 0.116144 0.019270
0.032628 0.142200 0.055382 0.033244 0.024223 0.576576 0.078808 0.056940
0.001795 0.033076 0.021442 0.864451 0.002913 0.014529 0.059811 0.001983
0.000475 0.023167 0.009237 0.637655 0.000500 0.000388 0.328337 0.000242
0.000720 0.005526 0.003240 0.002038 0.005202 0.000075 -0.000000 0.983199
0.001462 0.013323 0.025115 0.858420 0.000514 0.006266 0.093634 0.001266
0.000844 0.005172 0.016063 0.937640 0.000436 0.000128 0.039190 0.000527
0.007955 0.441191 0.469646 0.052219 0.000348 0.000155 0.027768 0.000718
0.002563 0.034598 0.012963 0.491537 0.002328 0.002368 0.453476 0.000168
0.000326 0.033827 0.025465 0.911538 0.001074 0.000000 0.027146 0.000622
0.024924 0.424321 0.470676 0.049117 0.000577 0.000236 0.028730 0.001419
0.296760 0.369135 0.235660 0.046090 0.004550 0.006840 0.040311 0.000653
0.000682 0.004416 0.015434 0.914752 0.001787 0.001045 0.061021 0.000862
0.003791 0.032784 0.021443 0.851351 0.003873 0.020427 0.063001 0.003330
0.003059 0.005257 0.004663 0.008093 0.925645 0.000339 0.000438 0.052506
0.865213 0.024453 0.083626 0.015692 0.000727 0.003167 0.000862 0.006259
0.905845 0.029103 0.001407 0.010714 0.033134 0.000457 0.000761 0.018580
0.000723 0.009521 0.004788 0.552906 0.000220 0.000014 0.431825 0.000001
0.000095 0.728094 0.247199 0.005117 0.000123 0.002850 0.016235 0.000287
0.000511 0.462580 0.460650 0.023850 0.008712 0.030896 0.010904 0.001895
0.000389 0.862757 0.096278 0.015266 0.000528 0.000041 0.024397 0.000345
0.000102 0.728047 0.247163 0.005116 0.000124 0.002891 0.016261 0.000296
0.092182 0.117725 0.448692 0.017234 0.000000 0.002500 0.315224 0.006442
0.000197 0.863652 0.096143 0.015311 0.000470 0.000035 0.023941 0.000251
0.105400 0.326589 0.226630 0.174655 0.033614 0.032230 0.099105 0.001777
0.290923 0.210520 0.386749 0.091865 0.011171 0.001217 0.002409 0.005146
0.000646 0.009532 0.004794 0.553585 0.000218 0.000014 0.431209 0.000001
0.000383 0.091257 0.034746 0.085353 0.000951 0.749649 0.016962 0.020701
0.392064 0.149512 0.279114 0.168142 0.000497 0.003187 0.002823 0.004662
0.000217 0.863567 0.096147 0.015307 0.000475 0.000036 0.023990 0.000261
0.000659 0.804133 0.164338 0.023667 0.002598 0.003218 0.000322 0.001066
0.008875 0.049537 0.048237 0.824747 0.003168 0.005783 0.054152 0.005501
0.000464 0.351376 0.327038 0.192374 0.010485 0.019795 0.098463 0.000004
0.000179 0.863721 0.096160 0.015313 0.000465 0.000035 0.023887 0.000240
0.000224 0.669288 0.281309 0.017514 0.001225 0.009995 0.013205 0.007240
0.000700 0.033292 0.021551 0.871875 0.002446 0.011015 0.057943 0.001177
0.002516 0.017998 0.006536 0.001965 0.000552 0.962795 0.002939 0.004698
0.022507 0.020543 0.036418 0.032815 0.445636 0.003630 0.000075 0.438376
0.000542 0.013390 0.025210 0.864346 0.000432 0.004737 0.090600 0.000743
0.004293 0.009108 0.023465 0.030066 0.822428 0.006487 0.001301 0.102852
0.011492 0.434897 0.352305 0.006274 0.013108 0.067530 0.017136 0.097259
0.849719 0.027310 0.089275 0.007243 0.017159 0.001214 0.000639 0.007440
0.001558 0.012216 0.008229 0.006941 0.001583 0.923350 0.004776 0.041348
0.000579 0.033317 0.021564 0.872694 0.002395 0.010626 0.057737 0.001088
0.000814 0.023074 0.009218 0.634273 0.000540 0.000431 0.331346 0.000302
0.000497 0.013394 0.025218 0.864645 0.000428 0.004658 0.090445 0.000716
0.005344 0.032130 0.042037 0.026683 0.259647 0.004174 0.014967 0.615018
0.336103 0.164841 0.299478 0.187749 0.000446 0.003389 0.003102 0.004892
0.000831 0.035135 0.013002 0.502606 0.001799 0.001827 0.444698 0.000101
0.000219 0.575991 0.407366 0.012846 0.000703 0.002446 0.000250 0.000179
0.000255 0.063271 0.021642 0.853820 0.001045 0.005312 0.054609 0.000045
0.003117 0.023431 0.010175 0.002090 0.000797 0.952693 0.003139 0.004558
0.001046 0.024720 0.020889 0.822351 0.000489 0.002937 0.124905 0.002663
0.116492 0.582967 0.079132 0.200386 0.010511 0.002394 0.000000 0.008117
0.000661 0.804129 0.164335 0.023667 0.002599 0.003220 0.000322 0.001068
0.000378 0.033827 0.025471 0.911341 0.001093 0.000000 0.027231 0.000660
0.000786 0.005340 0.003478 0.001667 0.005855 0.000075 0.000000 0.982800
0.000192 0.768617 0.184749 0.015081 0.018498 0.007426 0.003301 0.002137
0.000491 0.574328 0.408197 0.012770 0.000811 0.002895 0.000255 0.000252
0.000747 0.009519 0.004788 0.552721 0.000221 0.000014 0.431988 0.000001
0.016060 0.477733 0.303806 0.163533 0.020535 0.001871 0.012989 0.003472
0.836646 0.021977 0.034888 0.010683 0.000534 0.051546 0.031674 0.012050
0.000908 0.128009 0.017473 0.077243 0.003263 0.769817 0.002297 0.000989
0.542837 0.178048 0.057332 0.023310 0.180183 0.017902 0.000000 0.000387
0.000413 0.628496 0.326268 0.012724 0.000188 0.000021 0.031780 0.000111
0.057850 0.031939 0.031396 0.291769 0.013580 0.002738 0.567494 0.003233
0.002958 0.043958 0.027599 0.838148 0.001483 0.005471 0.079475 0.000907
0.001146 0.055266 0.084153 0.341160 0.003535 0.419796 0.093777 0.001166
0.018914 0.016501 0.025446 0.035216 0.326831 0.004498 0.000078 0.572515
0.826990 0.038209 0.016898 0.006270 0.011225 0.030552 0.055039 0.014816
0.002251 0.005186 0.016297 0.934046 0.000566 0.000167 0.040640 0.000848
0.000705 0.009524 0.004790 0.553069 0.000220 0.000014 0.431678 0.000001
0.001991 0.654369 0.309296 0.009622 0.001323 0.000000 0.021317 0.002083
0.003065 0.225200 0.265034 0.198363 0.005046 0.000029 0.278593 0.024670
0.120441 0.517189 0.067257 0.225613 0.047074 0.022028 0.000000 0.000397
0.176212 0.137124 0.435450 0.140691 0.000441 0.000000 0.106605 0.003476
0.358865 0.244549 0.055995 0.074074 0.007139 0.036987 0.209074 0.013317
0.823927 0.018816 0.107214 0.011616 0.000815 0.000000 0.030603 0.007008
0.000534 0.024800 0.020907 0.826593 0.000431 0.002456 0.122394 0.001885
0.418164 0.092933 0.312683 0.092524 0.000579 0.000000 0.078299 0.004819
0.008387 0.012119 0.002790 0.004706 0.004753 0.964145 0.000502 0.002597
0.012110 0.078761 0.869971 0.001427 0.010978 0.001407 0.022729 0.002617
0.002387 0.024610 0.021094 0.811829 0.000665 0.004052 0.130906 0.004457
0.000474 0.023167 0.009238 0.637664 0.000500 0.000388 0.328329 0.000241
0.019920 0.016938 0.007067 0.436145 0.002544 0.003090 0.510242 0.004054
0.000827 0.007507 0.011622 0.561173 0.001356 0.000570 0.416720 0.000224
0.809292 0.019365 0.131426 0.009237 0.000938 0.000000 0.024807 0.004935
0.000414 0.024821 0.020917 0.827601 0.000418 0.002340 0.121792 0.001697
0.003196 0.005110 0.004415 0.008084 0.917871 0.000386 0.000471 0.060467
0.025744 0.197579 0.270157 0.126842 0.016779 0.243865 0.019576 0.099458
0.000232 0.767654 0.184490 0.015059 0.019040 0.007832 0.003320 0.002373
0.000276 0.863281 0.096201 0.015292 0.000494 0.000038 0.024128 0.000290
0.002801 0.004713 0.004843 0.005563 0.946071 0.000236 0.000331 0.035443
0.107678 0.267990 0.537952 0.003815 0.000000 0.004405 0.072530 0.005630
0.000814 0.005557 0.003678 0.001689 0.006156 0.000075 0.000000 0.982031
0.008422 0.012238 0.002825 0.004743 0.004792 0.963882 0.000503 0.002594
0.005189 0.518303 0.453517 0.010208 0.003251 0.008130 0.000288 0.001114
0.000000 0.047759 0.038894 0.010997 0.004579 0.824050 0.064222 0.009500
0.034825 0.429877 0.385841 0.018655 0.000000 0.004803 0.119991 0.006009
0.859892 0.053522 0.001661 0.031154 0.027105 0.000617 0.001237 0.024812
0.018622 0.019326 0.025116 0.030981 0.902074 0.000005 0.003728 0.000147
0.000596 0.160839 0.036682 0.025846 0.000396 0.762357 0.011099 0.002186
0.000262 0.137109 0.100203 0.332516 0.021777 0.008962 0.012563 0.386607
0.000855 0.005173 0.016077 0.937614 0.000439 0.000128 0.039188 0.000525
0.021111 0.018974 0.032162 0.033742 0.399588 0.003966 0.000076 0.490380
0.014165 0.749386 0.186199 0.005801 0.007456 0.000233 0.033503 0.003258
0.000514 0.003241 0.001539 0.001454 0.002937 0.000073 -0.000000 0.990241
0.805221 0.035099 0.011777 0.007798 0.008635 0.042469 0.067758 0.021244
0.002024 0.800504 0.164283 0.023478 0.003200 0.004306 0.000333 0.001872
0.568098 0.157316 0.088766 0.017343 0.008072 0.089779 0.038261 0.032364
0.000830 0.007507 0.011622 0.561156 0.001357 0.000571 0.416735 0.000224
0.000488 0.013394 0.025221 0.864707 0.000428 0.004641 0.090412 0.000710
0.000494 0.183970 0.113314 0.325842 0.088078 0.002987 0.050148 0.235166
0.000763 0.033855 0.025595 0.909806 0.001251 0.000000 0.027816 0.000913
0.000338 0.862894 0.096406 0.015264 0.000518 0.000039 0.024227 0.000312
0.000546 0.492268 0.351747 0.121896 0.001760 0.002403 0.025861 0.003520
0.559064 0.170282 0.044079 0.037398 0.148949 0.039261 0.000000 0.000968
0.001239 0.005174 0.016105 0.936623 0.000469 0.000140 0.039624 0.000626
0.000345 0.862946 0.096276 0.015274 0.000515 0.000040 0.024283 0.000322
0.584259 0.169248 0.111136 0.013599 0.009623 0.060566 0.030974 0.020596
0.857167 0.027504 0.082176 0.021018 0.000681 0.003514 0.000978 0.006962
0.000630 0.005174 0.016069 0.938201 0.000422 0.000121 0.038921 0.000463
0.002680 0.435052 0.158103 0.317833 0.022623 0.008865 0.048707 0.006139
0.011561 0.017605 0.005047 0.005087 0.007939 0.949728 0.000555 0.002478
0.061094 0.037528 0.047128 0.529838 0.045193 0.125183 0.127442 0.026595
0.069160 0.006838 0.022760 0.233958 0.022195 0.004361 0.637251 0.003477
0.001204 0.112174 0.069171 0.327823 0.069741 0.002541 0.394556 0.022790
0.000124 0.770249 0.185138 0.015120 0.017572 0.006771 0.003271 0.001755
0.862928 0.024528 0.061793 0.005659 0.000826 0.021204 0.018637 0.004425
0.000910 0.127965 0.017467 0.077217 0.003263 0.769891 0.002297 0.000990
0.001689 0.200692 0.143729 0.182389 0.001429 0.037786 0.431343 0.000943
0.827539 0.019416 0.020358 0.012226 0.000392 0.066701 0.037478 0.015890
0.001668 0.041069 0.019293 0.113971 0.767507 0.000479 0.002001 0.054012
0.206116 0.236503 0.435128 0.103269 0.011173 0.001106 0.002617 0.004089
0.857549 0.024955 0.094660 0.013654 0.000793 0.002597 0.000759 0.005035
0.787223 0.020237 0.167509 0.005760 0.001121 0.000000 0.016278 0.001872
0.000784 0.349469 0.325943 0.191050 0.011372 0.022080 0.099298 0.000005
0.012167 0.357197 0.609295 0.002830 0.008503 0.008588 0.000208 0.001213
0.000646 0.009532 0.004794 0.553590 0.000218 0.000014 0.431205 0.000001
0.000856 0.349041 0.325695 0.190753 0.011570 0.022594 0.099486 0.000005
0.000891 0.033246 0.021515 0.870539 0.002518 0.011674 0.058288 0.001329
0.001590 0.063613 0.022539 0.842388 0.001865 0.008957 0.058935 0.000113
0.000148 0.086996 0.027759 0.054033 0.005529 0.000130 0.000000 0.825405
0.000577 0.013388 0.025209 0.864130 0.000435 0.004791 0.090709 0.000761
0.001636 0.113895 0.015610 0.068553 0.003285 0.793761 0.002079 0.001180
0.904792 0.028373 0.001209 0.012191 0.029770 0.000540 0.000852 0.022273
0.000096 0.728089 0.247194 0.005116 0.000123 0.002855 0.016238 0.000288
0.001383 0.009959 0.007739 0.002139 0.012270 0.000079 0.000000 0.966430
0.001366 0.025584 0.012378 0.922485 0.002448 0.003450 0.031915 0.000374
0.786869 0.020252 0.168085 0.005704 0.001124 0.000000 0.016142 0.001824
0.845299 0.027381 0.094084 0.006823 0.017789 0.001130 0.000607 0.006886
0.037935 0.015367 0.048523 0.664466 0.006029 0.041020 0.173879 0.012781
0.003690 0.006162 0.024952 0.007818 0.932018 0.001781 0.000533 0.023048
0.000464 0.007230 0.002639 0.004086 0.002727 0.000076 0.000000 0.982780
0.000597 0.003904 0.002140 0.001531 0.003834 0.000074 0.000000 0.987920
0.849532 0.025485 0.106163 0.011539 0.000861 0.002005 0.000651 0.003763
0.007076 0.504459 0.233361 0.005539 0.182822 0.040970 0.003909 0.021864
0.123771 0.347362 0.274814 0.221927 0.001910 0.006290 0.005776 0.018150
0.002119 0.033265 0.021909 0.863332 0.003321 0.014306 0.059829 0.001919
0.858766 0.024875 0.092909 0.013977 0.000782 0.002687 0.000775 0.005229
0.023835 0.233472 0.506247 0.005388 0.079944 0.126297 0.009106 0.015711
0.004175 0.795231 0.163564 0.023238 0.004072 0.006139 0.000352 0.003230
0.003135 0.539720 0.437194 0.011185 0.002247 0.005559 0.000268 0.000692
0.003693 0.009279 0.004791 0.530991 0.000354 0.000022 0.450867 0.000003
0.000572 0.033319 0.021566 0.872745 0.002392 0.010601 0.057723 0.001082
0.039960 0.020236 0.015052 0.317343 0.007173 0.003862 0.591345 0.005028
0.840174 0.021120 0.034650 0.009905 0.000542 0.050839 0.030876 0.011893
0.000903 0.128147 0.017493 0.077327 0.003265 0.769578 0.002300 0.000987
0.000654 0.174569 0.767267 0.010337 0.001372 0.000846 0.043939 0.001017
0.016165 0.023810 0.027168 0.076718 0.270731 0.004655 0.000099 0.580654
0.000000 0.040700 0.036555 0.008040 0.004739 0.840179 0.059990 0.009797
0.000591 0.100632 0.029039 0.786639 0.003923 0.015397 0.062305 0.001474
0.000342 0.063232 0.021629 0.853043 0.001081 0.005646 0.054975 0.000052
0.005155 0.004443 0.016220 0.898506 0.003595 0.002004 0.067508 0.002571
0.001958 0.104657 0.065566 0.182776 0.098160 0.004040 0.033324 0.509518
0.001869 0.050263 0.048413 0.846284 0.001766 0.002620 0.047085 0.001701
0.000410 0.024822 0.020919 0.827638 0.000418 0.002336 0.121769 0.001689
0.000454 0.002778 0.001111 0.001407 0.002293 0.000073 0.000000 0.991884
0.003090 0.050166 0.048488 0.842490 0.002028 0.003144 0.048265 0.002329
0.027190 0.441532 0.483957 0.004263 0.002352 0.000129 0.039154 0.001421
0.000921 0.127682 0.017429 0.077045 0.003260 0.770377 0.002292 0.000994
0.001185 0.007479 0.011589 0.558748 0.001419 0.000610 0.418710 0.000259
0.031938 0.025034 0.010979 0.062373 0.493847 0.000000 0.255296 0.120533
0.001196 0.090911 0.023898 0.347522 0.118274 0.000000 0.402414 0.015785
0.149870 0.212772 0.383154 0.243888 0.000416 0.002908 0.003759 0.003233
0.001197 0.004411 0.015427 0.912770 0.001940 0.001190 0.061940 0.001125
0.007546 0.490903 0.232613 0.005155 0.190786 0.044820 0.004068 0.024110
0.002854 0.004766 0.004785 0.005903 0.942265 0.000256 0.000350 0.038821
0.001803 0.009419 0.004772 0.544599 0.000266 0.000017 0.439122 0.000002
0.000489 0.013394 0.025220 0.864699 0.000428 0.004643 0.090416 0.000710
0.000591 0.100632 0.029039 0.786639 0.003923 0.015397 0.062305 0.001474
0.000578 0.398498 0.283610 0.283546 0.021534 0.000000 0.012235 0.000000
0.003158 0.445155 0.470561 0.052906 0.000292 0.000127 0.027319 0.000482
0.001268 0.009069 0.006918 0.002048 0.011035 0.000079 -0.000000 0.969583
0.416275 0.157082 0.260898 0.014834 0.137329 0.002164 0.004563 0.006855
0.001451 0.109044 0.081150 0.474604 0.123921 0.003273 0.000289 0.206267
0.285460 0.197071 0.203151 0.136180 0.000450 0.046807 0.123967 0.006914
0.000130 0.770119 0.185096 0.015117 0.017644 0.006830 0.003274 0.001790
0.001209 0.025576 0.012354 0.922953 0.002374 0.003366 0.031812 0.000356
0.000878 0.035114 0.012995 0.502272 0.001810 0.001845 0.444982 0.000103
0.838383 0.027637 0.101347 0.006281 0.018705 0.001008 0.000562 0.006078
0.000264 0.137175 0.100272 0.332647 0.021830 0.008961 0.012568 0.386283
0.000124 0.770257 0.185141 0.015120 0.017567 0.006767 0.003271 0.001753
0.011798 0.018033 0.005219 0.005126 0.008178 0.948618 0.000560 0.002469
0.027564 0.421298 0.471433 0.048540 0.000617 0.000247 0.028793 0.001510
0.865466 0.024925 0.064902 0.005178 0.000859 0.017841 0.017252 0.003577
0.000944 0.127076 0.017345 0.076679 0.003254 0.771417 0.002283 0.001002
0.002638 0.043950 0.027513 0.839294 0.001416 0.005277 0.079059 0.000854
0.003195 0.005110 0.004416 0.008084 0.917906 0.000386 0.000471 0.060432
0.000149 0.113485 0.042806 0.106741 0.000921 0.700529 0.020362 0.015007
0.001229 0.033193 0.021508 0.868311 0.002677 0.012688 0.058835 0.001561
0.000448 0.024813 0.020909 0.827298 0.000422 0.002377 0.121978 0.001756
0.085837 0.032545 0.029107 0.670946 0.045510 0.044013 0.083390 0.008652
0.000246 0.152745 0.788260 0.004017 0.000094 0.000698 0.053278 0.000661
0.010721 0.434485 0.440025 0.004083 0.015169 0.035909 0.011551 0.048057
0.001336 0.009590 0.007399 0.002102 0.011758 0.000079 -0.000000 0.967736
0.659970 0.046004 0.164948 0.012274 0.078315 0.025958 0.002961 0.009571
0.030032 0.391464 0.304452 0.252665 0.001437 0.004563 0.006130 0.009256
