0.000792 0.005444 0.003300 0.001520 0.005849 0.000075 0.000000 0.983020
0.024139 0.366229 0.248303 0.199342 0.025623 0.027713 0.107450 0.001200
0.000687 0.007447 0.011468 0.562174 0.001286 0.000586 0.416115 0.000238
0.003645 0.040735 0.023134 0.775896 0.009831 0.000156 0.138282 0.008321
0.546942 0.069208 0.254771 0.064565 0.000722 0.000000 0.059399 0.004393
0.022728 0.011778 0.034116 0.032611 0.012862 0.845318 0.035818 0.004768
0.000114 0.081786 0.025969 0.051215 0.004971 0.000125 0.000000 0.835820
0.199017 0.438764 0.132082 0.092040 0.003672 0.054484 0.064752 0.015190
0.000326 0.178931 0.040536 0.029012 0.000379 0.736913 0.012091 0.001812
0.002461 0.674847 0.288627 0.003993 0.000646 0.009183 0.018543 0.001700
0.003038 0.005002 0.004339 0.006327 0.931433 0.000319 0.000405 0.049137
0.005034 0.599652 0.167174 0.183163 0.000384 0.001626 0.042886 0.000081
0.010949 0.016664 0.004325 0.004507 0.007248 0.953305 0.000536 0.002467
0.834691 0.037046 0.015826 0.005087 0.011278 0.029572 0.052231 0.014268
0.000790 0.013301 0.025106 0.863578 0.000464 0.005111 0.090782 0.000867
0.050662 0.032909 0.052747 0.492727 0.009464 0.029010 0.289450 0.043031
0.001394 0.801818 0.164757 0.023558 0.003048 0.003692 0.000325 0.001408
0.003874 0.600503 0.167046 0.183666 0.000370 0.001597 0.042866 0.000078
0.008765 0.007343 0.012432 0.520712 0.003599 0.001084 0.445400 0.000666
0.007487 0.112740 0.776155 0.003653 0.032853 0.003424 0.063689 0.000000
0.000416 0.032995 0.021219 0.873877 0.002220 0.010796 0.057347 0.001131
0.054510 0.008618 0.008242 0.224620 0.003366 0.000115 0.700506 0.000023
0.001282 0.009442 0.004777 0.549910 0.000250 0.000015 0.434322 0.000002
0.000897 0.054139 0.081982 0.337366 0.003284 0.428890 0.092223 0.001218
0.815304 0.020559 0.120746 0.010181 0.000895 0.000000 0.026866 0.005449
0.000088 0.728959 0.246104 0.005152 0.000119 0.002976 0.016290 0.000313
0.050258 0.056311 0.080624 0.681509 0.030516 0.000000 0.080951 0.019832
0.002962 0.230145 0.587365 0.154609 0.000000 0.005173 0.017709 0.002037
0.000472 0.022978 0.009127 0.638168 0.000488 0.000405 0.328096 0.000265
0.286907 0.116347 0.384636 0.117262 0.000554 0.000000 0.090923 0.003370
0.044514 0.023686 0.017821 0.298619 0.008592 0.003663 0.598435 0.004670
0.000855 0.382175 0.069878 0.109392 0.036325 0.398700 0.000000 0.002676
0.000151 0.769789 0.184445 0.015169 0.017915 0.007235 0.003283 0.002012
0.000070 0.729373 0.245778 0.005161 0.000115 0.002928 0.016273 0.000303
0.012146 0.034641 0.026608 0.809040 0.010867 0.030888 0.070276 0.005534
0.000578 0.095392 0.118196 0.290381 0.102900 0.015685 0.237222 0.139647
0.000380 0.629420 0.325145 0.012821 0.000182 0.000022 0.031910 0.000122
0.001480 0.122837 0.029826 0.019039 0.000581 0.814651 0.008814 0.002773
0.010866 0.014763 0.027196 0.030154 0.595721 0.011258 0.022731 0.287311
0.006957 0.572364 0.369161 0.001799 0.001643 0.020939 0.022810 0.004327
0.003460 0.026524 0.011438 0.001917 0.000926 0.948125 0.003186 0.004424
0.002055 0.356085 0.066242 0.100837 0.044253 0.427267 0.000000 0.003259
0.003460 0.026551 0.011443 0.001921 0.000926 0.948087 0.003188 0.004423
0.018892 0.016555 0.023434 0.032322 0.319662 0.004578 0.000078 0.584478
0.003038 0.005002 0.004339 0.006327 0.931433 0.000319 0.000405 0.049137
0.002347 0.080657 0.021773 0.011540 0.000732 0.873106 0.006349 0.003496
0.821258 0.019479 0.117773 0.008974 0.000899 0.000000 0.026144 0.005473
0.003232 0.023023 0.009672 0.616887 0.000996 0.000609 0.345040 0.000541
0.001868 0.481342 0.379420 0.022563 0.000000 0.001880 0.111567 0.001358
0.000173 0.864127 0.095602 0.015396 0.000455 0.000036 0.023948 0.000263
0.000869 0.025376 0.012217 0.924390 0.002228 0.003213 0.031383 0.000324
0.028409 0.463701 0.457682 0.004200 0.002359 0.000143 0.041929 0.001578
0.052362 0.008651 0.008102 0.237750 0.003240 0.000111 0.689762 0.000022
0.009081 0.024988 0.033063 0.016687 0.735954 0.000000 0.006585 0.173643
0.003460 0.026524 0.011438 0.001917 0.000926 0.948125 0.003186 0.004424
0.000784 0.006311 0.003557 0.002085 0.005839 0.000075 0.000000 0.981348
0.001289 0.419323 0.174252 0.115819 0.001074 0.034630 0.251052 0.002562
0.907914 0.029745 0.001417 0.008975 0.034480 0.000408 0.000700 0.016362
0.001199 0.025421 0.012295 0.923409 0.002412 0.003347 0.031565 0.000351
0.031035 0.007055 0.015090 0.406404 0.009975 0.002456 0.526137 0.001846
0.054512 0.008618 0.008242 0.224610 0.003366 0.000115 0.700515 0.000023
0.028168 0.465126 0.456542 0.004274 0.002340 0.000142 0.041843 0.001565
0.000097 0.771775 0.184126 0.015248 0.016620 0.006987 0.003280 0.001866
0.001102 0.567948 0.365898 0.024594 0.024973 0.007846 0.005420 0.002220
0.855099 0.022911 0.044446 0.007142 0.000668 0.036693 0.024750 0.008291
0.834703 0.037040 0.015825 0.005086 0.011278 0.029571 0.052227 0.014269
0.002695 0.100138 0.075128 0.436336 0.135031 0.003429 0.000269 0.246974
0.080740 0.109162 0.145157 0.047239 0.012625 0.183730 0.411995 0.009352
0.016751 0.028164 0.029426 0.054658 0.866701 0.000004 0.004173 0.000123
0.000140 0.670843 0.280072 0.017680 0.001130 0.009904 0.013187 0.007045
0.855076 0.022918 0.044453 0.007147 0.000668 0.036693 0.024754 0.008291
0.075272 0.154713 0.490330 0.160150 0.000417 0.000000 0.116580 0.002538
0.059404 0.045780 0.047090 0.401658 0.097684 0.001066 0.264659 0.082659
0.000049 0.462525 0.339774 0.118531 0.000000 0.001411 0.076122 0.001588
0.090341 0.420194 0.163838 0.159801 0.033316 0.000420 0.112069 0.020021
0.015999 0.097768 0.817357 0.002602 0.011554 0.003751 0.043174 0.007795
0.000386 0.463442 0.459098 0.024079 0.008197 0.031850 0.010942 0.002006
0.000511 0.805152 0.163267 0.023849 0.002450 0.003317 0.000322 0.001132
0.000720 0.005130 0.015898 0.938335 0.000423 0.000128 0.038846 0.000521
0.000211 0.726148 0.248312 0.005092 0.000146 0.003298 0.016407 0.000385
0.000597 0.861295 0.097560 0.015122 0.000648 0.000043 0.024359 0.000375
0.873680 0.063889 0.016463 0.009834 0.018898 0.002305 0.000000 0.014931
0.400204 0.182223 0.152787 0.084911 0.069538 0.042736 0.064347 0.003254
0.000720 0.007447 0.011472 0.562003 0.001295 0.000588 0.416235 0.000240
0.018830 0.573894 0.156011 0.128811 0.001610 0.036650 0.077532 0.006662
0.000562 0.804961 0.163352 0.023833 0.002484 0.003338 0.000322 0.001148
0.000428 0.063646 0.028929 0.180921 0.686497 0.000457 0.002891 0.036230
0.054512 0.008618 0.008242 0.224609 0.003366 0.000115 0.700515 0.000023
0.017759 0.007227 0.013506 0.474544 0.006174 0.001638 0.478009 0.001143
0.000667 0.033030 0.021334 0.872490 0.002405 0.011226 0.057624 0.001225
0.000792 0.005431 0.003296 0.001512 0.005849 0.000075 0.000000 0.983045
0.069392 0.279515 0.510034 0.123448 0.010400 0.001051 0.003005 0.003155
0.000634 0.386988 0.070549 0.110970 0.034862 0.393429 0.000000 0.002568
0.000553 0.009454 0.004730 0.554366 0.000207 0.000014 0.430675 0.000001
0.907914 0.029745 0.001417 0.008975 0.034480 0.000408 0.000700 0.016362
0.001048 0.135161 0.090811 0.395954 0.363417 0.000003 0.013555 0.000051
0.003038 0.005002 0.004339 0.006327 0.931433 0.000319 0.000405 0.049137
0.000140 0.670858 0.280067 0.017681 0.001129 0.009900 0.013187 0.007039
0.000095 0.771868 0.184111 0.015252 0.016560 0.006975 0.003280 0.001860
0.004878 0.025928 0.013173 0.912496 0.004452 0.004832 0.033593 0.000648
0.009628 0.368854 0.428625 0.007368 0.137263 0.030090 0.005973 0.012199
0.000000 0.213431 0.096971 0.079768 0.001379 0.443174 0.162738 0.002538
0.000762 0.008840 0.004308 0.003731 0.005810 0.000077 0.000000 0.976473
0.003018 0.005467 0.004534 0.007711 0.929490 0.000320 0.000425 0.049035
0.053253 0.158705 0.501327 0.164613 0.000403 0.000000 0.119249 0.002451
0.003063 0.479459 0.379979 0.022401 0.000000 0.001962 0.111648 0.001488
0.010949 0.016664 0.004325 0.004507 0.007248 0.953305 0.000536 0.002467
0.014363 0.769317 0.161154 0.006231 0.006929 0.000282 0.037710 0.004013
0.000390 0.151846 0.788599 0.004007 0.000102 0.000766 0.053489 0.000800
0.000699 0.005129 0.015890 0.938388 0.000420 0.000127 0.038828 0.000518
0.067143 0.006589 0.019401 0.221068 0.020314 0.004681 0.657044 0.003760
0.841909 0.028191 0.098205 0.005564 0.018901 0.000959 0.000540 0.005730
0.001332 0.013347 0.025466 0.860745 0.000548 0.005591 0.091947 0.001024
0.000606 0.025339 0.012154 0.925170 0.002082 0.003107 0.031238 0.000303
0.044675 0.008770 0.007602 0.284726 0.002790 0.000096 0.651322 0.000019
0.018892 0.016554 0.023434 0.032322 0.319662 0.004578 0.000078 0.584478
0.000552 0.804998 0.163335 0.023836 0.002477 0.003334 0.000322 0.001145
0.032996 0.007030 0.015325 0.396337 0.010537 0.002577 0.533248 0.001950
0.000713 0.007447 0.011471 0.562041 0.001293 0.000588 0.416208 0.000239
0.000670 0.034898 0.012852 0.503919 0.001707 0.001858 0.443991 0.000105
0.000162 0.864204 0.095549 0.015403 0.000449 0.000036 0.023937 0.000260
0.003038 0.005008 0.004342 0.006344 0.931409 0.000319 0.000405 0.049136
0.001417 0.009440 0.004786 0.549083 0.000258 0.000016 0.434998 0.000002
0.053906 0.563834 0.172546 0.161955 0.001002 0.002832 0.043714 0.000212
0.000792 0.005438 0.003298 0.001517 0.005849 0.000075 -0.000000 0.983031
0.016006 0.097734 0.817379 0.002598 0.011559 0.003752 0.043173 0.007798
0.000000 0.044212 0.038443 0.007340 0.005185 0.835070 0.060209 0.009541
0.048736 0.008707 0.007866 0.259909 0.003028 0.000104 0.671629 0.000021
0.000493 0.805222 0.163235 0.023855 0.002437 0.003309 0.000322 0.001126
0.004417 0.006785 0.019631 0.015101 0.850607 0.006018 0.001049 0.096392
0.000074 0.729264 0.245863 0.005159 0.000116 0.002940 0.016278 0.000305
0.194577 0.226233 0.232485 0.157428 0.000457 0.044690 0.138454 0.005677
0.000373 0.033555 0.025205 0.911989 0.001077 0.000000 0.027102 0.000700
0.834703 0.037040 0.015825 0.005086 0.011278 0.029571 0.052228 0.014269
0.907737 0.029847 0.001419 0.009047 0.034479 0.000408 0.000701 0.016361
0.022728 0.011778 0.034117 0.032613 0.012862 0.845316 0.035819 0.004768
0.000129 0.864424 0.095396 0.015425 0.000434 0.000035 0.023905 0.000252
0.014563 0.767984 0.162076 0.006102 0.007020 0.000285 0.037904 0.004066
0.000302 0.024590 0.020592 0.828896 0.000389 0.002381 0.121084 0.001768
0.059202 0.029199 0.020552 0.187426 0.025333 0.013984 0.662748 0.001556
0.013475 0.050484 0.042231 0.125853 0.761715 0.000004 0.006130 0.000108
0.001691 0.004404 0.015588 0.911674 0.002259 0.001236 0.061953 0.001196
0.000299 0.024589 0.020590 0.828917 0.000388 0.002379 0.121073 0.001765
0.000526 0.025329 0.012135 0.925406 0.002038 0.003075 0.031194 0.000297
0.067145 0.006589 0.019401 0.221059 0.020315 0.004682 0.657050 0.003760
0.842280 0.028070 0.098007 0.005507 0.018905 0.000959 0.000539 0.005732
0.855099 0.022911 0.044446 0.007142 0.000668 0.036693 0.024750 0.008291
0.000508 0.009454 0.004727 0.554636 0.000205 0.000014 0.430454 0.000001
0.003038 0.005002 0.004339 0.006327 0.931433 0.000319 0.000405 0.049137
0.000787 0.006011 0.003468 0.001889 0.005842 0.000075 0.000000 0.981928
0.000191 0.185525 0.041794 0.030184 0.000356 0.727775 0.012477 0.001699
0.000074 0.729269 0.245859 0.005159 0.000116 0.002940 0.016277 0.000305
0.000997 0.050867 0.023571 0.142877 0.739868 0.000427 0.002350 0.039042
0.000229 0.175649 0.767515 0.010514 0.001142 0.000741 0.043440 0.000771
0.001878 0.450260 0.459372 0.022969 0.012434 0.039139 0.010904 0.003043
0.001345 0.371521 0.068393 0.105899 0.039562 0.410365 0.000000 0.002914
0.000596 0.007448 0.011457 0.562640 0.001260 0.000581 0.415785 0.000233
0.000792 0.005431 0.003296 0.001512 0.005849 0.000075 0.000000 0.983045
0.000096 0.083724 0.026544 0.052477 0.004949 0.000126 0.000000 0.832083
0.012168 0.000681 0.031837 0.015383 0.071269 0.000000 0.023575 0.845087
0.000848 0.711628 0.259723 0.004781 0.000288 0.004964 0.017012 0.000757
0.008551 0.034131 0.013888 0.461304 0.004888 0.003491 0.473446 0.000300
0.059491 0.348932 0.239325 0.188585 0.029751 0.029125 0.103398 0.001393
0.003460 0.026525 0.011438 0.001917 0.000926 0.948125 0.003186 0.004424
0.035191 0.045539 0.048000 0.075516 0.386417 0.007803 0.260681 0.140852
0.000613 0.007448 0.011459 0.562551 0.001265 0.000582 0.415848 0.000234
0.000597 0.007448 0.011457 0.562637 0.001260 0.000581 0.415787 0.000233
0.844701 0.039073 0.056645 0.007803 0.006619 0.021216 0.005261 0.018683
0.009252 0.021815 0.031000 0.012340 0.743930 0.000000 0.006139 0.175524
0.098376 0.058634 0.069131 0.505687 0.024818 0.048976 0.181992 0.012387
0.001045 0.034862 0.012901 0.501889 0.001859 0.001936 0.445394 0.000114
0.077042 0.055364 0.059915 0.580259 0.019625 0.039165 0.158835 0.009795
0.005603 0.109562 0.137681 0.011751 0.039412 0.674998 0.016856 0.004137
0.907831 0.029793 0.001418 0.009009 0.034480 0.000408 0.000701 0.016361
0.000788 0.022984 0.009190 0.635732 0.000546 0.000428 0.330035 0.000297
0.000268 0.014913 0.113983 0.295797 0.235017 0.023105 0.275586 0.041332
0.006258 0.551462 0.322485 0.010991 0.007907 0.037031 0.014577 0.049289
0.000356 0.022977 0.009104 0.639062 0.000466 0.000396 0.327385 0.000254
0.050662 0.032909 0.052747 0.492727 0.009464 0.029010 0.289450 0.043031
0.000173 0.136413 0.099100 0.333969 0.020118 0.008934 0.012493 0.388800
0.018662 0.017742 0.024169 0.038061 0.317039 0.004562 0.000081 0.579684
0.000134 0.864391 0.095419 0.015422 0.000436 0.000035 0.023909 0.000253
0.011502 0.449144 0.358835 0.005258 0.013716 0.060281 0.015768 0.085495
0.672538 0.165860 0.004602 0.104786 0.033438 0.000505 0.002401 0.015869
0.000245 0.201699 0.117349 0.153106 0.001732 0.386461 0.138114 0.001294
0.211005 0.429773 0.130490 0.089594 0.003809 0.055671 0.063901 0.015757
0.000654 0.007447 0.011464 0.562344 0.001276 0.000584 0.415994 0.000236
0.000371 0.761696 0.185748 0.014846 0.023190 0.008246 0.003299 0.002604
0.855098 0.022912 0.044447 0.007142 0.000668 0.036693 0.024750 0.008291
0.007476 0.499467 0.227961 0.004385 0.194119 0.041013 0.003790 0.021790
0.000184 0.062688 0.021306 0.855160 0.000970 0.005394 0.054251 0.000047
0.136819 0.349978 0.078798 0.107618 0.006808 0.033036 0.278326 0.008617
0.000752 0.009989 0.004649 0.004479 0.005797 0.000078 -0.000000 0.974256
0.000792 0.005431 0.003296 0.001512 0.005849 0.000075 0.000000 0.983045
0.000420 0.013270 0.024860 0.865514 0.000407 0.004783 0.089987 0.000760
0.000345 0.022976 0.009102 0.639150 0.000464 0.000396 0.327314 0.000252
0.000833 0.007445 0.011485 0.561424 0.001327 0.000595 0.416644 0.000246
0.000633 0.024644 0.020804 0.826683 0.000448 0.002556 0.122192 0.002040
0.067461 0.381078 0.085057 0.117808 0.006364 0.033380 0.300797 0.008055
0.000600 0.099812 0.028694 0.787203 0.003840 0.016094 0.062134 0.001623
0.001228 0.033945 0.026155 0.908038 0.001581 0.000000 0.028025 0.001028
0.000792 0.005431 0.003296 0.001512 0.005849 0.000075 0.000000 0.983045
0.000977 0.171956 0.769878 0.010139 0.001635 0.000883 0.043428 0.001104
0.834703 0.037040 0.015825 0.005086 0.011278 0.029571 0.052227 0.014269
0.005417 0.067401 0.027356 0.810880 0.004853 0.015784 0.068073 0.000235
0.003038 0.005002 0.004339 0.006327 0.931433 0.000319 0.000405 0.049137
0.050662 0.032909 0.052747 0.492727 0.009464 0.029010 0.289450 0.043031
0.000432 0.099783 0.028605 0.788335 0.003645 0.015695 0.061965 0.001541
0.873680 0.063889 0.016463 0.009834 0.018898 0.002305 0.000000 0.014931
0.001913 0.015636 0.011213 0.006594 0.002166 0.917728 0.005024 0.039726
0.000411 0.629233 0.325294 0.012811 0.000184 0.000022 0.031922 0.000123
0.834703 0.037040 0.015825 0.005086 0.011278 0.029571 0.052227 0.014269
0.821258 0.019479 0.117773 0.008974 0.000899 0.000000 0.026144 0.005473
0.002942 0.007156 0.005242 0.012740 0.922435 0.000324 0.000496 0.048663
0.001338 0.022992 0.009298 0.631496 0.000647 0.000469 0.333409 0.000352
0.000806 0.626897 0.327162 0.012690 0.000215 0.000023 0.032063 0.000144
0.821258 0.019479 0.117773 0.008974 0.000899 0.000000 0.026144 0.005473
0.010803 0.481273 0.304142 0.166085 0.019183 0.001900 0.013076 0.003537
0.003458 0.026644 0.011460 0.001938 0.000926 0.947959 0.003193 0.004422
0.572458 0.158702 0.082489 0.015832 0.007945 0.091446 0.038263 0.032865
0.054298 0.158515 0.500805 0.164401 0.000403 0.000000 0.119123 0.002455
0.005149 0.030861 0.036111 0.024526 0.238910 0.004336 0.014928 0.645179
0.000869 0.859481 0.098814 0.014947 0.000772 0.000048 0.024622 0.000447
0.000778 0.007058 0.003779 0.002571 0.005830 0.000076 0.000000 0.979907
0.678163 0.044473 0.120953 0.016823 0.064710 0.050262 0.004231 0.020386
0.000692 0.161166 0.037144 0.025853 0.000443 0.761533 0.011053 0.002116
0.309182 0.376740 0.200607 0.051177 0.004226 0.009133 0.048041 0.000895
0.495029 0.141042 0.283127 0.058497 0.015084 0.001000 0.001647 0.004574
0.000712 0.004379 0.015267 0.915043 0.001771 0.001086 0.060805 0.000938
0.000241 0.033495 0.025059 0.912597 0.000999 0.000000 0.026960 0.000650
0.000195 0.669782 0.280449 0.017620 0.001190 0.010145 0.013200 0.007420
0.002139 0.480915 0.379547 0.022526 0.000000 0.001899 0.111585 0.001388
0.000146 0.247383 0.256064 0.235436 0.001471 0.000011 0.254110 0.005379
0.018151 0.018627 0.023954 0.024237 0.911561 0.000004 0.003337 0.000129
0.023500 0.217456 0.379985 0.055215 0.106611 0.109672 0.107522 0.000040
0.000234 0.175626 0.767529 0.010512 0.001145 0.000742 0.043440 0.000773
0.000383 0.022977 0.009110 0.638854 0.000471 0.000398 0.327550 0.000256
0.034033 0.093176 0.060439 0.568749 0.026082 0.072601 0.143654 0.001264
0.005111 0.004491 0.016708 0.899913 0.003962 0.001758 0.065961 0.002097
0.010915 0.017016 0.004366 0.004740 0.007234 0.952726 0.000541 0.002462
0.008258 0.044635 0.007578 0.023010 0.006127 0.907330 0.000977 0.002085
0.001913 0.015632 0.011212 0.006590 0.002166 0.917737 0.005024 0.039727
0.855071 0.022920 0.044455 0.007148 0.000668 0.036693 0.024755 0.008291
0.000792 0.005431 0.003296 0.001512 0.005849 0.000075 -0.000000 0.983045
0.000310 0.179723 0.040687 0.029152 0.000376 0.735816 0.012138 0.001798
0.001033 0.040498 0.022012 0.793424 0.005716 0.000114 0.132363 0.004839
0.000453 0.005120 0.015801 0.939000 0.000391 0.000123 0.038631 0.000481
0.000792 0.005431 0.003296 0.001512 0.005849 0.000075 -0.000000 0.983045
0.000922 0.009448 0.004754 0.552106 0.000229 0.000015 0.432524 0.000002
0.855099 0.022911 0.044446 0.007142 0.000668 0.036693 0.024750 0.008291
0.003038 0.005002 0.004339 0.006327 0.931433 0.000319 0.000405 0.049137
0.011565 0.054368 0.046821 0.215099 0.236134 0.004059 0.000164 0.431790
0.004417 0.006785 0.019631 0.015101 0.850607 0.006018 0.001049 0.096392
0.000312 0.575585 0.407359 0.012879 0.000741 0.002660 0.000252 0.000212
0.000186 0.062689 0.021307 0.855149 0.000971 0.005396 0.054254 0.000047
0.225676 0.310133 0.070780 0.094563 0.007377 0.032595 0.249538 0.009336
0.907914 0.029745 0.001417 0.008975 0.034480 0.000408 0.000700 0.016362
0.000656 0.804608 0.163510 0.023802 0.002547 0.003378 0.000323 0.001177
0.000623 0.049891 0.047597 0.851158 0.001434 0.002227 0.045837 0.001233
0.032078 0.026521 0.013189 0.046079 0.584817 0.000000 0.209840 0.087476
0.000792 0.005431 0.003296 0.001512 0.005849 0.000075 0.000000 0.983045
0.001282 0.007439 0.011539 0.559118 0.001456 0.000623 0.418273 0.000270
0.000135 0.864386 0.095422 0.015421 0.000437 0.000035 0.023910 0.000253
0.140828 0.348180 0.078437 0.107029 0.006834 0.033016 0.277027 0.008649
0.016054 0.597840 0.074348 0.268232 0.028104 0.015235 0.000000 0.000188
0.001872 0.481337 0.379422 0.022563 0.000000 0.001881 0.111567 0.001359
0.078817 0.261866 0.265439 0.183766 0.000420 0.046092 0.158381 0.005219
0.000000 0.044213 0.038443 0.007340 0.005185 0.835070 0.060209 0.009541
0.050495 0.032881 0.052640 0.493845 0.009434 0.028921 0.288891 0.042894
0.018892 0.016554 0.023434 0.032322 0.319662 0.004578 0.000078 0.584478
0.260377 0.205978 0.213752 0.142457 0.000478 0.043894 0.127127 0.005937
0.009628 0.368854 0.428625 0.007368 0.137263 0.030090 0.005973 0.012199
0.000431 0.721134 0.252252 0.004985 0.000195 0.003873 0.016616 0.000514
0.000453 0.005120 0.015801 0.939000 0.000391 0.000123 0.038631 0.000481
0.000345 0.022976 0.009102 0.639145 0.000464 0.000396 0.327319 0.000253
0.184900 0.447856 0.011200 0.303283 0.031279 0.000706 0.005927 0.014849
0.850855 0.024218 0.045655 0.008107 0.000666 0.036744 0.025480 0.008274
0.005900 0.083993 0.071418 0.097517 0.587626 0.000000 0.014886 0.138658
0.003197 0.009413 0.004902 0.538204 0.000362 0.000019 0.443900 0.000003
0.000792 0.005440 0.003299 0.001518 0.005849 0.000075 0.000000 0.983028
0.067145 0.006589 0.019401 0.221059 0.020315 0.004682 0.657050 0.003760
0.819210 0.019850 0.118796 0.009389 0.000898 0.000000 0.026392 0.005465
0.000205 0.767802 0.184765 0.015090 0.019210 0.007483 0.003287 0.002157
0.002035 0.633871 0.293207 0.015608 0.003229 0.018305 0.013618 0.020127
0.000205 0.134864 0.098121 0.329876 0.020448 0.008950 0.012367 0.395169
0.001245 0.022991 0.009280 0.632211 0.000630 0.000462 0.332839 0.000342
0.000384 0.022977 0.009110 0.638850 0.000471 0.000398 0.327554 0.000256
0.001042 0.457646 0.459218 0.023591 0.010060 0.035055 0.010926 0.002462
0.000841 0.005889 0.143831 0.299466 0.033884 0.000000 0.114129 0.401959
0.308282 0.377400 0.200508 0.051567 0.004215 0.009111 0.048025 0.000893
0.782360 0.126407 0.023990 0.032894 0.017892 0.002321 0.000000 0.014136
0.000278 0.724633 0.249503 0.005059 0.000161 0.003472 0.016470 0.000424
0.018151 0.018627 0.023954 0.024237 0.911561 0.000004 0.003337 0.000129
0.855099 0.022911 0.044446 0.007142 0.000668 0.036693 0.024750 0.008291
0.004006 0.025808 0.012965 0.915083 0.003968 0.004480 0.033112 0.000578
0.000582 0.572344 0.410048 0.012710 0.000889 0.002919 0.000253 0.000255
0.309182 0.376740 0.200607 0.051177 0.004226 0.009133 0.048041 0.000895
0.002319 0.007426 0.011663 0.553796 0.001753 0.000687 0.422032 0.000325
0.010949 0.016667 0.004325 0.004508 0.007248 0.953300 0.000536 0.002467
0.834703 0.037040 0.015825 0.005086 0.011278 0.029571 0.052227 0.014269
0.000000 0.068725 0.046921 0.017831 0.004634 0.778302 0.075061 0.008527
0.855099 0.022911 0.044446 0.007142 0.000668 0.036693 0.024750 0.008291
0.012399 0.172049 0.340789 0.072736 0.018546 0.000071 0.315617 0.067793
0.000124 0.590779 0.358704 0.026569 0.012096 0.005295 0.005356 0.001075
0.003328 0.100277 0.030143 0.768826 0.007015 0.022573 0.064875 0.002964
0.000477 0.663416 0.303899 0.009953 0.000830 0.000000 0.020377 0.001048
0.000792 0.005431 0.003296 0.001512 0.005849 0.000075 0.000000 0.983045
0.000674 0.007447 0.011466 0.562241 0.001282 0.000585 0.416067 0.000237
0.000518 0.022979 0.009136 0.637818 0.000496 0.000408 0.328375 0.000270
0.000458 0.004372 0.015184 0.915914 0.001645 0.001048 0.060508 0.000871
0.000070 0.729355 0.245792 0.005161 0.000115 0.002930 0.016274 0.000303
0.000864 0.381977 0.069850 0.109327 0.036385 0.398917 0.000000 0.002680
0.000070 0.729357 0.245791 0.005161 0.000115 0.002930 0.016274 0.000303
0.001912 0.015668 0.011223 0.006628 0.002165 0.917656 0.005029 0.039717
0.742856 0.033692 0.156929 0.024863 0.000848 0.000000 0.035649 0.005164
0.053279 0.158700 0.501314 0.164607 0.000403 0.000000 0.119246 0.002451
0.834702 0.037041 0.015825 0.005086 0.011278 0.029571 0.052228 0.014269
0.003460 0.026525 0.011438 0.001917 0.000926 0.948124 0.003186 0.004424
0.000471 0.062686 0.028527 0.178064 0.690505 0.000455 0.002851 0.036441
0.059193 0.029200 0.020551 0.187474 0.025330 0.013982 0.662715 0.001556
0.001616 0.036959 0.017739 0.101470 0.797958 0.000394 0.001760 0.042104
0.221447 0.217961 0.224835 0.151314 0.000466 0.044365 0.133828 0.005783
0.012848 0.779440 0.154155 0.007209 0.006238 0.000256 0.036241 0.003613
0.855099 0.022911 0.044447 0.007142 0.000668 0.036693 0.024750 0.008291
0.008714 0.013971 0.030374 0.822132 0.001694 0.012132 0.107821 0.003163
0.000092 0.771993 0.184091 0.015257 0.016478 0.006960 0.003279 0.001850
0.000781 0.006702 0.003673 0.002339 0.005835 0.000076 -0.000000 0.980594
0.000135 0.727881 0.246950 0.005129 0.000129 0.003099 0.016335 0.000341
0.313223 0.270877 0.062881 0.081701 0.007938 0.032160 0.221175 0.010045
0.873680 0.063889 0.016463 0.009834 0.018898 0.002305 0.000000 0.014931
0.003038 0.005002 0.004339 0.006327 0.931433 0.000319 0.000405 0.049137
0.047789 0.626670 0.243044 0.008255 0.034458 0.023421 0.000448 0.015916
0.855099 0.022911 0.044446 0.007142 0.000668 0.036693 0.024750 0.008291
0.096754 0.008589 0.050739 0.699609 0.011949 0.001877 0.115766 0.014716
0.000686 0.034897 0.012854 0.503831 0.001714 0.001861 0.444052 0.000105
0.000429 0.099783 0.028603 0.788353 0.003642 0.015689 0.061963 0.001539
0.003066 0.045686 0.015096 0.005323 0.000857 0.921570 0.004306 0.004095
0.063251 0.436835 0.168655 0.167159 0.030092 0.000404 0.115520 0.018084
0.037963 0.174186 0.073823 0.029733 0.032092 0.524805 0.077261 0.050137
0.001727 0.033179 0.021821 0.866632 0.003186 0.013041 0.058792 0.001623
0.000345 0.022976 0.009102 0.639147 0.000464 0.000396 0.327316 0.000253
0.000785 0.006175 0.003517 0.001996 0.005841 0.000075 -0.000000 0.981611
0.001396 0.013352 0.025509 0.860409 0.000558 0.005647 0.092085 0.001043
0.000686 0.005129 0.015886 0.938420 0.000419 0.000127 0.038818 0.000516
0.008077 0.439897 0.471278 0.052093 0.000365 0.000150 0.027467 0.000673
0.002672 0.034703 0.013115 0.493092 0.002515 0.002273 0.451475 0.000155
0.000238 0.033493 0.025055 0.912613 0.000997 0.000000 0.026956 0.000648
0.025465 0.420237 0.476771 0.047925 0.000640 0.000208 0.027574 0.001181
0.309182 0.376740 0.200607 0.051177 0.004226 0.009133 0.048041 0.000895
0.000511 0.004374 0.015201 0.915732 0.001671 0.001056 0.060570 0.000885
0.003914 0.033486 0.022826 0.854543 0.004798 0.016787 0.061203 0.002444
0.003025 0.005303 0.004465 0.007223 0.930176 0.000320 0.000418 0.049071
0.866254 0.025101 0.086095 0.012904 0.000768 0.002753 0.000779 0.005347
0.907873 0.029769 0.001417 0.008991 0.034480 0.000408 0.000700 0.016362
0.000570 0.009453 0.004731 0.554262 0.000208 0.000014 0.430760 0.000001
0.000070 0.729372 0.245779 0.005161 0.000115 0.002928 0.016273 0.000303
0.000375 0.463536 0.459096 0.024087 0.008167 0.031798 0.010943 0.001999
0.000359 0.862890 0.096457 0.015276 0.000539 0.000039 0.024127 0.000312
0.000077 0.729198 0.245915 0.005157 0.000117 0.002948 0.016280 0.000307
0.094571 0.116776 0.362726 0.019998 0.000000 0.003625 0.392574 0.009731
0.000151 0.864276 0.095499 0.015410 0.000444 0.000036 0.023926 0.000257
0.107653 0.325366 0.227092 0.173930 0.035375 0.031049 0.097878 0.001656
0.284126 0.209655 0.395559 0.090680 0.012763 0.001026 0.002320 0.003871
0.000470 0.009455 0.004724 0.554872 0.000203 0.000014 0.430261 0.000001
0.000402 0.094507 0.036290 0.088356 0.001054 0.742692 0.017365 0.019334
0.400884 0.146544 0.279862 0.162840 0.000551 0.002794 0.002690 0.003836
0.000172 0.864135 0.095596 0.015397 0.000454 0.000036 0.023947 0.000263
0.000483 0.805261 0.163218 0.023859 0.002430 0.003304 0.000322 0.001123
0.009278 0.051345 0.053964 0.821784 0.004289 0.004355 0.051298 0.003687
0.000355 0.351449 0.325577 0.193947 0.009919 0.020150 0.098598 0.000004
0.000132 0.864407 0.095408 0.015423 0.000435 0.000035 0.023907 0.000252
0.000177 0.670118 0.280329 0.017639 0.001171 0.010068 0.013196 0.007301
0.000576 0.033017 0.021292 0.872994 0.002337 0.011069 0.057523 0.001191
0.003460 0.026524 0.011438 0.001917 0.000926 0.948125 0.003186 0.004424
0.018892 0.016554 0.023434 0.032322 0.319662 0.004578 0.000078 0.584478
0.000412 0.013269 0.024855 0.865553 0.000406 0.004776 0.089970 0.000758
0.004238 0.009334 0.023074 0.028702 0.832974 0.006032 0.001250 0.094395
0.011501 0.449166 0.358827 0.005259 0.013714 0.060277 0.015768 0.085488
0.841949 0.028178 0.098184 0.005558 0.018901 0.000959 0.000540 0.005731
0.001912 0.015670 0.011224 0.006630 0.002165 0.917653 0.005030 0.039717
0.000423 0.032996 0.021222 0.873840 0.002225 0.010807 0.057355 0.001133
0.000752 0.022983 0.009182 0.636014 0.000539 0.000426 0.329811 0.000293
0.000364 0.013265 0.024823 0.865806 0.000398 0.004733 0.089867 0.000744
0.005149 0.030863 0.036112 0.024531 0.238908 0.004336 0.014928 0.645173
0.335794 0.163530 0.306964 0.183811 0.000520 0.002799 0.002957 0.003625
0.000595 0.034906 0.012842 0.504325 0.001677 0.001842 0.443710 0.000103
0.000161 0.577389 0.405863 0.012973 0.000659 0.002516 0.000251 0.000189
0.000184 0.062687 0.021305 0.855163 0.000970 0.005393 0.054250 0.000047
0.003457 0.026671 0.011466 0.001943 0.000926 0.947922 0.003195 0.004421
0.000993 0.024704 0.021033 0.824280 0.000513 0.002746 0.123396 0.002335
0.103350 0.591264 0.079956 0.204352 0.010414 0.002435 0.000000 0.008231
0.000484 0.805256 0.163220 0.023858 0.002431 0.003305 0.000322 0.001123
0.000302 0.033522 0.025126 0.912317 0.001035 0.000000 0.027025 0.000673
0.000792 0.005431 0.003296 0.001512 0.005849 0.000075 0.000000 0.983045
0.000163 0.769357 0.184515 0.015152 0.018196 0.007289 0.003284 0.002043
0.000492 0.573430 0.409147 0.012766 0.000840 0.002832 0.000253 0.000241
0.000611 0.009453 0.004734 0.554011 0.000211 0.000014 0.430966 0.000001
0.012296 0.480221 0.303786 0.165620 0.019508 0.001913 0.013059 0.003597
0.851979 0.023872 0.045335 0.007852 0.000667 0.036731 0.025287 0.008279
0.000642 0.123790 0.016784 0.075374 0.002955 0.777222 0.002227 0.001006
0.563901 0.172631 0.041081 0.034407 0.147022 0.039976 0.000000 0.000982
0.000303 0.629872 0.324783 0.012844 0.000176 0.000021 0.031883 0.000118
0.045270 0.023699 0.017971 0.292791 0.008731 0.003718 0.603075 0.004746
0.003040 0.044023 0.027948 0.838925 0.001613 0.005133 0.078512 0.000805
0.000824 0.054280 0.082142 0.338385 0.003252 0.427499 0.092411 0.001206
0.018892 0.016554 0.023434 0.032322 0.319662 0.004578 0.000078 0.584478
0.830490 0.038929 0.016206 0.005705 0.011251 0.029592 0.053592 0.014234
0.002306 0.005187 0.016473 0.934394 0.000613 0.000156 0.040115 0.000755
0.000532 0.009454 0.004728 0.554489 0.000206 0.000014 0.430574 0.000001
0.002061 0.652001 0.312339 0.009506 0.001448 0.000000 0.020816 0.001829
0.003143 0.228955 0.276789 0.195637 0.005648 0.000026 0.269156 0.020646
0.122633 0.515119 0.067876 0.222743 0.051238 0.020048 0.000000 0.000342
0.167987 0.137906 0.444027 0.141361 0.000477 0.000000 0.105340 0.002902
0.369511 0.245637 0.057802 0.073431 0.008299 0.031881 0.202939 0.010501
0.821141 0.019501 0.117832 0.008998 0.000899 0.000000 0.026158 0.005472
0.000451 0.024614 0.020687 0.827898 0.000416 0.002460 0.121583 0.001890
0.425188 0.091280 0.315577 0.089239 0.000643 0.000000 0.074159 0.003914
0.010942 0.016744 0.004334 0.004559 0.007245 0.953174 0.000537 0.002465
0.016006 0.097734 0.817379 0.002598 0.011559 0.003752 0.043173 0.007798
0.002474 0.024948 0.021979 0.814398 0.000780 0.003529 0.128345 0.003548
0.000345 0.022976 0.009102 0.639151 0.000464 0.000396 0.327314 0.000252
0.024103 0.023358 0.013792 0.455982 0.004836 0.002153 0.473147 0.002629
0.000604 0.007448 0.011458 0.562597 0.001262 0.000581 0.415816 0.000234
0.821258 0.019479 0.117773 0.008974 0.000899 0.000000 0.026144 0.005473
0.000302 0.024590 0.020592 0.828894 0.000389 0.002381 0.121085 0.001768
0.003038 0.005002 0.004339 0.006327 0.931433 0.000319 0.000405 0.049137
0.027311 0.219292 0.316806 0.105638 0.019726 0.209880 0.017928 0.083418
0.000205 0.767791 0.184767 0.015089 0.019217 0.007485 0.003287 0.002158
0.000251 0.863610 0.095959 0.015346 0.000490 0.000037 0.024023 0.000284
0.003038 0.005002 0.004339 0.006327 0.931433 0.000319 0.000405 0.049137
0.123538 0.289529 0.436360 0.006032 0.000000 0.010205 0.119760 0.014576
0.000792 0.005431 0.003296 0.001512 0.005849 0.000075 0.000000 0.983045
0.010935 0.016808 0.004341 0.004602 0.007243 0.953068 0.000538 0.002465
0.005079 0.518546 0.454672 0.009899 0.003349 0.007221 0.000274 0.000960
0.000000 0.052053 0.041155 0.010696 0.005008 0.816911 0.064960 0.009217
0.035005 0.429103 0.394927 0.018061 0.000000 0.004147 0.113798 0.004958
0.864777 0.054691 0.002000 0.026534 0.034289 0.000426 0.001012 0.016271
0.018067 0.019194 0.024279 0.026046 0.908894 0.000004 0.003386 0.000129
0.000613 0.164975 0.037871 0.026530 0.000429 0.756254 0.011276 0.002051
0.000200 0.135077 0.098256 0.330438 0.020403 0.008948 0.012384 0.394294
0.000763 0.005131 0.015913 0.938229 0.000428 0.000128 0.038880 0.000527
0.018892 0.016554 0.023434 0.032322 0.319662 0.004578 0.000078 0.584478
0.014586 0.767825 0.162186 0.006087 0.007031 0.000286 0.037927 0.004072
0.000792 0.005431 0.003296 0.001512 0.005849 0.000075 0.000000 0.983045
0.830549 0.038903 0.016200 0.005696 0.011251 0.029592 0.053573 0.014235
0.001965 0.799665 0.165719 0.023370 0.003434 0.003935 0.000326 0.001587
0.571875 0.159140 0.082566 0.015951 0.007938 0.091389 0.038304 0.032837
0.000607 0.007448 0.011458 0.562584 0.001263 0.000581 0.415825 0.000234
0.000354 0.013264 0.024816 0.865859 0.000397 0.004724 0.089845 0.000741
0.000456 0.183399 0.112836 0.326878 0.087397 0.002990 0.049939 0.236105
0.000752 0.033728 0.025626 0.910238 0.001301 0.000000 0.027511 0.000845
0.000354 0.862922 0.096435 0.015280 0.000537 0.000039 0.024123 0.000311
0.000449 0.492457 0.351072 0.122661 0.001704 0.002393 0.025797 0.003467
0.563899 0.172633 0.041081 0.034408 0.147021 0.039976 0.000000 0.000982
0.001189 0.005147 0.016068 0.937170 0.000479 0.000136 0.039221 0.000590
0.000331 0.863076 0.096329 0.015294 0.000526 0.000039 0.024100 0.000305
0.572458 0.158702 0.082489 0.015832 0.007945 0.091446 0.038263 0.032865
0.853690 0.028380 0.091326 0.016952 0.000762 0.002754 0.000830 0.005306
0.000458 0.005120 0.015803 0.938986 0.000391 0.000123 0.038636 0.000482
0.001986 0.435008 0.157027 0.320473 0.021231 0.009077 0.048773 0.006426
0.010948 0.016678 0.004326 0.004516 0.007248 0.953282 0.000536 0.002466
0.067501 0.042411 0.052040 0.503066 0.051675 0.125707 0.131288 0.026312
0.067121 0.006589 0.019398 0.221183 0.020308 0.004680 0.656962 0.003759
0.000890 0.112016 0.068647 0.330481 0.065498 0.002601 0.395983 0.023884
0.000091 0.772009 0.184088 0.015258 0.016468 0.006958 0.003279 0.001849
0.855099 0.022911 0.044446 0.007142 0.000668 0.036693 0.024750 0.008291
0.000647 0.123737 0.016778 0.075339 0.002957 0.777309 0.002226 0.001007
0.001231 0.199995 0.142332 0.183397 0.001333 0.038666 0.432059 0.000988
0.854857 0.022986 0.044515 0.007197 0.000668 0.036696 0.024791 0.008290
0.001588 0.037582 0.018000 0.103325 0.795356 0.000396 0.001786 0.041966
0.198673 0.237456 0.441114 0.103720 0.011823 0.001036 0.002592 0.003586
0.866254 0.025101 0.086095 0.012904 0.000768 0.002753 0.000779 0.005347
0.821258 0.019479 0.117773 0.008974 0.000899 0.000000 0.026144 0.005473
0.000744 0.349198 0.326491 0.191617 0.011543 0.021655 0.098748 0.000004
0.014419 0.406801 0.547365 0.004060 0.008460 0.016156 0.000316 0.002424
0.000470 0.009455 0.004724 0.554873 0.000203 0.000014 0.430260 0.000001
0.000829 0.348708 0.326690 0.191109 0.011897 0.021982 0.098780 0.000004
0.000754 0.033042 0.021374 0.872011 0.002469 0.011374 0.057720 0.001257
0.001662 0.064019 0.023014 0.842656 0.002067 0.008328 0.058154 0.000100
0.000101 0.083154 0.026375 0.052105 0.004955 0.000126 0.000000 0.833182
0.000467 0.013274 0.024892 0.865268 0.000414 0.004824 0.090088 0.000774
0.001606 0.113774 0.015619 0.068748 0.003357 0.793685 0.002069 0.001143
0.907573 0.029942 0.001421 0.009113 0.034478 0.000408 0.000702 0.016361
0.000071 0.729350 0.245796 0.005160 0.000115 0.002931 0.016274 0.000303
0.000792 0.005431 0.003296 0.001512 0.005849 0.000075 0.000000 0.983045
0.001328 0.025439 0.012326 0.923027 0.002483 0.003399 0.031636 0.000362
0.821258 0.019479 0.117773 0.008974 0.000899 0.000000 0.026144 0.005473
0.842280 0.028071 0.098008 0.005507 0.018905 0.000959 0.000539 0.005732
0.039650 0.016586 0.050939 0.660320 0.006494 0.039546 0.174341 0.012125
0.004417 0.006785 0.019631 0.015101 0.850607 0.006018 0.001049 0.096392
0.000736 0.011697 0.005157 0.005591 0.005777 0.000079 0.000000 0.970963
0.000792 0.005457 0.003304 0.001529 0.005849 0.000075 0.000000 0.982995
0.866254 0.025101 0.086095 0.012904 0.000768 0.002753 0.000779 0.005347
0.007036 0.515722 0.225345 0.005033 0.183524 0.038981 0.003759 0.020600
0.124707 0.347123 0.279489 0.220268 0.002114 0.005624 0.005632 0.015044
0.002175 0.033242 0.022027 0.864153 0.003517 0.013809 0.059286 0.001791
0.866254 0.025101 0.086095 0.012904 0.000768 0.002753 0.000779 0.005347
0.025169 0.244557 0.463643 0.005644 0.078554 0.152900 0.010313 0.019220
0.004154 0.791402 0.169413 0.022648 0.004916 0.004865 0.000332 0.002271
0.003023 0.543147 0.434266 0.011184 0.002224 0.005254 0.000264 0.000638
0.003901 0.009402 0.004948 0.533905 0.000403 0.000020 0.447418 0.000003
0.000415 0.032995 0.021218 0.873882 0.002219 0.010794 0.057346 0.001130
0.045265 0.023698 0.017970 0.292832 0.008730 0.003718 0.603042 0.004745
0.855099 0.022911 0.044446 0.007142 0.000668 0.036693 0.024750 0.008291
0.000639 0.123822 0.016787 0.075395 0.002954 0.777169 0.002228 0.001006
0.000634 0.173653 0.768792 0.010311 0.001409 0.000818 0.043433 0.000951
0.017060 0.026008 0.029281 0.078019 0.298779 0.004448 0.000100 0.546304
0.000000 0.044297 0.038472 0.007376 0.005183 0.834873 0.060260 0.009538
0.000430 0.099783 0.028604 0.788348 0.003642 0.015690 0.061963 0.001540
0.000280 0.062774 0.021416 0.854351 0.001041 0.005584 0.054504 0.000050
0.005417 0.004499 0.016808 0.898862 0.004114 0.001804 0.066319 0.002177
0.002328 0.122556 0.082233 0.206279 0.147831 0.003527 0.035974 0.399272
0.001837 0.050095 0.048490 0.847036 0.001835 0.002525 0.046603 0.001578
0.000297 0.024589 0.020589 0.828925 0.000388 0.002378 0.121069 0.001764
0.000792 0.005432 0.003296 0.001512 0.005849 0.000075 0.000000 0.983044
0.003082 0.050304 0.049405 0.842813 0.002245 0.002831 0.047389 0.001930
0.028409 0.463701 0.457681 0.004200 0.002359 0.000143 0.041929 0.001578
0.000660 0.123605 0.016762 0.075251 0.002963 0.777526 0.002224 0.001009
0.001085 0.007442 0.011515 0.560132 0.001399 0.000611 0.417557 0.000259
0.032031 0.026619 0.013205 0.046542 0.584099 0.000000 0.210136 0.087368
0.000876 0.091021 0.023769 0.351347 0.111258 0.000000 0.405080 0.016649
0.135582 0.215777 0.390327 0.248317 0.000427 0.002817 0.003779 0.002975
0.001066 0.004388 0.015383 0.913822 0.001948 0.001141 0.061221 0.001031
0.007476 0.499450 0.227964 0.004384 0.194130 0.041015 0.003790 0.021791
0.003038 0.005002 0.004339 0.006327 0.931433 0.000319 0.000405 0.049137
0.001812 0.009434 0.004812 0.546671 0.000281 0.000016 0.436972 0.000002
0.000355 0.013264 0.024817 0.865855 0.000397 0.004725 0.089846 0.000741
0.000430 0.099783 0.028604 0.788343 0.003643 0.015692 0.061964 0.001540
0.000431 0.398764 0.282181 0.286106 0.020261 0.000000 0.012256 0.000000
0.002360 0.446361 0.469473 0.053463 0.000275 0.000130 0.027432 0.000507
0.000792 0.005431 0.003296 0.001512 0.005849 0.000075 0.000000 0.983045
0.463516 0.162171 0.196175 0.024856 0.117853 0.005835 0.007871 0.021723
0.001095 0.108396 0.080235 0.476249 0.116791 0.003316 0.000287 0.213631
0.293282 0.195849 0.204385 0.134970 0.000488 0.043495 0.121462 0.006068
0.000097 0.771785 0.184124 0.015249 0.016614 0.006986 0.003280 0.001866
0.001160 0.025416 0.012286 0.923525 0.002390 0.003331 0.031544 0.000348
0.000678 0.034898 0.012853 0.503876 0.001710 0.001860 0.444021 0.000105
0.842280 0.028070 0.098007 0.005507 0.018905 0.000959 0.000539 0.005732
0.000208 0.134698 0.098016 0.329438 0.020483 0.008952 0.012354 0.395851
0.000091 0.772024 0.184086 0.015258 0.016458 0.006956 0.003279 0.001848
0.010947 0.016692 0.004328 0.004525 0.007247 0.953258 0.000536 0.002466
0.028041 0.417324 0.477585 0.047308 0.000681 0.000217 0.027590 0.001256
0.855099 0.022911 0.044446 0.007142 0.000668 0.036693 0.024750 0.008291
0.000687 0.123325 0.016730 0.075066 0.002974 0.777986 0.002220 0.001012
0.002698 0.043971 0.027800 0.840119 0.001530 0.004976 0.078141 0.000764
0.003038 0.005003 0.004340 0.006331 0.931427 0.000319 0.000405 0.049137
0.000106 0.109969 0.041206 0.104385 0.000836 0.708378 0.019784 0.015336
0.001123 0.033094 0.021543 0.869971 0.002741 0.012006 0.058126 0.001396
0.000339 0.024596 0.020615 0.828651 0.000395 0.002400 0.121206 0.001798
0.099155 0.038919 0.035657 0.632816 0.056738 0.042906 0.085549 0.008260
0.000183 0.152998 0.787764 0.004059 0.000088 0.000717 0.053496 0.000694
0.011502 0.449144 0.358835 0.005258 0.013716 0.060281 0.015768 0.085495
0.000792 0.005431 0.003296 0.001512 0.005849 0.000075 0.000000 0.983045
0.678395 0.044391 0.120857 0.016746 0.064726 0.050268 0.004227 0.020391
0.022011 0.394407 0.305011 0.256697 0.001356 0.004684 0.006180 0.009654
