0.000820 0.005603 0.003730 0.001696 0.006227 0.000075 -0.000000 0.981850
0.032701 0.362692 0.247576 0.195669 0.027206 0.026791 0.106228 0.001137
0.000966 0.007494 0.011605 0.559962 0.001380 0.000588 0.417765 0.000240
0.003454 0.040357 0.022448 0.774991 0.008608 0.000171 0.140251 0.009720
0.543502 0.070079 0.249345 0.067548 0.000652 0.000000 0.063420 0.005455
0.024236 0.012580 0.040915 0.036333 0.014408 0.829946 0.036885 0.004697
0.000151 0.086208 0.027527 0.053516 0.005521 0.000129 0.000000 0.826948
0.202701 0.432236 0.130765 0.091263 0.003595 0.057639 0.065183 0.016617
0.000351 0.182959 0.041546 0.029478 0.000391 0.731100 0.012365 0.001810
0.002521 0.670731 0.290938 0.004075 0.000640 0.009997 0.019203 0.001894
0.002693 0.004610 0.004973 0.004944 0.952988 0.000199 0.000298 0.029295
0.006198 0.599095 0.168038 0.181712 0.000403 0.001600 0.042875 0.000079
0.012099 0.018505 0.005450 0.005131 0.008496 0.947300 0.000564 0.002455
0.827955 0.035868 0.015721 0.005925 0.010839 0.032328 0.055540 0.015824
0.000836 0.013380 0.025237 0.862456 0.000463 0.005183 0.091549 0.000896
0.046488 0.029490 0.049124 0.516044 0.008485 0.028604 0.278832 0.042933
0.001405 0.802067 0.164421 0.023547 0.002942 0.003794 0.000328 0.001496
0.005339 0.599719 0.168183 0.181942 0.000397 0.001559 0.042787 0.000075
0.008262 0.007160 0.011773 0.517570 0.003077 0.001208 0.450161 0.000789
0.005691 0.091578 0.833047 0.002083 0.031294 0.001366 0.034940 0.000000
0.000579 0.033327 0.021583 0.872599 0.002405 0.010635 0.057780 0.001092
0.055650 0.008812 0.009462 0.238868 0.003609 0.000109 0.683469 0.000022
0.001365 0.009439 0.004751 0.547326 0.000242 0.000016 0.436860 0.000002
0.001214 0.054965 0.083737 0.339144 0.003551 0.422762 0.093434 0.001194
0.831069 0.019364 0.090530 0.014511 0.000716 0.000000 0.035301 0.008508
0.000111 0.727882 0.247223 0.005112 0.000125 0.002942 0.016296 0.000308
0.047824 0.053226 0.083615 0.690625 0.029836 0.000000 0.076474 0.018399
0.003997 0.229706 0.588755 0.152909 0.000000 0.005040 0.017648 0.001945
0.000570 0.023138 0.009231 0.636477 0.000511 0.000402 0.329410 0.000261
0.278322 0.118481 0.383855 0.120301 0.000501 0.000000 0.094533 0.004008
0.040812 0.021073 0.016098 0.319990 0.007538 0.003744 0.585896 0.004850
0.001030 0.382753 0.070259 0.108837 0.037593 0.396817 0.000000 0.002711
0.000178 0.768840 0.184888 0.015080 0.018370 0.007287 0.003295 0.002060
0.000096 0.727980 0.247300 0.005113 0.000123 0.002856 0.016243 0.000289
0.011619 0.033406 0.024891 0.807739 0.009486 0.034671 0.071689 0.006499
0.000767 0.095570 0.119106 0.288158 0.109306 0.015408 0.236994 0.134692
0.000483 0.628279 0.326297 0.012713 0.000191 0.000021 0.031895 0.000119
0.001443 0.116909 0.028371 0.018192 0.000540 0.823075 0.008540 0.002929
0.010612 0.013602 0.023056 0.038097 0.508988 0.013971 0.026030 0.365644
0.007126 0.563936 0.371064 0.002177 0.001611 0.023887 0.025185 0.005015
0.002791 0.020197 0.008043 0.001998 0.000658 0.958660 0.003008 0.004645
0.001976 0.351030 0.064804 0.099445 0.040706 0.438511 0.000000 0.003528
0.002876 0.020988 0.008576 0.002017 0.000694 0.957186 0.003038 0.004624
0.020023 0.017743 0.029006 0.034356 0.364718 0.004227 0.000077 0.529850
0.002965 0.004863 0.004666 0.006592 0.934305 0.000299 0.000389 0.045921
0.002081 0.071626 0.018891 0.010597 0.000599 0.886538 0.005944 0.003724
0.835641 0.018252 0.090275 0.012937 0.000735 0.000000 0.033864 0.008295
0.003088 0.022791 0.009432 0.614712 0.000895 0.000653 0.347819 0.000610
0.002436 0.480238 0.380546 0.022343 0.000000 0.001846 0.111271 0.001320
0.000206 0.863559 0.096204 0.015301 0.000474 0.000035 0.023965 0.000255
0.001021 0.025574 0.012332 0.923470 0.002292 0.003267 0.031708 0.000336
0.023674 0.409290 0.535600 0.002672 0.002446 0.000065 0.025607 0.000647
0.041515 0.006322 0.004821 0.259850 0.002043 0.000126 0.685296 0.000026
0.009076 0.024410 0.034004 0.018037 0.724761 0.000000 0.006784 0.182927
0.002304 0.015820 0.005026 0.001912 0.000456 0.966873 0.002844 0.004765
0.000519 0.003890 0.001742 0.001849 0.002993 0.000073 0.000000 0.988934
0.001310 0.419662 0.174581 0.115344 0.001070 0.034258 0.251245 0.002530
0.907235 0.031723 0.001980 0.007088 0.042553 0.000236 0.000529 0.008656
0.001252 0.025578 0.012354 0.922782 0.002388 0.003407 0.031873 0.000366
0.029644 0.006619 0.013981 0.405767 0.008934 0.002668 0.530325 0.002062
0.039704 0.005547 0.003631 0.252602 0.001721 0.000135 0.696630 0.000029
0.029455 0.464258 0.447792 0.005444 0.002272 0.000173 0.048648 0.001958
0.000135 0.769884 0.185131 0.015106 0.017766 0.006880 0.003277 0.001822
0.001119 0.568650 0.365006 0.024733 0.024146 0.008363 0.005520 0.002464
0.851944 0.022772 0.048471 0.007706 0.000686 0.035741 0.024595 0.008085
0.855345 0.040784 0.023210 0.003952 0.014531 0.016154 0.039005 0.007020
0.002772 0.098011 0.073033 0.425852 0.126053 0.003553 0.000266 0.270460
0.074847 0.097117 0.125017 0.053219 0.010750 0.202501 0.425983 0.010566
0.017500 0.028879 0.030212 0.061385 0.857236 0.000005 0.004638 0.000146
0.000190 0.669777 0.281697 0.017522 0.001209 0.009679 0.013168 0.006759
0.853524 0.023080 0.050772 0.007381 0.000710 0.033388 0.023659 0.007486
0.086652 0.152901 0.485345 0.157053 0.000426 0.000000 0.115154 0.002469
0.051834 0.037939 0.036861 0.440291 0.076501 0.001146 0.264322 0.091106
0.000064 0.462115 0.341362 0.117498 0.000000 0.001387 0.076032 0.001542
0.089184 0.420688 0.162916 0.160036 0.031421 0.000440 0.113375 0.021940
0.016842 0.098747 0.804892 0.003343 0.011309 0.004614 0.050466 0.009787
0.000524 0.462343 0.460663 0.023828 0.008762 0.031050 0.010910 0.001920
0.000689 0.803991 0.164391 0.023652 0.002618 0.003247 0.000322 0.001090
0.000841 0.005176 0.016095 0.937611 0.000440 0.000128 0.039190 0.000520
0.000214 0.726426 0.247784 0.005088 0.000142 0.003389 0.016548 0.000409
0.000568 0.861605 0.096934 0.015176 0.000600 0.000045 0.024663 0.000407
0.871054 0.064481 0.019074 0.009981 0.020284 0.002043 0.000000 0.013083
0.397676 0.181232 0.147861 0.088112 0.063586 0.049509 0.068099 0.003924
0.000935 0.007498 0.011616 0.560221 0.001379 0.000583 0.417531 0.000236
0.024442 0.570929 0.156266 0.127193 0.001700 0.035870 0.077146 0.006454
0.000733 0.803893 0.164365 0.023648 0.002635 0.003285 0.000323 0.001118
0.000503 0.062952 0.028733 0.177473 0.691937 0.000446 0.002859 0.035097
0.064729 0.010663 0.012750 0.231540 0.004675 0.000094 0.675530 0.000018
0.017014 0.006927 0.012634 0.471427 0.005453 0.001814 0.483414 0.001317
0.000746 0.033297 0.021571 0.871499 0.002478 0.011148 0.058051 0.001209
0.000653 0.004278 0.002503 0.001551 0.004407 0.000074 -0.000000 0.986533
0.090610 0.272586 0.499750 0.119327 0.010839 0.001003 0.002927 0.002957
0.000844 0.390229 0.071638 0.110988 0.037364 0.386428 0.000000 0.002509
0.000722 0.009522 0.004791 0.552710 0.000221 0.000014 0.432019 0.000001
0.905664 0.027672 0.001139 0.012232 0.028831 0.000556 0.000860 0.023046
0.001409 0.132630 0.089727 0.384652 0.378254 0.000003 0.013277 0.000048
0.002498 0.004429 0.005196 0.003757 0.966437 0.000128 0.000233 0.017322
0.000190 0.669787 0.281703 0.017522 0.001208 0.009673 0.013167 0.006750
0.000128 0.770018 0.185180 0.015109 0.017690 0.006816 0.003274 0.001785
0.004931 0.025883 0.013097 0.911899 0.004280 0.005134 0.034059 0.000718
0.008772 0.341168 0.469189 0.006471 0.138228 0.022399 0.004892 0.008880
0.000000 0.216603 0.099100 0.080224 0.001498 0.435361 0.164744 0.002469
0.000693 0.007830 0.003880 0.003556 0.005094 0.000076 -0.000000 0.978870
0.003104 0.005482 0.004682 0.008937 0.921438 0.000358 0.000462 0.055538
0.071078 0.155645 0.493981 0.159913 0.000423 0.000000 0.116660 0.002299
0.003244 0.479204 0.380093 0.022278 0.000000 0.001948 0.111753 0.001480
0.007046 0.009515 0.001730 0.004455 0.003326 0.970795 0.000473 0.002660
0.014747 0.760085 0.164596 0.007442 0.006862 0.000318 0.041355 0.004595
0.000412 0.152353 0.787690 0.004001 0.000101 0.000776 0.053842 0.000826
0.000979 0.005172 0.016056 0.937249 0.000444 0.000134 0.039393 0.000573
0.065598 0.006367 0.020251 0.236738 0.020098 0.004593 0.642651 0.003705
0.854542 0.026971 0.084635 0.007457 0.016636 0.001271 0.000656 0.007832
0.001368 0.013350 0.025222 0.859157 0.000514 0.006013 0.093197 0.001180
0.000792 0.025588 0.012342 0.924157 0.002224 0.003088 0.031510 0.000299
0.042658 0.008151 0.007304 0.294210 0.002596 0.000099 0.644961 0.000020
0.021337 0.019277 0.033214 0.033508 0.409500 0.003904 0.000076 0.479184
0.000725 0.803913 0.164369 0.023649 0.002631 0.003278 0.000322 0.001113
0.029548 0.006285 0.012618 0.397029 0.008202 0.002949 0.541044 0.002325
0.000926 0.007498 0.011614 0.560261 0.001376 0.000583 0.417506 0.000235
0.000868 0.035120 0.013004 0.502154 0.001814 0.001842 0.445095 0.000103
0.000206 0.863569 0.096186 0.015302 0.000474 0.000036 0.023971 0.000256
0.002898 0.004806 0.004742 0.006206 0.938828 0.000275 0.000367 0.041877
0.001428 0.009450 0.004772 0.547233 0.000249 0.000016 0.436851 0.000002
0.053016 0.563576 0.169252 0.164639 0.000911 0.003173 0.045182 0.000250
0.000813 0.005543 0.003677 0.001686 0.006151 0.000075 0.000000 0.982054
0.012884 0.082150 0.858041 0.001792 0.010981 0.002025 0.028144 0.003983
0.000000 0.043667 0.041017 0.008077 0.005246 0.831515 0.060856 0.009622
0.047159 0.008250 0.007885 0.272114 0.002913 0.000104 0.661553 0.000021
0.000674 0.804023 0.164404 0.023653 0.002613 0.003233 0.000322 0.001079
0.004178 0.006514 0.021981 0.014111 0.871305 0.004839 0.000912 0.076159
0.000100 0.727956 0.247278 0.005113 0.000124 0.002878 0.016256 0.000294
0.188595 0.228103 0.233641 0.158198 0.000444 0.045204 0.139989 0.005825
0.000420 0.033839 0.025499 0.911120 0.001113 0.000000 0.027317 0.000691
0.837211 0.037505 0.018230 0.005259 0.012075 0.026887 0.049971 0.012863
0.905636 0.028116 0.001213 0.011868 0.029985 0.000529 0.000833 0.021821
0.013964 0.006250 0.010840 0.032794 0.005084 0.893690 0.032015 0.005364
0.000178 0.863670 0.096211 0.015305 0.000467 0.000034 0.023894 0.000241
0.018265 0.792737 0.087768 0.013132 0.005167 0.000662 0.072288 0.009980
0.000417 0.024827 0.020935 0.827455 0.000420 0.002345 0.121894 0.001707
0.064008 0.032201 0.026814 0.195012 0.030273 0.012394 0.637949 0.001349
0.013824 0.050173 0.042765 0.127274 0.759553 0.000004 0.006289 0.000118
0.001736 0.004408 0.015444 0.910712 0.002112 0.001332 0.062871 0.001384
0.000416 0.024828 0.020935 0.827465 0.000420 0.002344 0.121887 0.001705
0.000722 0.025592 0.012344 0.924366 0.002203 0.003035 0.031451 0.000288
0.053119 0.004755 0.011200 0.248980 0.012628 0.005391 0.659422 0.004505
0.819788 0.028323 0.120695 0.004910 0.021102 0.000700 0.000451 0.004031
0.856489 0.023635 0.055019 0.006766 0.000753 0.029037 0.021919 0.006381
0.000677 0.009528 0.004795 0.553104 0.000220 0.000014 0.431661 0.000001
0.002466 0.004399 0.005233 0.003563 0.968642 0.000116 0.000222 0.015359
0.000535 0.003805 0.001792 0.001730 0.003159 0.000073 0.000000 0.988905
0.000270 0.191002 0.043348 0.030792 0.000393 0.719701 0.012823 0.001671
0.000100 0.727958 0.247278 0.005113 0.000124 0.002877 0.016256 0.000294
0.001030 0.053800 0.024722 0.151035 0.721105 0.000473 0.002511 0.045324
0.000313 0.175225 0.768136 0.010394 0.001221 0.000721 0.043254 0.000736
0.001867 0.452691 0.451492 0.023264 0.010958 0.044650 0.011253 0.003826
0.001394 0.370674 0.068191 0.105254 0.038830 0.412636 0.000000 0.003021
0.000828 0.007507 0.011629 0.560958 0.001362 0.000571 0.416921 0.000224
0.000715 0.004765 0.002957 0.001601 0.005082 0.000074 0.000000 0.984806
0.000141 0.089319 0.028521 0.055452 0.005662 0.000132 0.000000 0.820773
0.023656 0.001431 0.091129 0.021085 0.177686 0.000000 0.031385 0.653628
0.000822 0.715272 0.254481 0.004893 0.000254 0.005654 0.017706 0.000919
0.007754 0.032458 0.012302 0.455781 0.003575 0.004294 0.483428 0.000408
0.060583 0.348889 0.238594 0.187921 0.028953 0.029672 0.103928 0.001460
0.004172 0.032574 0.016568 0.002243 0.001230 0.935422 0.003475 0.004316
0.034634 0.043693 0.048054 0.079580 0.373059 0.008123 0.264663 0.148195
0.000842 0.007506 0.011627 0.560859 0.001364 0.000572 0.417004 0.000226
0.000829 0.007507 0.011629 0.560952 0.001362 0.000571 0.416926 0.000225
0.840443 0.038102 0.057408 0.008981 0.006459 0.022771 0.005542 0.020293
0.009497 0.021425 0.029528 0.015669 0.697845 0.000000 0.007087 0.218949
0.086634 0.049453 0.056770 0.543499 0.020149 0.051089 0.179194 0.013212
0.001202 0.034979 0.012959 0.499835 0.001893 0.001967 0.447046 0.000119
0.061141 0.040683 0.032858 0.626765 0.011452 0.048227 0.166215 0.012660
0.004382 0.077408 0.075065 0.013431 0.023555 0.783842 0.017266 0.005051
0.906599 0.030123 0.001643 0.009173 0.037026 0.000364 0.000662 0.014410
0.000841 0.023077 0.009228 0.633933 0.000547 0.000433 0.331635 0.000306
0.000314 0.014861 0.113770 0.292493 0.238667 0.023143 0.274716 0.042035
0.006237 0.547970 0.302826 0.012036 0.007052 0.045263 0.016159 0.062457
0.000488 0.023164 0.009241 0.637318 0.000503 0.000390 0.328650 0.000245
0.046551 0.029543 0.049286 0.515880 0.008508 0.028572 0.278786 0.042874
0.000244 0.139029 0.101666 0.337048 0.021963 0.008937 0.012719 0.378395
0.014847 0.012939 0.013599 0.042487 0.191596 0.005454 0.000084 0.718993
0.000182 0.863657 0.096206 0.015305 0.000468 0.000035 0.023905 0.000243
0.010218 0.432258 0.484262 0.003042 0.016098 0.020859 0.008971 0.024291
0.661872 0.169781 0.004475 0.110815 0.028283 0.000634 0.002611 0.021530
0.000294 0.202300 0.118064 0.152450 0.001796 0.385105 0.138678 0.001312
0.205617 0.426377 0.126512 0.090797 0.003411 0.062675 0.065912 0.018699
0.000865 0.007504 0.011624 0.560698 0.001367 0.000575 0.417138 0.000229
0.000363 0.763324 0.184803 0.014910 0.021692 0.008683 0.003348 0.002877
0.851174 0.022628 0.047370 0.007865 0.000675 0.036871 0.025047 0.008372
0.007604 0.490880 0.231321 0.005203 0.190667 0.045628 0.004111 0.024585
0.000254 0.063292 0.021662 0.853733 0.001049 0.005315 0.054648 0.000045
0.143622 0.346994 0.078182 0.106192 0.006735 0.032993 0.276524 0.008757
0.000668 0.008662 0.004039 0.004164 0.004896 0.000077 0.000000 0.977493
0.000992 0.006941 0.004984 0.001828 0.008100 0.000077 0.000000 0.977078
0.000548 0.013393 0.025229 0.864214 0.000434 0.004750 0.090682 0.000748
0.000479 0.023168 0.009243 0.637416 0.000502 0.000389 0.328559 0.000243
0.001031 0.007489 0.011599 0.559532 0.001391 0.000595 0.418115 0.000247
0.000708 0.024766 0.020878 0.825003 0.000449 0.002638 0.123375 0.002184
0.090193 0.372582 0.083813 0.114179 0.006682 0.031842 0.293181 0.007529
0.000719 0.100553 0.029034 0.785536 0.004020 0.015981 0.062554 0.001602
0.001216 0.033852 0.025610 0.908101 0.001408 0.000000 0.028564 0.001249
0.000468 0.002827 0.001150 0.001401 0.002394 0.000072 -0.000000 0.991687
0.000954 0.173681 0.767021 0.010253 0.001525 0.000941 0.044386 0.001239
0.814571 0.033520 0.012118 0.006882 0.009067 0.040176 0.063570 0.020096
0.005002 0.064018 0.024210 0.813308 0.003807 0.018910 0.070445 0.000301
0.002636 0.004557 0.005037 0.004600 0.956880 0.000179 0.000279 0.025831
0.040772 0.024623 0.034325 0.531079 0.006388 0.031510 0.282976 0.048327
0.000598 0.100653 0.029062 0.786460 0.003943 0.015441 0.062360 0.001485
0.868970 0.068156 0.023335 0.007475 0.023554 0.001242 0.000000 0.007268
0.001752 0.013910 0.010195 0.007088 0.001908 0.919459 0.004934 0.040755
0.000497 0.628212 0.326342 0.012710 0.000192 0.000021 0.031905 0.000120
0.828955 0.036038 0.015988 0.005852 0.010970 0.031747 0.054942 0.015508
0.805003 0.019491 0.138010 0.008649 0.000970 0.000000 0.023448 0.004430
0.003059 0.007266 0.005373 0.014293 0.911998 0.000374 0.000547 0.057091
0.001303 0.023003 0.009253 0.629848 0.000614 0.000482 0.335125 0.000373
0.000868 0.627457 0.326183 0.012680 0.000210 0.000025 0.032419 0.000158
0.825952 0.018639 0.105419 0.011570 0.000809 0.000000 0.030545 0.007065
0.014799 0.478401 0.304431 0.163698 0.020476 0.001844 0.012988 0.003363
0.003218 0.024161 0.010717 0.002094 0.000836 0.951276 0.003159 0.004540
0.565723 0.153364 0.083158 0.018025 0.007707 0.096908 0.039863 0.035253
0.073201 0.155275 0.492776 0.159532 0.000423 0.000000 0.116467 0.002326
0.007896 0.051527 0.083761 0.025020 0.478353 0.002724 0.014934 0.335785
0.000830 0.859976 0.097812 0.015059 0.000704 0.000051 0.025068 0.000501
0.000483 0.004119 0.001653 0.002128 0.002649 0.000073 0.000000 0.988894
0.674093 0.042873 0.117246 0.019993 0.061206 0.056625 0.004591 0.023373
0.000652 0.156373 0.035718 0.025097 0.000399 0.768649 0.010845 0.002267
0.282529 0.372468 0.275642 0.031533 0.005053 0.003516 0.028967 0.000290
0.492107 0.144510 0.279848 0.061318 0.013355 0.001203 0.001765 0.005894
0.001028 0.004412 0.015409 0.913345 0.001877 0.001153 0.061719 0.001059
0.000332 0.033838 0.025488 0.911455 0.001081 0.000000 0.027178 0.000629
0.000230 0.669057 0.281452 0.017498 0.001235 0.010022 0.013209 0.007296
0.002678 0.479949 0.380353 0.022326 0.000000 0.001880 0.111442 0.001372
0.000198 0.247732 0.257995 0.233600 0.001576 0.000011 0.253717 0.005171
0.014662 0.016166 0.027987 0.014323 0.924908 0.000002 0.001906 0.000046
0.022718 0.208563 0.401190 0.056724 0.106408 0.101973 0.102387 0.000037
0.000317 0.175222 0.768118 0.010393 0.001222 0.000723 0.043264 0.000739
0.000511 0.023156 0.009238 0.637075 0.000505 0.000394 0.328871 0.000250
0.030643 0.081252 0.053452 0.598430 0.022430 0.073041 0.139458 0.001294
0.004839 0.004437 0.016102 0.899660 0.003431 0.001950 0.067101 0.002481
0.008130 0.011771 0.002580 0.004784 0.004453 0.965175 0.000497 0.002610
0.007202 0.038863 0.006410 0.020978 0.004901 0.918527 0.000909 0.002210
0.001343 0.010008 0.005744 0.006619 0.001195 0.928350 0.004531 0.042211
0.847047 0.021874 0.041551 0.008712 0.000615 0.042861 0.027446 0.009894
0.000732 0.004901 0.003084 0.001616 0.005272 0.000075 0.000000 0.984320
0.000365 0.180488 0.040952 0.029087 0.000387 0.734643 0.012226 0.001853
0.001066 0.040672 0.022059 0.792013 0.005614 0.000116 0.133400 0.005061
0.000631 0.005176 0.016085 0.938146 0.000424 0.000121 0.038953 0.000465
0.000810 0.005513 0.003654 0.001679 0.006120 0.000075 0.000000 0.982147
0.000998 0.009489 0.004778 0.550476 0.000231 0.000015 0.434011 0.000002
0.861038 0.024515 0.061656 0.005818 0.000821 0.022270 0.019220 0.004661
0.002803 0.004713 0.004848 0.005614 0.945389 0.000240 0.000335 0.036059
0.010622 0.050634 0.042290 0.206604 0.197138 0.004384 0.000161 0.488167
0.003654 0.006163 0.025174 0.007874 0.931835 0.001799 0.000541 0.022960
0.000341 0.575362 0.407602 0.012814 0.000749 0.002664 0.000253 0.000215
0.000255 0.063292 0.021662 0.853724 0.001050 0.005319 0.054652 0.000046
0.218173 0.312451 0.070993 0.095186 0.007045 0.033523 0.252763 0.009866
0.906865 0.030601 0.001750 0.008485 0.038790 0.000323 0.000619 0.012569
0.000789 0.803755 0.164351 0.023641 0.002658 0.003331 0.000323 0.001152
0.000852 0.050347 0.048349 0.849358 0.001547 0.002196 0.046157 0.001194
0.031924 0.025430 0.012537 0.055295 0.542909 0.000000 0.229451 0.102454
0.000749 0.005030 0.003204 0.001629 0.005450 0.000075 0.000000 0.983863
0.001433 0.007459 0.011562 0.556874 0.001460 0.000639 0.420286 0.000286
0.000183 0.863655 0.096205 0.015305 0.000468 0.000035 0.023907 0.000243
0.145567 0.345941 0.077907 0.105887 0.006713 0.033148 0.275971 0.008866
0.021593 0.594428 0.074534 0.264541 0.029896 0.014828 0.000000 0.000180
0.002440 0.480232 0.380546 0.022342 0.000000 0.001847 0.111273 0.001320
0.103745 0.255242 0.260341 0.177487 0.000439 0.043856 0.154016 0.004875
0.000000 0.033744 0.026806 0.007760 0.003671 0.860264 0.057546 0.010209
0.042051 0.025812 0.037904 0.528276 0.006883 0.030712 0.281492 0.046869
0.017513 0.014810 0.020946 0.035996 0.278826 0.004849 0.000080 0.626981
0.259051 0.204866 0.209065 0.142150 0.000428 0.048374 0.128920 0.007146
0.012436 0.416702 0.331420 0.014791 0.124031 0.063089 0.010698 0.026834
0.000415 0.723172 0.249423 0.005033 0.000177 0.004201 0.016987 0.000592
0.000631 0.005176 0.016085 0.938146 0.000424 0.000121 0.038953 0.000465
0.000479 0.023168 0.009243 0.637412 0.000502 0.000389 0.328564 0.000243
0.201124 0.439606 0.011034 0.295841 0.031292 0.000690 0.005831 0.014582
0.843533 0.023302 0.043700 0.009525 0.000624 0.041916 0.027775 0.009624
0.006191 0.092470 0.070558 0.114261 0.464448 0.000000 0.018253 0.233819
0.003161 0.009370 0.004848 0.535986 0.000342 0.000020 0.446270 0.000003
0.000712 0.004753 0.002941 0.001604 0.005055 0.000074 -0.000000 0.984861
0.090421 0.009558 0.038042 0.213750 0.034813 0.003076 0.608165 0.002177
0.830760 0.018761 0.095581 0.012997 0.000754 0.000000 0.033204 0.007942
0.000216 0.767656 0.184903 0.015043 0.019087 0.007566 0.003305 0.002223
0.002005 0.633271 0.287867 0.015875 0.002957 0.020405 0.014070 0.023552
0.000265 0.136739 0.099985 0.331475 0.021822 0.008959 0.012537 0.388218
0.001220 0.022980 0.009209 0.630267 0.000592 0.000480 0.334878 0.000372
0.000505 0.023159 0.009239 0.637145 0.000505 0.000393 0.328806 0.000248
0.001106 0.458186 0.456600 0.023587 0.009700 0.037005 0.011062 0.002754
0.001188 0.006017 0.147829 0.302800 0.037073 0.000000 0.116278 0.388816
0.308835 0.365320 0.197664 0.060992 0.004045 0.010191 0.051939 0.001014
0.776522 0.125867 0.020144 0.038553 0.013897 0.003359 0.000000 0.021657
0.000282 0.726425 0.246881 0.005092 0.000148 0.003826 0.016840 0.000507
0.014188 0.015871 0.028369 0.012590 0.927247 0.000001 0.001700 0.000034
0.859387 0.024194 0.059239 0.006163 0.000797 0.024732 0.020202 0.005287
0.003848 0.025685 0.012696 0.915076 0.003559 0.004856 0.033615 0.000665
0.000575 0.574022 0.408224 0.012752 0.000841 0.003050 0.000257 0.000278
0.316667 0.362477 0.178247 0.067942 0.003808 0.011904 0.057755 0.001200
0.002285 0.007417 0.011568 0.551827 0.001652 0.000714 0.424185 0.000353
0.010159 0.015058 0.004023 0.004872 0.006513 0.956315 0.000529 0.002532
0.864382 0.042449 0.025722 0.003297 0.015772 0.010774 0.033514 0.004091
0.000000 0.046026 0.024103 0.015279 0.002280 0.835948 0.066563 0.009802
0.861936 0.024690 0.062976 0.005630 0.000835 0.020927 0.018685 0.004320
0.012201 0.180174 0.472031 0.054409 0.022731 0.000037 0.225836 0.032580
0.000169 0.589011 0.360072 0.026286 0.012932 0.005163 0.005339 0.001028
0.003159 0.099534 0.029371 0.767973 0.006191 0.024557 0.065778 0.003437
0.000549 0.662919 0.304236 0.009901 0.000845 0.000000 0.020466 0.001085
0.000605 0.003900 0.002151 0.001512 0.003882 0.000074 0.000000 0.987877
0.000893 0.007501 0.011619 0.560497 0.001371 0.000579 0.417308 0.000232
0.000707 0.023083 0.009204 0.634984 0.000523 0.000423 0.330786 0.000291
0.000638 0.004419 0.015452 0.914851 0.001783 0.001032 0.060984 0.000840
0.000097 0.727974 0.247291 0.005113 0.000123 0.002863 0.016247 0.000291
0.001004 0.384209 0.070553 0.109239 0.037688 0.394637 0.000000 0.002669
0.000097 0.727977 0.247296 0.005113 0.000123 0.002859 0.016245 0.000290
0.001916 0.015510 0.011996 0.007307 0.002195 0.915805 0.005101 0.040170
0.742742 0.033008 0.153610 0.026195 0.000808 0.000000 0.037711 0.005926
0.071096 0.155642 0.493971 0.159910 0.000423 0.000000 0.116658 0.002300
0.832139 0.036602 0.016851 0.005624 0.011395 0.029874 0.053026 0.014489
0.004032 0.031324 0.015708 0.002218 0.001173 0.937768 0.003428 0.004349
0.000526 0.062540 0.028553 0.176279 0.693285 0.000447 0.002843 0.035527
0.053421 0.025287 0.017435 0.206615 0.021182 0.014828 0.659547 0.001685
0.001687 0.038147 0.018230 0.105010 0.786467 0.000433 0.001845 0.048181
0.218446 0.218423 0.223795 0.151407 0.000442 0.046064 0.135163 0.006260
0.013762 0.782296 0.135686 0.009880 0.005593 0.000370 0.046996 0.005417
0.847357 0.021917 0.041941 0.008648 0.000619 0.042451 0.027277 0.009790
0.008390 0.013581 0.028789 0.820694 0.001498 0.013529 0.109823 0.003695
0.000126 0.770080 0.185201 0.015110 0.017655 0.006788 0.003272 0.001768
0.000665 0.005563 0.002991 0.002284 0.004634 0.000075 0.000000 0.983788
0.000144 0.727426 0.247401 0.005105 0.000130 0.003081 0.016375 0.000340
0.313800 0.269519 0.062565 0.081234 0.007722 0.032923 0.221667 0.010569
0.869536 0.067175 0.022202 0.008139 0.022684 0.001454 0.000000 0.008810
0.003269 0.005149 0.004328 0.008428 0.913515 0.000409 0.000490 0.064413
0.049617 0.619753 0.238362 0.010444 0.033318 0.028338 0.000516 0.019653
0.864507 0.025197 0.066774 0.005091 0.000874 0.017069 0.017149 0.003339
0.107329 0.009908 0.072659 0.675476 0.015408 0.001473 0.106717 0.011031
0.000862 0.035125 0.013008 0.502210 0.001814 0.001838 0.445040 0.000103
0.000596 0.100654 0.029062 0.786474 0.003942 0.015431 0.062356 0.001483
0.002846 0.041135 0.013774 0.005093 0.000764 0.927997 0.004149 0.004243
0.063619 0.436768 0.168052 0.166738 0.029016 0.000414 0.116247 0.019145
0.032612 0.140615 0.054060 0.033206 0.023899 0.579642 0.078584 0.057381
0.001738 0.033101 0.021454 0.864876 0.002892 0.014301 0.059704 0.001934
0.000480 0.023168 0.009243 0.637410 0.000502 0.000389 0.328565 0.000243
0.000715 0.005498 0.003204 0.002047 0.005142 0.000075 -0.000000 0.983319
0.001413 0.013332 0.025129 0.858755 0.000511 0.006166 0.093460 0.001234
0.000835 0.005174 0.016077 0.937622 0.000437 0.000128 0.039202 0.000525
0.007836 0.441300 0.469662 0.052223 0.000347 0.000154 0.027763 0.000714
0.002534 0.034607 0.012960 0.491630 0.002317 0.002360 0.453425 0.000167
0.000329 0.033839 0.025489 0.911465 0.001080 0.000000 0.027173 0.000626
0.024884 0.424747 0.470181 0.049190 0.000573 0.000237 0.028762 0.001425
0.295768 0.368750 0.237563 0.045733 0.004564 0.006786 0.040190 0.000645
0.000682 0.004418 0.015448 0.914680 0.001795 0.001046 0.061066 0.000865
0.003680 0.032812 0.021423 0.852281 0.003807 0.020005 0.062751 0.003241
0.003056 0.005251 0.004670 0.008074 0.925986 0.000337 0.000436 0.052190
0.866587 0.024262 0.082286 0.015730 0.000721 0.003204 0.000865 0.006346
0.906181 0.028948 0.001403 0.010626 0.033116 0.000455 0.000756 0.018515
0.000721 0.009522 0.004791 0.552736 0.000221 0.000014 0.431994 0.000001
0.000096 0.727979 0.247299 0.005113 0.000123 0.002857 0.016243 0.000289
0.000516 0.462399 0.460730 0.023831 0.008751 0.030959 0.010907 0.001907
0.000384 0.862769 0.096291 0.015261 0.000527 0.000041 0.024384 0.000343
0.000102 0.727941 0.247265 0.005113 0.000124 0.002892 0.016265 0.000297
0.091516 0.117345 0.451708 0.017051 0.000000 0.002469 0.313583 0.006328
0.000197 0.863605 0.096191 0.015303 0.000471 0.000035 0.023946 0.000251
0.104688 0.326961 0.226790 0.174841 0.033523 0.032210 0.099211 0.001776
0.282323 0.213262 0.391554 0.093051 0.011150 0.001203 0.002430 0.005028
0.000653 0.009532 0.004796 0.553317 0.000219 0.000014 0.431468 0.000001
0.000380 0.091519 0.034832 0.085587 0.000950 0.749056 0.017004 0.020673
0.391346 0.149800 0.279124 0.168533 0.000494 0.003194 0.002828 0.004681
0.000216 0.863526 0.096191 0.015300 0.000477 0.000036 0.023993 0.000261
0.000666 0.804039 0.164410 0.023654 0.002610 0.003225 0.000322 0.001074
0.008507 0.049585 0.048108 0.826212 0.003072 0.005585 0.053654 0.005277
0.000465 0.351310 0.327154 0.192256 0.010524 0.019803 0.098485 0.000004
0.000180 0.863663 0.096208 0.015305 0.000467 0.000035 0.023900 0.000242
0.000223 0.669211 0.281426 0.017505 0.001228 0.009977 0.013205 0.007226
0.000694 0.033304 0.021570 0.871831 0.002453 0.011001 0.057971 0.001176
0.002501 0.017591 0.006246 0.001947 0.000538 0.963551 0.002910 0.004716
0.022549 0.020690 0.037091 0.032733 0.450718 0.003607 0.000075 0.432537
0.000542 0.013394 0.025232 0.864254 0.000434 0.004739 0.090661 0.000744
0.004285 0.009176 0.023608 0.030406 0.822697 0.006445 0.001301 0.102081
0.011555 0.434357 0.351819 0.006270 0.013136 0.067876 0.017152 0.097837
0.851799 0.027072 0.087495 0.007251 0.016990 0.001226 0.000639 0.007528
0.001548 0.011999 0.007991 0.006885 0.001553 0.923820 0.004738 0.041467
0.000584 0.033326 0.021582 0.872568 0.002407 0.010650 0.057787 0.001095
0.000804 0.023081 0.009223 0.634236 0.000540 0.000430 0.331385 0.000301
0.000500 0.013397 0.025240 0.864523 0.000430 0.004667 0.090522 0.000720
0.005391 0.032433 0.042933 0.026561 0.264106 0.004148 0.014960 0.609468
0.330148 0.166462 0.302031 0.189610 0.000444 0.003361 0.003121 0.004822
0.000831 0.035136 0.013010 0.502412 0.001806 0.001828 0.444875 0.000101
0.000221 0.575854 0.407499 0.012838 0.000706 0.002451 0.000251 0.000180
0.000256 0.063291 0.021661 0.853715 0.001050 0.005324 0.054657 0.000046
0.003101 0.023134 0.009999 0.002077 0.000787 0.953213 0.003121 0.004567
0.001036 0.024728 0.020895 0.822407 0.000488 0.002924 0.124876 0.002646
0.115152 0.583901 0.079293 0.200628 0.010542 0.002391 0.000000 0.008093
0.000668 0.804036 0.164409 0.023654 0.002611 0.003227 0.000322 0.001075
0.000377 0.033839 0.025493 0.911286 0.001097 0.000000 0.027248 0.000660
0.000779 0.005269 0.003427 0.001654 0.005781 0.000075 0.000000 0.983015
0.000188 0.768599 0.184824 0.015075 0.018509 0.007387 0.003300 0.002118
0.000483 0.574348 0.408205 0.012768 0.000809 0.002882 0.000255 0.000251
0.000741 0.009521 0.004791 0.552584 0.000222 0.000014 0.432127 0.000001
0.016047 0.477649 0.303923 0.163434 0.020608 0.001871 0.012991 0.003477
0.837649 0.021754 0.033817 0.010701 0.000526 0.051825 0.031579 0.012149
0.000914 0.127785 0.017453 0.077075 0.003273 0.770211 0.002295 0.000994
0.539743 0.179013 0.058552 0.022954 0.182122 0.017252 0.000000 0.000365
0.000417 0.628367 0.326385 0.012716 0.000188 0.000021 0.031794 0.000112
0.057819 0.032169 0.032030 0.290036 0.013739 0.002699 0.568357 0.003152
0.002933 0.043964 0.027586 0.838223 0.001476 0.005455 0.079458 0.000904
0.001156 0.055213 0.084118 0.340681 0.003549 0.420365 0.093746 0.001173
0.018860 0.016385 0.025274 0.035112 0.324970 0.004515 0.000078 0.574806
0.827282 0.038229 0.016960 0.006266 0.011248 0.030419 0.054853 0.014743
0.002230 0.005187 0.016289 0.934089 0.000563 0.000166 0.040630 0.000846
0.000706 0.009524 0.004792 0.552859 0.000221 0.000014 0.431882 0.000001
0.001983 0.654619 0.309043 0.009627 0.001316 0.000000 0.021325 0.002087
0.003055 0.225369 0.264113 0.198843 0.004996 0.000029 0.278829 0.024766
0.120211 0.517484 0.067216 0.225778 0.046871 0.022041 0.000000 0.000398
0.171234 0.138020 0.438281 0.141570 0.000441 0.000000 0.107045 0.003409
0.357787 0.245116 0.056025 0.074264 0.007099 0.036972 0.209412 0.013325
0.826089 0.018651 0.105076 0.011631 0.000807 0.000000 0.030648 0.007097
0.000529 0.024808 0.020923 0.826535 0.000432 0.002452 0.122441 0.001880
0.417691 0.093131 0.312492 0.092792 0.000574 0.000000 0.078474 0.004846
0.008337 0.011888 0.002693 0.004669 0.004652 0.964658 0.000497 0.002605
0.011860 0.077872 0.871789 0.001391 0.010899 0.001353 0.022357 0.002478
0.002373 0.024610 0.021058 0.812005 0.000659 0.004040 0.130808 0.004447
0.000479 0.023168 0.009243 0.637417 0.000502 0.000389 0.328559 0.000243
0.019964 0.017041 0.006979 0.439965 0.002518 0.003062 0.506443 0.004026
0.000834 0.007507 0.011628 0.560912 0.001363 0.000571 0.416960 0.000225
0.809134 0.019322 0.131599 0.009222 0.000938 0.000000 0.024839 0.004947
0.000417 0.024827 0.020935 0.827452 0.000420 0.002345 0.121895 0.001707
0.003225 0.005107 0.004377 0.008161 0.916531 0.000393 0.000476 0.061730
0.025893 0.196533 0.265867 0.127394 0.016674 0.247008 0.019662 0.100970
0.000226 0.767740 0.184575 0.015055 0.019002 0.007753 0.003317 0.002332
0.000272 0.863267 0.096232 0.015286 0.000494 0.000038 0.024123 0.000288
0.002787 0.004697 0.004867 0.005512 0.946540 0.000234 0.000330 0.035034
0.106039 0.266493 0.542496 0.003734 0.000000 0.004248 0.071652 0.005339
0.000808 0.005495 0.003638 0.001677 0.006096 0.000075 0.000000 0.982211
0.008375 0.012017 0.002731 0.004709 0.004694 0.964373 0.000499 0.002603
0.005183 0.518894 0.452912 0.010233 0.003238 0.008137 0.000288 0.001115
0.000000 0.047674 0.038596 0.011071 0.004538 0.824444 0.064165 0.009511
0.034757 0.430561 0.384912 0.018714 0.000000 0.004817 0.120200 0.006039
0.859287 0.053969 0.001647 0.031633 0.026728 0.000618 0.001240 0.024878
0.018654 0.019299 0.025088 0.030970 0.902115 0.000005 0.003721 0.000147
0.000590 0.161437 0.036811 0.025937 0.000396 0.761514 0.011135 0.002180
0.000261 0.137123 0.100268 0.332407 0.021850 0.008955 0.012567 0.386567
0.000842 0.005175 0.016090 0.937606 0.000439 0.000128 0.039198 0.000523
0.021140 0.019047 0.032583 0.033635 0.402787 0.003952 0.000076 0.486780
0.014140 0.748405 0.187267 0.005772 0.007474 0.000232 0.033469 0.003241
0.000510 0.003154 0.001455 0.001435 0.002847 0.000073 -0.000000 0.990526
0.806043 0.034743 0.011380 0.007814 0.008486 0.042650 0.067489 0.021395
0.002006 0.800599 0.164247 0.023476 0.003190 0.004287 0.000333 0.001862
0.568303 0.156799 0.088613 0.017320 0.008062 0.090125 0.038288 0.032492
0.000836 0.007507 0.011628 0.560898 0.001363 0.000572 0.416972 0.000225
0.000493 0.013398 0.025242 0.864574 0.000430 0.004653 0.090495 0.000715
0.000487 0.184262 0.113534 0.326243 0.088225 0.002980 0.050218 0.234052
0.000753 0.033864 0.025600 0.909817 0.001248 0.000000 0.027811 0.000907
0.000327 0.862924 0.096418 0.015261 0.000515 0.000039 0.024208 0.000308
0.000540 0.492223 0.351880 0.121834 0.001763 0.002396 0.025857 0.003506
0.559656 0.169747 0.043977 0.037396 0.148750 0.039501 0.000000 0.000974
0.001219 0.005175 0.016112 0.936646 0.000469 0.000139 0.039619 0.000621
0.000339 0.862956 0.096291 0.015269 0.000514 0.000040 0.024272 0.000319
0.583163 0.170003 0.113078 0.013473 0.009717 0.059578 0.030900 0.020087
0.858364 0.027396 0.080913 0.021123 0.000675 0.003535 0.000978 0.007016
0.000635 0.005176 0.016084 0.938135 0.000424 0.000121 0.038959 0.000466
0.002697 0.434989 0.158169 0.317649 0.022720 0.008879 0.048727 0.006171
0.011695 0.017802 0.005155 0.005086 0.008084 0.949149 0.000557 0.002471
0.061249 0.037401 0.046913 0.529408 0.045129 0.125729 0.127438 0.026734
0.069676 0.006895 0.023206 0.232919 0.022535 0.004335 0.636987 0.003446
0.001211 0.112111 0.069171 0.327496 0.070014 0.002543 0.394555 0.022899
0.000125 0.770086 0.185203 0.015110 0.017651 0.006785 0.003272 0.001767
0.862070 0.024717 0.063178 0.005602 0.000837 0.020723 0.018604 0.004268
0.000916 0.127757 0.017449 0.077058 0.003273 0.770259 0.002294 0.000994
0.001703 0.200616 0.143755 0.182241 0.001435 0.037854 0.431447 0.000949
0.830709 0.019039 0.019215 0.012019 0.000387 0.066067 0.036774 0.015790
0.001670 0.041289 0.019367 0.114614 0.766192 0.000481 0.002011 0.054376
0.204580 0.237005 0.435982 0.103462 0.011171 0.001104 0.002622 0.004074
0.857715 0.024878 0.094527 0.013652 0.000792 0.002612 0.000760 0.005064
0.783681 0.020376 0.170975 0.005719 0.001133 0.000000 0.016332 0.001784
0.000772 0.349526 0.326055 0.191021 0.011360 0.021983 0.099279 0.000005
0.011996 0.354513 0.612520 0.002771 0.008482 0.008345 0.000205 0.001168
0.000652 0.009532 0.004796 0.553320 0.000219 0.000014 0.431465 0.000001
0.000842 0.349121 0.325799 0.190742 0.011549 0.022481 0.099462 0.000005
0.000873 0.033262 0.021535 0.870612 0.002520 0.011602 0.058282 0.001314
0.001584 0.063603 0.022505 0.842452 0.001853 0.008958 0.058931 0.000114
0.000148 0.086957 0.027763 0.053985 0.005547 0.000130 0.000000 0.825470
0.000573 0.013392 0.025231 0.864065 0.000437 0.004786 0.090755 0.000761
0.001616 0.114288 0.015666 0.068771 0.003290 0.793105 0.002086 0.001177
0.905379 0.028031 0.001176 0.012179 0.029350 0.000544 0.000850 0.022492
0.000097 0.727976 0.247295 0.005113 0.000123 0.002861 0.016245 0.000290
0.001418 0.010281 0.008094 0.002178 0.012730 0.000080 0.000000 0.965218
0.001344 0.025592 0.012383 0.922511 0.002445 0.003436 0.031916 0.000371
0.783232 0.020395 0.171666 0.005658 0.001136 0.000000 0.016183 0.001729
0.846938 0.027175 0.092694 0.006828 0.017655 0.001141 0.000608 0.006963
0.037701 0.015343 0.048321 0.666239 0.005986 0.040733 0.172988 0.012690
0.003642 0.006155 0.025246 0.007735 0.933183 0.001731 0.000533 0.021774
0.000463 0.007360 0.002643 0.004184 0.002689 0.000075 0.000000 0.982586
0.000592 0.003821 0.002064 0.001514 0.003744 0.000073 0.000000 0.988191
0.848282 0.025540 0.107501 0.011461 0.000867 0.001987 0.000650 0.003711
0.007068 0.504385 0.233761 0.005541 0.182836 0.040769 0.003893 0.021745
0.123383 0.347639 0.274757 0.222108 0.001902 0.006283 0.005779 0.018148
0.002103 0.033269 0.021901 0.863383 0.003307 0.014285 0.059834 0.001918
0.859140 0.024779 0.092563 0.013985 0.000780 0.002707 0.000777 0.005269
0.023798 0.232775 0.506413 0.005385 0.079843 0.126885 0.009129 0.015773
0.004016 0.795850 0.163436 0.023260 0.003992 0.005978 0.000350 0.003118
0.003126 0.539707 0.437243 0.011185 0.002244 0.005539 0.000268 0.000689
0.003676 0.009278 0.004784 0.531099 0.000352 0.000022 0.450786 0.000003
0.000578 0.033328 0.021584 0.872609 0.002405 0.010630 0.057777 0.001090
0.040109 0.020132 0.014906 0.317159 0.007148 0.003889 0.591586 0.005071
0.841550 0.020856 0.033783 0.009832 0.000536 0.050869 0.030645 0.011929
0.000910 0.127900 0.017469 0.077144 0.003274 0.770013 0.002297 0.000992
0.000644 0.174571 0.767312 0.010334 0.001369 0.000841 0.043920 0.001009
0.016112 0.023943 0.027124 0.077678 0.268825 0.004661 0.000099 0.581558
0.000000 0.040765 0.036778 0.008014 0.004771 0.839971 0.059906 0.009794
0.000597 0.100653 0.029062 0.786466 0.003942 0.015437 0.062358 0.001484
0.000338 0.063255 0.021647 0.853003 0.001084 0.005631 0.054991 0.000051
0.005137 0.004441 0.016179 0.898613 0.003565 0.002004 0.067485 0.002577
0.001930 0.106779 0.066659 0.186629 0.097517 0.004007 0.033733 0.502746
0.001839 0.050278 0.048426 0.846325 0.001762 0.002607 0.047075 0.001688
0.000414 0.024828 0.020936 0.827481 0.000420 0.002342 0.121877 0.001702
0.000454 0.002717 0.001047 0.001390 0.002241 0.000072 0.000000 0.992078
0.003068 0.050177 0.048465 0.842576 0.002019 0.003132 0.048243 0.002319
0.027231 0.440893 0.484423 0.004265 0.002354 0.000130 0.039275 0.001430
0.000925 0.127511 0.017415 0.076909 0.003271 0.770680 0.002291 0.000998
0.001165 0.007482 0.011597 0.558717 0.001419 0.000608 0.418755 0.000258
0.032197 0.024925 0.010754 0.062795 0.490273 0.000000 0.256527 0.122529
0.001206 0.090838 0.023892 0.347095 0.118740 0.000000 0.402350 0.015878
0.146202 0.213704 0.384963 0.244863 0.000417 0.002890 0.003771 0.003190
0.001177 0.004413 0.015438 0.912811 0.001939 0.001183 0.061926 0.001113
0.007583 0.490332 0.232372 0.005156 0.191113 0.045094 0.004076 0.024274
0.002845 0.004752 0.004801 0.005867 0.942519 0.000255 0.000349 0.038612
0.001784 0.009422 0.004772 0.544656 0.000265 0.000017 0.439083 0.000002
0.000494 0.013398 0.025242 0.864567 0.000430 0.004655 0.090499 0.000716
0.000597 0.100654 0.029062 0.786467 0.003942 0.015436 0.062358 0.001484
0.000580 0.398443 0.283731 0.283384 0.021622 0.000000 0.012239 0.000000
0.003174 0.445030 0.470697 0.052869 0.000293 0.000127 0.027326 0.000484
0.001287 0.009256 0.007140 0.002070 0.011309 0.000079 0.000000 0.968860
0.412136 0.157277 0.264795 0.014654 0.137984 0.002100 0.004555 0.006499
0.001450 0.108965 0.081136 0.474054 0.124303 0.003272 0.000289 0.206532
0.283595 0.197690 0.203657 0.136601 0.000449 0.046793 0.124303 0.006911
0.000130 0.769975 0.185166 0.015108 0.017715 0.006835 0.003275 0.001796
0.001187 0.025585 0.012361 0.922979 0.002372 0.003351 0.031812 0.000354
0.000876 0.035117 0.013003 0.502102 0.001816 0.001844 0.445138 0.000104
0.839359 0.027492 0.100522 0.006290 0.018617 0.001017 0.000564 0.006141
0.000263 0.137171 0.100322 0.332498 0.021896 0.008955 0.012571 0.386326
0.000125 0.770092 0.185206 0.015111 0.017648 0.006782 0.003272 0.001765
0.011924 0.018226 0.005326 0.005126 0.008319 0.948055 0.000562 0.002461
0.027535 0.421741 0.470902 0.048618 0.000613 0.000247 0.028828 0.001516
0.864241 0.025145 0.066386 0.005146 0.000870 0.017465 0.017307 0.003440
0.000946 0.126993 0.017344 0.076596 0.003265 0.771568 0.002283 0.001005
0.002611 0.043959 0.027504 0.839368 0.001410 0.005258 0.079040 0.000851
0.003220 0.005105 0.004382 0.008142 0.916797 0.000392 0.000474 0.061488
0.000150 0.113277 0.042751 0.106500 0.000924 0.700976 0.020338 0.015085
0.001205 0.033209 0.021522 0.868446 0.002672 0.012594 0.058810 0.001542
0.000448 0.024820 0.020927 0.827187 0.000423 0.002378 0.122057 0.001760
0.085993 0.032286 0.028640 0.671302 0.045132 0.044412 0.083486 0.008748
0.000247 0.152671 0.788330 0.004014 0.000094 0.000699 0.053281 0.000664
0.010622 0.433012 0.443638 0.004028 0.015184 0.035245 0.011471 0.046801
0.001366 0.009877 0.007718 0.002135 0.012170 0.000080 0.000000 0.966654
0.657032 0.046223 0.168057 0.012137 0.079062 0.025332 0.002953 0.009204
0.030166 0.391364 0.304547 0.252489 0.001443 0.004567 0.006131 0.009293
