0.862591 0.137247 0.000162
0.000346 0.000008 0.999647
0.003262 0.000012 0.996726
0.049815 0.011351 0.938835
0.351016 0.272795 0.376190
0.740661 0.259334 0.000005
0.035500 0.000322 0.964178
0.175746 0.157581 0.666674
0.043737 0.001443 0.954820
0.115962 0.232069 0.651969
0.131247 0.868753 0.000000
0.002147 0.000440 0.997413
0.774361 0.225638 0.000001
0.499983 0.500001 0.000016
0.007399 0.000603 0.991998
0.678822 0.321178 0.000000
0.009580 0.003561 0.986859
0.000018 0.000000 0.999982
0.110840 0.026723 0.862437
0.051547 0.948453 0.000000
0.000036 0.000000 0.999964
0.611117 0.388850 0.000032
0.019130 0.000839 0.980031
0.005171 0.000057 0.994773
0.662268 0.329018 0.008713
0.001481 0.000130 0.998389
0.589570 0.410392 0.000038
0.000183 0.000009 0.999807
0.002954 0.000119 0.996927
0.183217 0.087057 0.729726
0.693130 0.291428 0.015442
0.026940 0.000668 0.972392
0.004828 0.000737 0.994435
0.000000 0.000000 1.000000
0.147202 0.047684 0.805114
0.005560 0.000111 0.994329
0.001408 0.000175 0.998416
0.376705 0.058399 0.564897
0.595919 0.403684 0.000397
0.340342 0.659525 0.000133
0.887434 0.112566 0.000000
0.110143 0.010641 0.879215
0.877572 0.122284 0.000144
0.545591 0.454408 0.000001
0.232356 0.767643 0.000001
0.614246 0.084857 0.300897
0.644297 0.355703 0.000000
0.057746 0.014026 0.928229
0.001282 0.000091 0.998627
0.001347 0.000250 0.998403
0.004688 0.000143 0.995169
0.079696 0.920304 0.000000
0.814602 0.151805 0.033594
0.359583 0.621105 0.019312
0.943182 0.056818 0.000000
0.948805 0.043488 0.007707
0.008950 0.001443 0.989608
0.169157 0.830843 -0.000000
0.007265 0.000639 0.992095
0.349697 0.135337 0.514965
0.903000 0.096998 0.000002
0.341915 0.648811 0.009274
0.000941 0.000030 0.999029
0.034956 0.059518 0.905526
0.414946 0.585054 0.000000
0.155019 0.844981 0.000000
0.111678 0.006119 0.882203
0.648373 0.325465 0.026162
0.264484 0.647548 0.087968
0.000313 0.000011 0.999677
0.375896 0.624077 0.000027
0.018013 0.002409 0.979578
0.719081 0.279572 0.001347
0.000902 0.000060 0.999039
0.070195 0.027811 0.901994
0.253307 0.746222 0.000471
0.000271 0.000009 0.999720
0.000366 0.000016 0.999618
0.002927 0.000261 0.996812
0.009085 0.005076 0.985839
0.015103 0.009036 0.975861
0.348706 0.651294 0.000000
0.333454 0.288941 0.377606
0.002292 0.000110 0.997597
0.003927 0.000162 0.995910
0.001022 0.000090 0.998888
0.016163 0.003736 0.980101
0.448737 0.551263 0.000000
0.210512 0.070532 0.718957
0.003412 0.000229 0.996359
0.914839 0.085160 0.000001
0.003050 0.000092 0.996858
0.006195 0.000077 0.993728
0.002008 0.000032 0.997960
0.629175 0.370825 0.000000
0.000309 0.000011 0.999680
0.058177 0.941823 0.000000
0.000269 0.000013 0.999718
0.000332 0.000014 0.999653
0.037060 0.013542 0.949398
0.178850 0.821150 0.000000
0.001759 0.000009 0.998232
0.862195 0.100535 0.037270
0.289448 0.702523 0.008029
0.000616 0.000011 0.999373
0.005300 0.001748 0.992951
0.952221 0.047779 0.000000
0.373610 0.610431 0.015959
0.005379 0.003350 0.991271
0.005770 0.000052 0.994178
0.638329 0.361646 0.000025
0.562440 0.437034 0.000525
0.018981 0.001493 0.979526
0.001256 0.000044 0.998700
0.577388 0.255894 0.166718
0.465785 0.534214 0.000000
0.000895 0.000073 0.999032
0.408413 0.110436 0.481151
0.002239 0.000045 0.997716
0.002445 0.000046 0.997509
0.001450 0.000125 0.998425
0.207789 0.792125 0.000086
0.018205 0.001913 0.979882
0.081239 0.071632 0.847130
0.864802 0.135108 0.000090
0.084572 0.915428 0.000000
0.769964 0.230035 0.000000
0.606488 0.295418 0.098094
0.000128 0.000004 0.999868
0.218318 0.781682 0.000000
0.000381 0.000027 0.999592
0.087859 0.029225 0.882916
0.002487 0.000202 0.997311
0.384165 0.615835 0.000000
0.590110 0.409646 0.000244
0.964413 0.035581 0.000006
0.000000 0.000000 1.000000
0.879217 0.118792 0.001991
0.000111 0.000001 0.999888
0.517034 0.482966 0.000000
0.193082 0.529328 0.277591
0.017310 0.001184 0.981506
0.000073 0.000000 0.999927
0.000235 0.000003 0.999762
0.840559 0.159441 0.000000
0.244814 0.755186 0.000000
0.303662 0.696338 0.000000
0.000704 0.000019 0.999277
0.046175 0.953825 0.000000
0.946213 0.048592 0.005196
0.000313 0.000000 0.999686
0.000363 0.000021 0.999617
0.102756 0.071897 0.825347
0.000078 0.000004 0.999917
0.038600 0.006984 0.954416
0.058494 0.004649 0.936857
0.000003 0.000000 0.999997
0.895472 0.104528 0.000000
0.001012 0.000001 0.998987
0.382010 0.617990 0.000000
0.046981 0.047168 0.905851
0.149006 0.015212 0.835783
0.038238 0.008684 0.953078
0.731433 0.268564 0.000003
0.461160 0.457122 0.081719
0.000324 0.000004 0.999672
0.000022 0.000000 0.999978
0.461598 0.538391 0.000011
0.447472 0.552528 0.000000
0.700001 0.299999 0.000000
0.010017 0.000595 0.989388
0.701492 0.111840 0.186668
0.861208 0.138792 0.000000
0.353610 0.646288 0.000102
0.010112 0.001129 0.988759
0.020849 0.002208 0.976943
0.256456 0.263029 0.480515
0.000325 0.000003 0.999672
0.677469 0.322531 0.000001
0.007970 0.000005 0.992025
0.843602 0.145418 0.010980
0.000212 0.000008 0.999780
0.044559 0.955441 0.000000
0.476676 0.199252 0.324072
0.026732 0.000745 0.972523
0.211791 0.130758 0.657451
0.000832 0.000019 0.999148
0.017963 0.009466 0.972571
0.433688 0.566311 0.000001
0.352170 0.647766 0.000064
0.000122 0.000001 0.999877
0.061567 0.013402 0.925032
0.857378 0.093490 0.049131
0.809458 0.190542 0.000001
0.001387 0.000026 0.998587
0.000003 0.000000 0.999997
0.004547 0.000119 0.995334
0.008760 0.000289 0.990951
0.000063 0.000000 0.999937
0.002778 0.000143 0.997079
0.023269 0.002086 0.974645
0.972940 0.027059 0.000001
0.014550 0.014433 0.971017
0.666664 0.333336 0.000000
0.144796 0.032680 0.822524
0.110130 0.889870 0.000000
0.802645 0.197355 0.000000
0.000048 0.000000 0.999951
0.146300 0.853700 0.000000
0.848685 0.151274 0.000041
0.001591 0.000436 0.997973
0.487647 0.512353 0.000000
0.300333 0.699667 0.000000
0.294360 0.667587 0.038053
0.020755 0.003444 0.975802
0.008962 0.002619 0.988419
0.535042 0.464958 0.000000
0.000006 0.000000 0.999994
0.838087 0.161209 0.000704
0.489115 0.510885 0.000000
0.003271 0.000017 0.996711
0.175708 0.824292 0.000000
0.023420 0.017768 0.958812
0.953629 0.032849 0.013522
0.476604 0.523034 0.000362
0.185612 0.009744 0.804645
0.062396 0.937604 0.000000
0.328592 0.192933 0.478475
0.007063 0.000026 0.992911
0.000157 0.000002 0.999841
0.002873 0.000552 0.996575
0.002601 0.000402 0.996997
0.000400 0.000018 0.999581
0.056423 0.943577 -0.000000
0.327957 0.655754 0.016289
0.000190 0.000033 0.999778
0.001108 0.000016 0.998876
0.672130 0.320062 0.007808
0.050656 0.011176 0.938169
0.910767 0.086682 0.002550
0.680793 0.092280 0.226927
0.929722 0.070278 0.000000
0.532892 0.467069 0.000038
0.890036 0.109964 0.000000
0.057740 0.000738 0.941522
0.010402 0.001031 0.988566
0.000002 0.000000 0.999998
0.865767 0.134233 0.000000
0.008891 0.000560 0.990549
0.191091 0.808909 -0.000000
0.172433 0.827567 0.000000
0.468476 0.145714 0.385810
0.024911 0.975089 0.000000
0.003976 0.002045 0.993980
0.000167 0.000002 0.999831
0.123066 0.053962 0.822972
0.294681 0.705319 0.000000
0.001791 0.000288 0.997921
0.000294 0.000006 0.999700
0.486407 0.510374 0.003219
0.884925 0.115075 0.000000
0.012532 0.000752 0.986717
0.000243 0.000010 0.999747
0.066355 0.011601 0.922044
0.000955 0.000037 0.999008
0.001298 0.000103 0.998599
0.001928 0.000053 0.998018
0.865533 0.134467 0.000000
0.770023 0.227109 0.002868
0.698721 0.301279 0.000000
0.194254 0.020331 0.785415
0.636227 0.363770 0.000003
0.022804 0.016806 0.960390
0.000003 0.000000 0.999997
0.000019 0.000000 0.999981
0.055684 0.008744 0.935572
0.514203 0.480156 0.005641
0.435925 0.113664 0.450410
0.044850 0.011523 0.943627
0.896175 0.103728 0.000097
0.246447 0.753553 0.000000
0.612705 0.384349 0.002946
0.007442 0.002749 0.989808
0.077699 0.078530 0.843771
0.024980 0.000194 0.974826
0.020825 0.002253 0.976922
0.000867 0.000027 0.999106
0.017060 0.002768 0.980173
0.003993 0.000002 0.996005
0.425127 0.571850 0.003022
0.627158 0.248031 0.124811
0.016724 0.003481 0.979795
0.030979 0.969021 0.000000
0.232065 0.767935 0.000000
0.033387 0.007455 0.959157
0.011124 0.007577 0.981299
0.517657 0.482343 0.000000
0.025688 0.003635 0.970677
0.842210 0.157765 0.000025
0.039806 0.960194 -0.000000
0.843114 0.049595 0.107291
0.168725 0.831275 0.000000
0.154065 0.845935 0.000000
0.000143 0.000006 0.999851
0.044334 0.009624 0.946042
0.004640 0.001478 0.993882
0.929951 0.070049 0.000000
0.001488 0.000024 0.998488
0.007883 0.000115 0.992001
0.000001 0.000000 0.999999
0.000125 0.000001 0.999875
0.022579 0.001040 0.976380
0.000053 0.000001 0.999946
0.815970 0.183685 0.000345
0.422539 0.473938 0.103522
0.000638 0.000010 0.999352
0.447791 0.552207 0.000002
0.747077 0.252917 0.000006
0.019883 0.006967 0.973150
0.718083 0.281777 0.000140
0.160688 0.276474 0.562838
0.124682 0.033261 0.842057
0.457543 0.405352 0.137106
0.526133 0.473867 0.000000
0.115637 0.036253 0.848110
0.000061 0.000001 0.999938
0.896249 0.090075 0.013676
0.003844 0.001684 0.994472
0.173106 0.131922 0.694972
0.200063 0.799937 0.000000
0.344335 0.655665 0.000000
0.401289 0.598025 0.000686
0.104416 0.895584 0.000000
0.439774 0.560226 0.000000
0.002201 0.000084 0.997715
0.000001 0.000000 0.999999
0.755681 0.137649 0.106670
0.043937 0.010300 0.945764
0.778810 0.214155 0.007035
0.024247 0.001276 0.974478
0.000026 0.000000 0.999974
0.886305 0.105278 0.008416
0.021322 0.001006 0.977671
0.003204 0.000106 0.996690
0.013373 0.009961 0.976666
0.032778 0.005900 0.961323
0.000069 0.000000 0.999931
0.053602 0.063028 0.883370
0.240316 0.759684 0.000000
0.000784 0.000012 0.999204
0.061436 0.004857 0.933707
0.269637 0.725396 0.004967
0.489698 0.510302 0.000000
0.484795 0.515153 0.000053
0.001895 0.000056 0.998049
0.000008 0.000000 0.999992
0.000014 0.000000 0.999986
0.009348 0.002710 0.987942
0.000618 0.000045 0.999336
0.236921 0.763079 0.000000
0.000978 0.000061 0.998961
0.076287 0.045932 0.877781
0.213549 0.028440 0.758011
0.000011 0.000000 0.999989
0.195901 0.011427 0.792672
0.250784 0.135007 0.614209
0.001868 0.000264 0.997868
0.000000 0.000000 1.000000
0.093829 0.008337 0.897834
0.001416 0.000171 0.998413
0.000106 0.000003 0.999891
0.002546 0.000220 0.997234
0.002452 0.000120 0.997428
0.920597 0.079402 0.000000
0.392352 0.607648 0.000000
0.001222 0.000030 0.998747
0.307353 0.648995 0.043652
0.411971 0.587933 0.000096
0.537152 0.462382 0.000465
0.888660 0.111006 0.000334
0.000138 0.000001 0.999861
0.009412 0.000883 0.989706
0.000210 0.000002 0.999789
0.615484 0.384503 0.000014
0.252407 0.051124 0.696469
0.001579 0.000005 0.998416
0.000002 0.000000 0.999998
0.000219 0.000001 0.999781
0.851235 0.147932 0.000833
0.017006 0.001224 0.981771
0.029712 0.004050 0.966238
0.000030 0.000000 0.999970
0.001345 0.000098 0.998557
0.875455 0.124545 0.000000
0.005779 0.000864 0.993356
0.007984 0.006220 0.985796
0.002330 0.000119 0.997550
0.002228 0.000130 0.997642
0.678723 0.316920 0.004357
0.001011 0.000001 0.998988
0.085452 0.914548 0.000000
0.000001 0.000000 0.999999
0.333921 0.666079 0.000000
0.024079 0.004383 0.971538
0.000264 0.000000 0.999736
0.616451 0.383549 0.000000
0.456814 0.537858 0.005328
0.019703 0.003073 0.977223
0.001497 0.000041 0.998462
0.028675 0.031780 0.939545
0.144143 0.099617 0.756240
0.108037 0.071313 0.820650
0.114042 0.013712 0.872247
0.293241 0.080660 0.626099
0.537895 0.461941 0.000164
0.003239 0.000189 0.996572
0.278325 0.176851 0.544824
0.905751 0.093666 0.000583
0.040503 0.959497 0.000000
0.048928 0.005725 0.945347
0.000002 0.000000 0.999998
0.614760 0.031037 0.354204
0.000151 0.000001 0.999848
0.346474 0.653526 0.000000
0.000119 0.000001 0.999880
0.328125 0.671875 0.000000
0.603042 0.395045 0.001913
0.009280 0.001243 0.989477
0.004351 0.001136 0.994513
0.166204 0.833796 0.000000
0.075273 0.924727 0.000000
0.866479 0.133521 0.000000
0.903848 0.095088 0.001064
0.102457 0.233636 0.663907
0.769711 0.187116 0.043173
0.117084 0.139038 0.743878
0.667832 0.270844 0.061324
0.271762 0.723160 0.005078
0.158815 0.007684 0.833501
0.022112 0.000187 0.977701
0.003053 0.000220 0.996727
0.477753 0.522247 0.000000
0.243148 0.756696 0.000157
0.959817 0.040183 0.000000
0.716304 0.277878 0.005818
0.017935 0.005527 0.976538
0.441250 0.557699 0.001051
0.000198 0.000001 0.999801
0.000014 0.000000 0.999986
0.039913 0.003091 0.956997
0.010477 0.001309 0.988214
0.006099 0.002981 0.990920
0.003465 0.000545 0.995990
0.386687 0.613309 0.000004
0.008212 0.000725 0.991062
0.007222 0.002233 0.990544
0.225786 0.774214 0.000000
0.549177 0.433805 0.017019
0.000072 0.000001 0.999928
0.000432 0.000025 0.999542
0.788304 0.211574 0.000123
0.675903 0.316238 0.007860
0.572478 0.427186 0.000336
0.000685 0.000016 0.999299
0.000030 0.000001 0.999970
0.165328 0.834672 0.000000
0.001241 0.000004 0.998756
0.000221 0.000001 0.999778
0.915540 0.084182 0.000278
0.190512 0.195551 0.613937
0.118899 0.027660 0.853441
0.371334 0.628666 0.000000
0.063550 0.936450 0.000000
0.010617 0.003045 0.986338
0.093819 0.906181 0.000000
0.000000 0.000000 1.000000
0.012721 0.003678 0.983601
0.006461 0.000199 0.993341
0.038563 0.010115 0.951322
0.027351 0.000013 0.972636
0.001890 0.000078 0.998032
0.107836 0.005997 0.886168
0.611431 0.388094 0.000475
0.000075 0.000002 0.999923
0.679434 0.320566 0.000000
0.007705 0.001099 0.991196
0.058598 0.941402 0.000000
0.490104 0.509895 0.000001
0.449299 0.208848 0.341854
0.020589 0.979411 0.000000
0.917924 0.029433 0.052643
0.933710 0.066042 0.000248
0.246097 0.753903 0.000000
0.306357 0.636238 0.057405
0.105389 0.041141 0.853470
0.022917 0.005497 0.971586
0.390310 0.609690 0.000000
0.258962 0.741038 -0.000000
0.046605 0.010951 0.942443
0.055328 0.148173 0.796499
0.062021 0.010852 0.927126
0.000000 0.000000 1.000000
0.734630 0.265261 0.000108
0.665312 0.334688 0.000000
0.000071 0.000000 0.999929
0.007972 0.006039 0.985989
0.624236 0.281015 0.094749
0.798258 0.201294 0.000448
0.000029 0.000000 0.999971
0.003661 0.000143 0.996197
0.053545 0.012265 0.934190
0.458606 0.031485 0.509909
0.011537 0.001538 0.986924
0.000012 0.000000 0.999988
0.977376 0.022621 0.000002
0.025953 0.003207 0.970840
0.236447 0.763552 0.000001
0.003234 0.000019 0.996747
0.006762 0.000510 0.992729
0.600651 0.394391 0.004958
0.000128 0.000000 0.999871
0.069047 0.006132 0.924821
0.008719 0.000483 0.990797
0.346955 0.653045 0.000000
0.187969 0.812031 0.000000
0.025274 0.003278 0.971447
0.000039 0.000000 0.999961
0.000025 0.000000 0.999975
0.000403 0.000027 0.999569
0.000195 0.000013 0.999792
0.719106 0.280894 0.000000
0.050633 0.949367 0.000000
0.008067 0.000136 0.991797
0.185305 0.060775 0.753920
0.000515 0.000028 0.999457
0.006166 0.000663 0.993171
0.002606 0.000066 0.997328
0.421468 0.578532 0.000000
0.021612 0.000418 0.977970
0.000002 0.000000 0.999998
0.780162 0.219583 0.000255
0.058673 0.073760 0.867566
0.111022 0.888978 -0.000000
0.007451 0.000039 0.992510
0.021046 0.003436 0.975518
0.326663 0.673311 0.000026
0.000113 0.000000 0.999886
0.012951 0.000756 0.986293
0.001076 0.000019 0.998905
0.713332 0.284639 0.002029
0.000193 0.000015 0.999792
0.157279 0.842721 0.000000
0.695050 0.304950 0.000000
0.127327 0.872673 0.000000
0.002086 0.000027 0.997887
0.000168 0.000001 0.999831
0.125130 0.874870 0.000000
0.608713 0.391287 0.000000
0.000205 0.000002 0.999793
0.196854 0.803144 0.000002
0.273556 0.726443 0.000001
0.033441 0.004931 0.961628
0.066595 0.233566 0.699840
0.517703 0.481956 0.000341
0.580490 0.414804 0.004705
0.023748 0.005831 0.970421
0.074554 0.060283 0.865163
0.009175 0.004106 0.986719
0.713643 0.286072 0.000284
0.298215 0.334035 0.367749
0.003627 0.000233 0.996141
0.117443 0.882557 0.000000
0.000251 0.000000 0.999748
0.002364 0.000260 0.997376
0.927843 0.072157 0.000000
0.226498 0.773502 0.000000
0.044705 0.010272 0.945023
0.026509 0.003698 0.969793
0.000004 0.000000 0.999996
0.000010 0.000000 0.999990
0.003402 0.000139 0.996459
0.122965 0.003153 0.873882
0.000079 0.000000 0.999921
0.020216 0.000118 0.979667
0.039932 0.012975 0.947093
0.406430 0.593569 0.000001
0.278871 0.720680 0.000449
0.000001 0.000000 0.999999
0.000452 0.000001 0.999547
0.830169 0.169566 0.000265
0.257714 0.742285 0.000000
0.034408 0.965592 0.000000
0.059492 0.001018 0.939489
0.000363 0.000035 0.999602
0.145988 0.037763 0.816249
0.000003 0.000000 0.999997
0.000310 0.000003 0.999687
0.001386 0.000005 0.998609
0.000331 0.000004 0.999665
0.001736 0.000093 0.998172
0.002434 0.000060 0.997506
0.295166 0.144401 0.560433
0.130140 0.036814 0.833046
0.071767 0.928233 0.000000
0.000290 0.000023 0.999688
0.001264 0.000032 0.998704
0.549795 0.448650 0.001555
0.902597 0.095974 0.001429
0.004008 0.000192 0.995800
0.699577 0.300423 0.000000
0.004021 0.000262 0.995717
0.006925 0.000350 0.992726
0.000015 0.000000 0.999985
0.009332 0.001165 0.989503
0.045412 0.009702 0.944886
0.159958 0.059085 0.780957
0.098630 0.024030 0.877339
0.002346 0.000657 0.996997
0.342738 0.657262 0.000000
0.004291 0.000138 0.995571
0.050139 0.949861 0.000000
0.000459 0.000002 0.999539
0.001157 0.000147 0.998696
0.812488 0.187493 0.000019
0.010487 0.000717 0.988796
0.047471 0.014516 0.938012
0.001362 0.000035 0.998603
0.179281 0.279742 0.540977
0.004196 0.000211 0.995593
0.850341 0.149641 0.000018
0.388211 0.611789 0.000000
0.004783 0.000755 0.994461
0.008849 0.000635 0.990516
0.000993 0.000095 0.998912
0.661103 0.330262 0.008635
0.668578 0.305956 0.025466
0.476239 0.523752 0.000009
0.025992 0.004387 0.969621
0.003946 0.000945 0.995110
0.900554 0.099088 0.000358
0.003327 0.000113 0.996560
0.001933 0.000396 0.997671
0.000838 0.000001 0.999161
0.002405 0.000070 0.997525
0.019796 0.011014 0.969190
0.309858 0.690139 0.000003
0.275753 0.724247 0.000000
0.619156 0.380844 0.000000
0.005152 0.001106 0.993742
0.337658 0.623204 0.039137
0.074749 0.925251 0.000000
0.837353 0.162647 0.000000
0.000000 0.000000 1.000000
0.239466 0.336924 0.423611
0.375472 0.623637 0.000892
0.004633 0.000117 0.995250
0.005322 0.000025 0.994653
0.001532 0.000071 0.998398
0.332862 0.667138 0.000000
0.924712 0.073183 0.002105
0.000007 0.000000 0.999993
0.027669 0.018414 0.953916
0.001928 0.000098 0.997975
0.047078 0.952922 0.000000
0.027446 0.002250 0.970305
0.222078 0.058605 0.719317
0.016773 0.002124 0.981103
0.416650 0.583349 0.000001
0.008389 0.000851 0.990759
0.063716 0.002313 0.933971
0.000069 0.000000 0.999931
0.025467 0.003760 0.970774
0.017751 0.002869 0.979380
0.791160 0.208837 0.000003
0.016843 0.002209 0.980947
0.011798 0.000771 0.987431
0.000895 0.000015 0.999090
0.690497 0.171674 0.137830
0.903967 0.095946 0.000087
0.023677 0.003692 0.972632
0.000123 0.000000 0.999877
0.974737 0.025255 0.000008
0.000012 0.000000 0.999988
0.382006 0.617955 0.000039
0.000006 0.000000 0.999994
0.237102 0.762898 0.000000
0.012702 0.000336 0.986961
0.001459 0.000575 0.997966
0.281066 0.718934 0.000000
0.012963 0.000529 0.986509
0.000001 0.000000 0.999999
0.000001 0.000000 0.999999
0.863926 0.136049 0.000025
0.189874 0.024613 0.785513
0.011533 0.000233 0.988234
0.167898 0.832102 0.000000
0.030775 0.969225 0.000000
0.002093 0.000469 0.997437
0.224178 0.002505 0.773317
0.312811 0.687176 0.000012
0.050332 0.015908 0.933760
0.000092 0.000002 0.999907
0.005593 0.000309 0.994098
0.595900 0.404100 0.000000
0.310533 0.689455 0.000012
0.007925 0.000725 0.991351
0.071051 0.021142 0.907808
0.512964 0.487003 0.000033
0.008967 0.001225 0.989809
0.006487 0.000389 0.993124
0.267909 0.016425 0.715667
0.012130 0.013735 0.974135
0.844141 0.155101 0.000758
0.000031 0.000000 0.999969
0.003275 0.000132 0.996593
0.106136 0.893864 0.000000
0.025427 0.974573 0.000000
0.000017 0.000000 0.999983
0.537993 0.461962 0.000046
0.006984 0.002187 0.990829
0.014235 0.001577 0.984188
0.023338 0.002093 0.974568
0.673484 0.024987 0.301530
0.000160 0.000001 0.999839
0.351354 0.648619 0.000028
0.445690 0.061240 0.493070
0.099619 0.001349 0.899032
0.625516 0.330241 0.044243
0.305380 0.593315 0.101304
0.015132 0.006731 0.978137
0.002192 0.000136 0.997672
0.073860 0.034422 0.891718
0.000002 0.000000 0.999998
0.000285 0.000002 0.999714
0.041065 0.008591 0.950343
0.002956 0.000534 0.996510
0.783044 0.216954 0.000001
0.000003 0.000000 0.999997
0.012924 0.000847 0.986229
0.175001 0.824999 0.000000
0.000003 0.000000 0.999997
0.001818 0.000126 0.998055
0.326683 0.673317 0.000000
0.000011 0.000000 0.999989
0.043525 0.036228 0.920247
0.003586 0.000391 0.996023
0.000700 0.000000 0.999300
0.000028 0.000000 0.999972
0.021434 0.028225 0.950342
0.000756 0.000010 0.999234
0.400672 0.599326 0.000002
0.132922 0.867078 0.000000
0.019467 0.003332 0.977202
0.490720 0.509279 0.000000
0.012944 0.007081 0.979975
0.072775 0.001893 0.925332
0.000097 0.000003 0.999900
0.046628 0.106655 0.846717
0.123847 0.002887 0.873266
0.003970 0.000965 0.995065
0.018342 0.000995 0.980663
0.818233 0.181763 0.000004
0.013168 0.001087 0.985744
0.000008 0.000000 0.999992
0.015492 0.001545 0.982963
0.001330 0.000059 0.998611
0.316349 0.683651 0.000000
0.000729 0.000020 0.999251
0.009451 0.000470 0.990079
0.011947 0.001222 0.986831
0.005005 0.000121 0.994873
0.682436 0.316278 0.001286
0.000853 0.000015 0.999131
0.482332 0.260716 0.256952
0.000505 0.000001 0.999495
0.004752 0.000477 0.994771
0.448216 0.551773 0.000011
0.011898 0.001288 0.986814
0.334460 0.159961 0.505579
0.001727 0.000395 0.997878
0.080419 0.006590 0.912991
0.004282 0.000101 0.995616
0.017454 0.001423 0.981123
0.000155 0.000000 0.999845
0.006338 0.993662 0.000000
0.000455 0.000006 0.999539
0.349322 0.645120 0.005557
0.000011 0.000000 0.999989
0.012980 0.000488 0.986532
0.485064 0.514936 0.000000
0.001330 0.000279 0.998391
0.715513 0.284021 0.000466
0.931028 0.068747 0.000225
0.665844 0.334156 0.000000
0.560530 0.439468 0.000001
0.570053 0.429947 0.000000
0.000156 0.000000 0.999844
0.000010 0.000000 0.999990
0.456626 0.243567 0.299807
0.027984 0.039194 0.932822
0.000645 0.000009 0.999346
0.454471 0.431492 0.114038
0.089573 0.910427 0.000000
0.000104 0.000001 0.999895
0.034153 0.017174 0.948673
0.096220 0.038384 0.865396
0.002070 0.000110 0.997820
0.060980 0.014596 0.924424
0.003372 0.000186 0.996441
0.019615 0.017232 0.963153
0.009001 0.000911 0.990088
0.275811 0.722965 0.001225
0.000001 0.000000 0.999999
0.003715 0.000199 0.996087
0.013464 0.006384 0.980152
0.674421 0.325579 0.000000
0.004413 0.000021 0.995566
0.310879 0.689081 0.000040
0.010233 0.000695 0.989072
0.000014 0.000000 0.999986
0.087748 0.018285 0.893968
0.003103 0.000138 0.996759
0.002391 0.000081 0.997528
0.430034 0.564484 0.005482
0.461785 0.538175 0.000040
0.169003 0.012279 0.818719
0.011340 0.004675 0.983985
0.000143 0.000011 0.999845
0.540066 0.266170 0.193763
0.803277 0.196723 0.000000
0.000008 0.000000 0.999992
0.049050 0.012213 0.938737
0.019258 0.002536 0.978206
0.674054 0.027519 0.298427
0.000377 0.000018 0.999605
0.352595 0.647405 0.000001
0.010431 0.006634 0.982935
0.000036 0.000000 0.999964
0.215157 0.225655 0.559188
0.084290 0.022731 0.892979
0.605274 0.394715 0.000010
0.926655 0.053836 0.019509
0.487394 0.512606 0.000000
0.009315 0.000584 0.990101
0.000004 0.000000 0.999996
0.005174 0.001556 0.993270
0.661032 0.338965 0.000002
0.290805 0.709194 0.000000
0.267305 0.732693 0.000002
0.000629 0.000117 0.999254
0.000825 0.000058 0.999118
0.107628 0.892372 0.000000
0.453643 0.546355 0.000002
0.195201 0.804799 0.000000
0.633350 0.366650 0.000000
0.184573 0.815427 0.000000
0.616741 0.383087 0.000172
0.000055 0.000000 0.999945
0.020071 0.002563 0.977366
0.013336 0.000092 0.986572
0.001114 0.000094 0.998791
0.000242 0.000002 0.999756
0.000177 0.000002 0.999821
0.000519 0.000006 0.999475
0.421382 0.544701 0.033917
0.001850 0.000379 0.997771
0.050793 0.949207 0.000000
0.292036 0.618050 0.089914
0.000265 0.000014 0.999722
0.000001 0.000000 0.999999
0.095936 0.078209 0.825854
0.251326 0.239593 0.509082
0.000090 0.000001 0.999910
0.041127 0.005618 0.953255
0.001651 0.000111 0.998238
0.000113 0.000001 0.999886
0.135079 0.386661 0.478260
0.004033 0.000285 0.995682
0.289793 0.705497 0.004711
0.000387 0.000009 0.999605
0.007438 0.000230 0.992332
0.049171 0.950829 0.000000
0.027819 0.001765 0.970416
0.026272 0.004024 0.969704
0.368889 0.631109 0.000003
0.165255 0.834745 0.000000
0.000003 0.000000 0.999997
0.000144 0.000005 0.999851
0.015254 0.001393 0.983352
0.003853 0.000646 0.995501
0.000081 0.000000 0.999919
0.136682 0.410938 0.452380
0.000407 0.000001 0.999592
0.001305 0.000009 0.998686
0.027070 0.005861 0.967068
0.000432 0.000043 0.999525
0.638481 0.279887 0.081632
0.274977 0.081331 0.643692
0.000917 0.000016 0.999067
0.003131 0.000275 0.996594
0.234566 0.236945 0.528489
0.741992 0.258008 0.000000
0.012715 0.000423 0.986862
0.000710 0.000014 0.999276
0.000670 0.000016 0.999314
0.908600 0.036293 0.055107
0.000915 0.000033 0.999052
0.496178 0.503822 0.000000
0.280428 0.602958 0.116614
0.419838 0.516529 0.063634
0.004760 0.000195 0.995045
0.120333 0.030161 0.849505
0.017852 0.023931 0.958217
0.001701 0.000133 0.998166
0.547488 0.452512 0.000000
0.000268 0.000000 0.999732
0.004095 0.000603 0.995302
0.103556 0.043296 0.853147
0.292746 0.707254 0.000000
0.001292 0.000212 0.998496
0.000101 0.000005 0.999894
0.733252 0.266748 0.000000
0.199022 0.800843 0.000135
0.009832 0.004469 0.985699
0.000025 0.000001 0.999975
0.009242 0.000958 0.989800
0.003703 0.000244 0.996053
0.394334 0.482901 0.122765
0.000296 0.000003 0.999701
0.225972 0.259836 0.514191
0.002522 0.000231 0.997247
0.163903 0.836097 0.000000
0.018858 0.016771 0.964372
0.345556 0.375597 0.278847
0.006551 0.000782 0.992667
0.016962 0.000815 0.982223
0.000626 0.000008 0.999366
0.030542 0.009013 0.960445
0.233650 0.766350 0.000000
0.027974 0.007174 0.964852
0.891160 0.099908 0.008932
0.073541 0.031023 0.895436
0.010212 0.000364 0.989424
0.855924 0.144070 0.000007
0.729427 0.270522 0.000050
0.815274 0.184724 0.000001
0.799558 0.200440 0.000002
0.482247 0.512115 0.005637
0.000760 0.000011 0.999229
0.258703 0.117132 0.624165
0.042079 0.008727 0.949193
0.370625 0.629375 0.000000
0.026536 0.017039 0.956426
0.000490 0.000007 0.999503
0.012398 0.006512 0.981090
0.015341 0.003465 0.981193
0.000916 0.000011 0.999073
0.112898 0.887102 0.000000
0.001649 0.000052 0.998299
0.000000 0.000000 1.000000
0.000476 0.000010 0.999514
0.269375 0.730622 0.000004
0.065571 0.018903 0.915525
0.002190 0.000048 0.997762
0.000011 0.000000 0.999989
0.002785 0.000078 0.997138
0.039801 0.031701 0.928498
0.407158 0.591915 0.000927
0.001742 0.000295 0.997963
0.093949 0.228202 0.677849
0.000273 0.000005 0.999722
0.003283 0.000031 0.996686
0.063638 0.028802 0.907560
0.478721 0.521276 0.000004
0.384089 0.615911 0.000000
0.157188 0.142162 0.700650
0.004190 0.000171 0.995639
0.060431 0.939569 0.000000
0.117772 0.882228 0.000000
0.010027 0.000966 0.989007
0.000302 0.000021 0.999677
0.001389 0.000028 0.998583
0.419098 0.470985 0.109917
0.003454 0.000022 0.996524
0.001193 0.000029 0.998778
0.850991 0.148946 0.000063
0.001964 0.000083 0.997953
0.018271 0.002313 0.979416
0.000033 0.000000 0.999967
0.002395 0.000052 0.997553
0.000421 0.000005 0.999574
0.000246 0.000005 0.999750
0.950675 0.048058 0.001266
0.697284 0.302705 0.000011
0.311944 0.230661 0.457395
0.394747 0.599796 0.005457
0.408141 0.591858 0.000001
0.010904 0.000938 0.988158
0.911230 0.054909 0.033861
0.464006 0.535950 0.000043
0.005379 0.000286 0.994335
0.008019 0.003774 0.988207
0.067922 0.027965 0.904112
0.038000 0.006368 0.955632
0.000135 0.000000 0.999865
0.000076 0.000000 0.999924
0.000000 0.000000 1.000000
0.001693 0.000055 0.998252
0.018451 0.009082 0.972468
0.319713 0.680287 0.000000
0.000307 0.000001 0.999692
0.008485 0.000321 0.991195
0.191912 0.808088 0.000000
0.000086 0.000000 0.999913
0.010486 0.000438 0.989076
0.013538 0.002348 0.984114
0.000036 0.000001 0.999963
0.851359 0.148641 0.000000
0.461273 0.538643 0.000084
0.018198 0.001895 0.979907
0.000517 0.000096 0.999387
0.017841 0.000790 0.981370
0.000266 0.000000 0.999733
0.000832 0.000011 0.999157
0.262586 0.156961 0.580452
0.006989 0.000333 0.992678
0.000601 0.000026 0.999374
0.002367 0.000011 0.997623
0.001720 0.000081 0.998199
0.000006 0.000000 0.999994
0.078892 0.020286 0.900822
0.900248 0.099749 0.000004
0.725146 0.274854 0.000000
0.000285 0.000000 0.999714
0.260363 0.736873 0.002764
0.326296 0.038601 0.635103
0.028292 0.004647 0.967061
0.073392 0.020146 0.906462
0.464405 0.533738 0.001857
0.000002 0.000000 0.999998
0.912106 0.087865 0.000029
0.029471 0.035683 0.934846
0.173737 0.062057 0.764205
0.000443 0.000006 0.999551
0.000143 0.000008 0.999848
0.004963 0.000126 0.994911
0.001838 0.000042 0.998120
0.000253 0.000003 0.999744
0.170753 0.829245 0.000002
0.187630 0.812370 0.000000
0.010274 0.000719 0.989007
0.019553 0.006655 0.973792
0.000004 0.000000 0.999996
0.805065 0.159075 0.035859
0.077463 0.019828 0.902708
0.009999 0.001186 0.988815
0.024215 0.001607 0.974178
0.175002 0.824998 0.000000
0.481781 0.518219 0.000000
0.445959 0.554041 0.000000
0.000639 0.000014 0.999347
0.000062 0.000000 0.999938
0.041786 0.001158 0.957055
0.149822 0.850178 0.000000
0.049306 0.003030 0.947664
0.167993 0.832006 0.000001
0.890962 0.097442 0.011595
0.375543 0.400854 0.223603
0.000043 0.000000 0.999957
0.723348 0.276647 0.000005
0.018581 0.012417 0.969002
0.090520 0.006649 0.902831
0.000096 0.000000 0.999904
0.000158 0.000001 0.999841
0.000230 0.000011 0.999759
0.457696 0.441775 0.100530
0.000001 0.000000 0.999999
0.122105 0.877895 0.000000
0.053924 0.002588 0.943488
0.000001 0.000000 0.999999
0.000531 0.000007 0.999462
0.519905 0.480095 0.000000
0.425806 0.574194 0.000000
0.315449 0.590384 0.094167
0.314149 0.286025 0.399826
0.455109 0.544696 0.000195
0.007338 0.001717 0.990945
0.845636 0.154364 0.000000
0.526058 0.473936 0.000006
0.000024 0.000000 0.999975
0.030534 0.010182 0.959284
0.236522 0.763465 0.000013
0.296818 0.703182 0.000000
0.011253 0.000444 0.988303
0.498139 0.501861 0.000000
0.000002 0.000000 0.999998
0.000586 0.000015 0.999399
0.617473 0.382527 0.000000
0.006050 0.000700 0.993251
0.000001 0.000000 0.999999
0.113423 0.886577 0.000000
0.711257 0.284903 0.003840
0.183136 0.025843 0.791021
0.069892 0.930108 0.000000
0.000586 0.000033 0.999381
0.001260 0.000037 0.998703
0.298359 0.701641 0.000000
0.000403 0.000007 0.999591
0.058749 0.941251 -0.000000
0.001301 0.000093 0.998606
0.000053 0.000000 0.999947
0.067015 0.932985 0.000000
0.923145 0.076283 0.000573
0.164658 0.168768 0.666574
0.002885 0.000262 0.996853
0.000607 0.000007 0.999386
0.343678 0.655851 0.000471
0.131420 0.868580 0.000000
0.002680 0.000072 0.997247
0.000024 0.000000 0.999976
0.020744 0.004740 0.974516
0.000556 0.000008 0.999436
0.853871 0.146117 0.000012
0.291598 0.708401 0.000000
0.159046 0.057125 0.783829
0.200484 0.799516 0.000000
0.568607 0.354556 0.076838
0.004039 0.000168 0.995793
0.019567 0.002862 0.977571
0.926931 0.072791 0.000277
0.365445 0.555003 0.079551
0.001022 0.000307 0.998671
0.014361 0.000998 0.984640
0.269913 0.730087 0.000000
0.024975 0.002586 0.972439
0.000006 0.000000 0.999994
0.000896 0.000022 0.999082
0.007615 0.000729 0.991655
0.021542 0.003583 0.974875
0.024056 0.004401 0.971543
0.179100 0.820899 0.000001
0.002175 0.000046 0.997779
0.000127 0.000003 0.999870
0.060482 0.939518 0.000000
0.000003 0.000000 0.999997
0.332414 0.667586 0.000000
0.580503 0.419489 0.000008
0.736831 0.012532 0.250636
0.011125 0.005075 0.983800
0.891367 0.108227 0.000406
0.000754 0.000047 0.999199
0.700068 0.243383 0.056549
0.005701 0.001341 0.992957
0.010803 0.000373 0.988824
0.049352 0.001406 0.949242
0.000640 0.000002 0.999358
0.005103 0.000438 0.994459
0.000578 0.000026 0.999396
0.355980 0.644020 0.000000
0.000877 0.000017 0.999106
0.331831 0.668169 0.000000
0.695414 0.304584 0.000001
0.239453 0.760546 0.000000
0.000606 0.000082 0.999312
0.001764 0.000010 0.998226
0.051388 0.012388 0.936225
0.000493 0.000009 0.999498
0.053120 0.044362 0.902517
0.212612 0.787064 0.000325
0.592155 0.407845 0.000000
0.000036 0.000001 0.999964
0.132454 0.867545 0.000001
0.000379 0.000009 0.999612
0.000389 0.000005 0.999606
0.007004 0.001628 0.991369
0.023169 0.001308 0.975523
0.057658 0.942342 0.000000
0.000406 0.000009 0.999584
0.399702 0.033517 0.566780
0.106519 0.086758 0.806723
0.064100 0.005109 0.930791
0.322750 0.138880 0.538369
0.000049 0.000000 0.999950
0.193107 0.806893 0.000000
0.225422 0.774577 0.000000
0.000117 0.000002 0.999881
0.000586 0.000006 0.999408
0.068018 0.931982 0.000000
0.025070 0.002009 0.972921
0.067102 0.932898 0.000000
0.000409 0.000005 0.999586
0.013594 0.001114 0.985292
0.829930 0.170070 0.000000
0.000051 0.000001 0.999948
0.000246 0.000011 0.999743
0.004435 0.000243 0.995322
0.000260 0.000021 0.999719
0.300518 0.695491 0.003991
0.911684 0.086546 0.001769
0.178609 0.821391 0.000000
0.008981 0.010448 0.980571
0.305192 0.694808 0.000000
0.000005 0.000000 0.999995
0.000000 0.000000 1.000000
0.004451 0.000353 0.995196
0.201860 0.099032 0.699108
0.056125 0.062287 0.881588
0.484240 0.515672 0.000088
0.826386 0.173613 0.000001
0.835653 0.164052 0.000295
0.000746 0.000024 0.999230
0.000001 0.000000 0.999999
0.874197 0.125696 0.000107
0.610710 0.389290 0.000000
0.495956 0.503982 0.000063
0.000352 0.000006 0.999642
0.002404 0.000100 0.997496
0.190750 0.809250 0.000000
0.001213 0.000124 0.998663
0.000006 0.000000 0.999994
0.214833 0.785167 0.000000
0.003228 0.000102 0.996670
0.200589 0.799411 0.000000
0.001969 0.000050 0.997982
0.000338 0.000004 0.999658
0.016496 0.001148 0.982357
0.859896 0.139672 0.000432
0.013990 0.006589 0.979421
0.000033 0.000000 0.999966
0.017345 0.000706 0.981949
0.000726 0.000006 0.999267
0.430173 0.287688 0.282139
0.000076 0.000001 0.999923
0.001275 0.000060 0.998665
0.006708 0.993292 -0.000000
0.023282 0.003911 0.972807
0.093925 0.038640 0.867435
0.894430 0.096964 0.008606
0.012898 0.007460 0.979641
0.045501 0.007131 0.947368
0.091138 0.007879 0.900984
0.000023 0.000000 0.999977
0.004060 0.000120 0.995820
0.897401 0.102134 0.000466
0.299311 0.700689 0.000000
0.000154 0.000007 0.999839
0.011062 0.004913 0.984025
0.705550 0.279291 0.015159
0.048784 0.016785 0.934431
0.200680 0.799320 0.000000
0.000674 0.000067 0.999259
0.263979 0.188755 0.547265
0.000053 0.000000 0.999947
0.006672 0.000999 0.992329
0.561632 0.029365 0.409003
0.008422 0.000462 0.991116
0.318912 0.681088 0.000000
0.001323 0.000025 0.998652
0.313454 0.686545 0.000001
0.978130 0.002714 0.019156
0.000589 0.000161 0.999250
0.185065 0.814935 0.000000
0.000023 0.000000 0.999976
0.269548 0.730452 0.000000
0.021631 0.016430 0.961939
0.924841 0.074975 0.000183
0.801780 0.092087 0.106133
0.158059 0.841941 0.000000
0.686052 0.313947 0.000001
0.000363 0.000003 0.999634
0.880855 0.051721 0.067424
0.313139 0.686860 0.000000
0.624585 0.375256 0.000159
0.017824 0.000701 0.981474
0.257611 0.742389 0.000000
0.548794 0.444742 0.006463
0.002180 0.000039 0.997781
0.000004 0.000000 0.999996
0.193813 0.797760 0.008427
0.679072 0.320921 0.000007
0.619654 0.380026 0.000320
0.000124 0.000007 0.999869
0.706637 0.293363 0.000000
0.003422 0.000831 0.995747
0.000000 0.000000 1.000000
0.038712 0.009247 0.952041
0.001664 0.000052 0.998285
0.000092 0.000000 0.999908
0.004466 0.000246 0.995288
0.017556 0.000744 0.981700
0.119336 0.880664 0.000000
0.000013 0.000000 0.999987
0.451892 0.548096 0.000012
0.000194 0.000001 0.999805
0.113460 0.191784 0.694755
0.031851 0.009551 0.958599
0.000808 0.000033 0.999159
0.000013 0.000000 0.999987
0.043409 0.009013 0.947578
0.059886 0.940114 0.000000
0.008806 0.000148 0.991045
0.000405 0.000001 0.999595
0.001232 0.000229 0.998539
0.124913 0.014949 0.860138
0.000133 0.000000 0.999867
0.000377 0.000005 0.999618
0.171329 0.020001 0.808670
0.066731 0.017604 0.915665
0.000019 0.000000 0.999981
0.003593 0.000170 0.996237
0.428696 0.496371 0.074933
0.478042 0.521529 0.000430
0.134186 0.865814 0.000000
0.006493 0.000208 0.993299
0.862787 0.094094 0.043120
0.003771 0.000414 0.995816
0.000017 0.000000 0.999983
0.139233 0.860767 0.000000
0.269116 0.729417 0.001468
0.849376 0.150624 0.000000
0.000485 0.000031 0.999484
0.393929 0.606070 0.000001
0.092061 0.081515 0.826424
0.245933 0.116434 0.637633
0.412114 0.563210 0.024677
0.010567 0.000504 0.988929
0.811247 0.178517 0.010236
0.000004 0.000000 0.999996
0.012871 0.006775 0.980354
0.000840 0.000014 0.999146
0.002783 0.000167 0.997050
0.425816 0.573832 0.000353
0.001605 0.000212 0.998183
0.003099 0.000098 0.996803
0.256910 0.743090 0.000000
0.365228 0.634735 0.000037
0.404649 0.594981 0.000370
0.000235 0.000000 0.999765
0.634742 0.291443 0.073815
0.644597 0.219049 0.136354
0.019990 0.006587 0.973423
0.905060 0.094727 0.000213
0.000007 0.000000 0.999993
0.500937 0.171942 0.327121
0.035719 0.072425 0.891855
0.338899 0.661056 0.000044
0.907727 0.092256 0.000017
0.042534 0.022628 0.934837
0.565158 0.434501 0.000341
0.246175 0.650437 0.103388
0.003430 0.000237 0.996333
0.722012 0.277988 0.000000
0.018153 0.015059 0.966787
0.758429 0.241571 0.000000
0.500071 0.473726 0.026204
0.001450 0.000239 0.998311
0.007749 0.000020 0.992230
0.005874 0.000683 0.993443
0.086846 0.008803 0.904351
0.000377 0.000007 0.999615
0.367973 0.632001 0.000026
0.000157 0.000001 0.999842
0.001726 0.000054 0.998220
0.000320 0.000031 0.999649
0.592601 0.407399 0.000000
0.154209 0.845791 0.000000
0.009296 0.001841 0.988863
0.002089 0.000105 0.997806
0.191232 0.066055 0.742713
0.000337 0.000014 0.999649
0.069296 0.930704 0.000000
0.004146 0.000247 0.995607
0.283336 0.716664 0.000000
0.000437 0.000043 0.999520
0.061307 0.017267 0.921426
0.000261 0.000001 0.999738
0.000227 0.000002 0.999772
0.288914 0.235925 0.475161
0.000131 0.000001 0.999868
0.086546 0.014684 0.898770
0.299115 0.700885 0.000000
0.004028 0.000201 0.995771
0.069647 0.015110 0.915243
0.004671 0.000238 0.995091
0.894850 0.105150 0.000000
0.000128 0.000000 0.999872
0.023864 0.004356 0.971780
0.375453 0.623099 0.001448
0.070936 0.005375 0.923689
0.000781 0.000005 0.999214
0.430694 0.553246 0.016060
0.702866 0.290186 0.006948
0.000001 0.000000 0.999999
0.335173 0.664827 0.000000
0.000014 0.000000 0.999986
0.035089 0.005198 0.959713
0.395733 0.103163 0.501104
0.750368 0.249632 0.000000
0.874737 0.125128 0.000134
0.026845 0.014347 0.958808
0.000880 0.000016 0.999104
0.723383 0.265696 0.010921
0.018110 0.001542 0.980348
0.029143 0.004722 0.966135
0.734982 0.262427 0.002592
0.017389 0.004810 0.977801
0.009416 0.001716 0.988867
0.291894 0.707698 0.000409
0.342990 0.657010 0.000000
0.179096 0.820903 0.000001
0.340238 0.379914 0.279847
0.001756 0.000108 0.998136
0.759513 0.240436 0.000051
0.348485 0.228295 0.423220
0.130817 0.869183 0.000000
0.160626 0.839370 0.000004
0.002934 0.001691 0.995375
0.002539 0.000060 0.997402
0.007816 0.000290 0.991895
0.000063 0.000002 0.999935
0.285943 0.714057 0.000000
0.007538 0.001478 0.990984
0.030928 0.005445 0.963626
0.016987 0.007638 0.975376
0.000310 0.000011 0.999679
0.315844 0.684156 -0.000000
0.592504 0.235732 0.171763
0.797259 0.200407 0.002335
0.000740 0.000043 0.999217
0.430482 0.568954 0.000564
0.080053 0.919947 0.000000
0.174302 0.825698 0.000000
0.021378 0.001747 0.976875
0.639001 0.276153 0.084846
0.005182 0.000143 0.994675
0.355831 0.644169 0.000000
0.000175 0.000006 0.999819
0.000392 0.000020 0.999587
0.896715 0.103252 0.000034
0.523061 0.474952 0.001987
0.000033 0.000001 0.999967
0.014869 0.004269 0.980862
0.000335 0.000012 0.999653
0.000080 0.000000 0.999920
0.002731 0.000173 0.997096
0.076099 0.057669 0.866232
0.006534 0.000129 0.993337
0.002924 0.000046 0.997030
0.276650 0.722540 0.000810
0.704758 0.295242 0.000000
0.016919 0.012831 0.970250
0.022704 0.001423 0.975873
0.003781 0.000138 0.996080
0.488084 0.376319 0.135597
0.002720 0.000093 0.997187
0.003779 0.000710 0.995511
0.978749 0.021127 0.000124
0.000073 0.000006 0.999921
0.000455 0.000008 0.999537
0.013070 0.000911 0.986020
0.541518 0.458476 0.000006
0.455406 0.111269 0.433325
0.392737 0.607263 0.000000
0.113569 0.060163 0.826269
0.000677 0.000001 0.999322
0.230486 0.103299 0.666215
0.000019 0.000000 0.999981
0.456664 0.543316 0.000020
0.849515 0.148007 0.002479
0.234910 0.071520 0.693569
0.605366 0.393812 0.000821
0.887896 0.112104 0.000000
0.078587 0.921413 0.000000
0.000209 0.000002 0.999789
0.021215 0.007019 0.971766
0.294792 0.704773 0.000435
0.227074 0.772901 0.000025
0.002625 0.000010 0.997365
0.000692 0.000022 0.999287
0.009408 0.001181 0.989411
0.000005 0.000000 0.999995
