0.140655 0.000151 0.859194
0.000011 0.999557 0.000432
0.000017 0.996204 0.003779
0.012045 0.937913 0.050042
0.286781 0.373088 0.340131
0.259834 0.000004 0.740162
0.000409 0.958703 0.040889
0.160891 0.666601 0.172508
0.001695 0.949185 0.049120
0.234990 0.648572 0.116437
0.868434 0.000000 0.131566
0.000514 0.997128 0.002359
0.225601 0.000001 0.774398
0.516460 0.000014 0.483527
0.000688 0.991418 0.007894
0.322045 0.000000 0.677955
0.004020 0.986024 0.009956
0.000000 0.999977 0.000023
0.027894 0.860996 0.111110
0.943428 0.000000 0.056572
0.000000 0.999953 0.000047
0.387120 0.000027 0.612852
0.000982 0.978400 0.020618
0.000071 0.993999 0.005929
0.352813 0.007998 0.639190
0.000166 0.998157 0.001677
0.412136 0.000031 0.587833
0.000013 0.999740 0.000246
0.000145 0.996513 0.003342
0.094079 0.726657 0.179265
0.291519 0.014485 0.693996
0.000815 0.969608 0.029577
0.000884 0.993907 0.005209
0.000000 1.000000 0.000000
0.049523 0.803077 0.147400
0.000145 0.993433 0.006421
0.000218 0.998208 0.001574
0.059324 0.565851 0.374825
0.419447 0.000348 0.580205
0.662911 0.000112 0.336977
0.117890 0.000000 0.882110
0.011723 0.875496 0.112781
0.126653 0.000126 0.873221
0.457264 0.000000 0.542736
0.775282 0.000001 0.224718
0.087263 0.299606 0.613131
0.381224 0.000000 0.618776
0.014550 0.927354 0.058096
0.000117 0.998416 0.001467
0.000308 0.998135 0.001557
0.000178 0.994619 0.005203
0.914176 0.000000 0.085824
0.159043 0.030802 0.810155
0.627702 0.018213 0.354086
0.061748 0.000000 0.938252
0.047228 0.007245 0.945527
0.001677 0.988446 0.009877
0.829991 0.000000 0.170009
0.000734 0.991537 0.007729
0.138694 0.508799 0.352507
0.105266 0.000001 0.894733
0.657102 0.008578 0.334320
0.000039 0.998930 0.001032
0.060769 0.904743 0.034489
0.598597 0.000000 0.401403
0.840451 0.000000 0.159549
0.007164 0.875132 0.117704
0.331927 0.025030 0.643043
0.657600 0.085955 0.256445
0.000015 0.999607 0.000378
0.625333 0.000023 0.374644
0.002929 0.977586 0.019485
0.287977 0.001175 0.710848
0.000078 0.998879 0.001043
0.030143 0.899747 0.070110
0.751991 0.000406 0.247603
0.000013 0.999655 0.000333
0.000022 0.999543 0.000435
0.000294 0.996544 0.003161
0.005559 0.985070 0.009371
0.009795 0.974847 0.015359
0.661697 0.000000 0.338303
0.300896 0.373944 0.325160
0.000127 0.997361 0.002511
0.000210 0.995370 0.004420
0.000113 0.998738 0.001149
0.004581 0.977790 0.017629
0.538592 0.000000 0.461408
0.072397 0.716392 0.211211
0.000273 0.995903 0.003825
0.089262 0.000001 0.910737
0.000126 0.996306 0.003567
0.000101 0.992717 0.007182
0.000042 0.997639 0.002319
0.397041 0.000000 0.602959
0.000017 0.999597 0.000386
0.937324 0.000000 0.062676
0.000018 0.999662 0.000320
0.000020 0.999583 0.000397
0.013850 0.949365 0.036785
0.820149 0.000000 0.179851
0.000013 0.997834 0.002154
0.103759 0.036184 0.860057
0.710593 0.007589 0.281818
0.000016 0.999214 0.000770
0.002020 0.992228 0.005752
0.052394 0.000000 0.947606
0.615110 0.014576 0.370314
0.003822 0.990440 0.005738
0.000067 0.993570 0.006363
0.362923 0.000021 0.637056
0.459559 0.000467 0.539974
0.001678 0.978758 0.019564
0.000053 0.998550 0.001397
0.256320 0.159741 0.583939
0.531497 0.000000 0.468502
0.000092 0.998895 0.001013
0.116014 0.472655 0.411331
0.000057 0.997383 0.002560
0.000059 0.997132 0.002809
0.000157 0.998222 0.001621
0.792895 0.000075 0.207030
0.002104 0.978880 0.019016
0.074392 0.845503 0.080105
0.138638 0.000083 0.861279
0.911470 0.000000 0.088530
0.232788 0.000000 0.767212
0.294560 0.092740 0.612700
0.000006 0.999836 0.000158
0.786164 0.000000 0.213836
0.000035 0.999520 0.000445
0.032601 0.877388 0.090012
0.000237 0.996976 0.002786
0.625069 0.000000 0.374931
0.432463 0.000216 0.567321
0.039974 0.000005 0.960021
0.000000 1.000000 0.000000
0.136275 0.001653 0.862072
0.000001 0.999856 0.000143
0.480372 0.000000 0.519628
0.536160 0.275522 0.188318
0.001352 0.980371 0.018277
0.000000 0.999915 0.000085
0.000004 0.999712 0.000283
0.164728 0.000000 0.835272
0.757616 0.000000 0.242384
0.701540 0.000000 0.298460
0.000024 0.999112 0.000864
0.949162 0.000000 0.050838
0.052510 0.004882 0.942608
0.000001 0.999560 0.000439
0.000027 0.999544 0.000429
0.078698 0.819213 0.102090
0.000006 0.999894 0.000100
0.008291 0.950485 0.041224
0.005200 0.933602 0.061198
0.000000 0.999996 0.000004
0.109519 0.000000 0.890481
0.000002 0.998611 0.001387
0.592201 0.000000 0.407799
0.049632 0.903661 0.046708
0.016833 0.828857 0.154310
0.009968 0.950588 0.039444
0.265826 0.000003 0.734171
0.462148 0.078196 0.459656
0.000005 0.999599 0.000395
0.000000 0.999970 0.000030
0.554374 0.000009 0.445616
0.569148 0.000000 0.430852
0.308605 0.000000 0.691395
0.000678 0.988621 0.010701
0.121246 0.174071 0.704683
0.149275 0.000000 0.850725
0.651051 0.000088 0.348861
0.001234 0.988125 0.010641
0.002679 0.974827 0.022494
0.273429 0.472119 0.254452
0.000004 0.999597 0.000398
0.320849 0.000000 0.679150
0.000007 0.990319 0.009673
0.156658 0.010080 0.833263
0.000011 0.999733 0.000256
0.949120 -0.000000 0.050880
0.216300 0.321186 0.462514
0.000863 0.970395 0.028742
0.136770 0.655642 0.207587
0.000025 0.998957 0.001018
0.010379 0.971360 0.018261
0.580022 0.000001 0.419977
0.656507 0.000053 0.343440
0.000001 0.999844 0.000155
0.015172 0.921534 0.063294
0.097075 0.047884 0.855041
0.191641 0.000000 0.808358
0.000033 0.998376 0.001590
0.000000 0.999995 0.000005
0.000147 0.994764 0.005089
0.000352 0.990023 0.009625
0.000000 0.999915 0.000085
0.000174 0.996706 0.003120
0.002347 0.973294 0.024359
0.030494 0.000001 0.969505
0.015766 0.969326 0.014908
0.355173 0.000000 0.644827
0.034883 0.819291 0.145827
0.889892 -0.000000 0.110108
0.199479 0.000000 0.800521
0.000000 0.999934 0.000066
0.851793 0.000000 0.148207
0.154576 0.000035 0.845389
0.000516 0.997720 0.001765
0.529361 0.000000 0.470639
0.705590 0.000000 0.294410
0.676672 0.036578 0.286751
0.003687 0.974926 0.021387
0.003025 0.987640 0.009336
0.475024 0.000000 0.524976
0.000000 0.999992 0.000008
0.163218 0.000645 0.836136
0.524929 0.000000 0.475071
0.000026 0.996155 0.003819
0.806919 -0.000000 0.193081
0.018857 0.957669 0.023474
0.036172 0.012594 0.951234
0.533542 0.000324 0.466134
0.010629 0.799773 0.189598
0.930488 -0.000000 0.069512
0.205159 0.476113 0.318728
0.000037 0.991711 0.008252
0.000002 0.999804 0.000193
0.000651 0.996188 0.003161
0.000478 0.996697 0.002825
0.000023 0.999505 0.000472
0.941474 0.000000 0.058526
0.656094 0.015061 0.328846
0.000041 0.999736 0.000223
0.000021 0.998682 0.001297
0.320804 0.007118 0.672078
0.011810 0.937388 0.050802
0.091142 0.002348 0.906510
0.095306 0.224922 0.679772
0.075503 0.000000 0.924497
0.486086 0.000033 0.513882
0.113352 0.000000 0.886648
0.000898 0.935803 0.063299
0.001176 0.987808 0.011016
0.000000 0.999997 0.000003
0.138404 0.000000 0.861596
0.000649 0.989721 0.009629
0.808021 -0.000000 0.191979
0.831027 0.000000 0.168973
0.152455 0.383647 0.463898
0.971392 -0.000000 0.028608
0.002304 0.993479 0.004217
0.000002 0.999790 0.000208
0.058379 0.818695 0.122926
0.711869 0.000000 0.288131
0.000353 0.997642 0.002005
0.000008 0.999643 0.000350
0.521346 0.002997 0.475658
0.119780 0.000000 0.880220
0.000854 0.985807 0.013338
0.000013 0.999695 0.000292
0.013473 0.917778 0.068749
0.000049 0.998839 0.001112
0.000132 0.998394 0.001475
0.000073 0.997635 0.002293
0.140196 0.000000 0.859803
0.234587 0.002523 0.762890
0.312765 0.000000 0.687235
0.024400 0.773775 0.201825
0.389509 0.000002 0.610489
0.018040 0.959013 0.022947
0.000000 0.999996 0.000004
0.000000 0.999971 0.000029
0.010342 0.931044 0.058614
0.493430 0.005191 0.501379
0.128314 0.433455 0.438232
0.011853 0.943137 0.045010
0.105660 0.000084 0.894255
0.730263 0.000000 0.269737
0.407274 0.002683 0.590043
0.003107 0.989094 0.007799
0.081114 0.841755 0.077131
0.000251 0.971460 0.028289
0.002487 0.975889 0.021624
0.000034 0.998928 0.001038
0.003291 0.978399 0.018310
0.000003 0.995052 0.004944
0.582416 0.002781 0.414803
0.268133 0.121079 0.610788
0.004142 0.977960 0.017898
0.966055 0.000000 0.033945
0.768826 0.000000 0.231174
0.007879 0.958499 0.033622
0.008358 0.980202 0.011440
0.500532 0.000000 0.499468
0.003919 0.969630 0.026451
0.161063 0.000021 0.838915
0.955020 0.000000 0.044980
0.053888 0.101015 0.845097
0.825915 0.000000 0.174085
0.834397 0.000000 0.165603
0.000008 0.999814 0.000178
0.010261 0.945141 0.044598
0.001672 0.993439 0.004888
0.075155 0.000000 0.924845
0.000031 0.998238 0.001731
0.000140 0.991373 0.008487
0.000000 0.999998 0.000002
0.000001 0.999845 0.000154
0.001229 0.974053 0.024719
0.000002 0.999929 0.000069
0.180432 0.000311 0.819257
0.488768 0.100805 0.410428
0.000015 0.999184 0.000801
0.565704 0.000002 0.434294
0.251379 0.000005 0.748616
0.008316 0.970021 0.021664
0.284447 0.000119 0.715434
0.284422 0.560779 0.154799
0.037219 0.837388 0.125394
0.420955 0.130303 0.448742
0.493001 0.000000 0.506999
0.037408 0.846794 0.115798
0.000002 0.999918 0.000081
0.094656 0.012990 0.892354
0.001911 0.993946 0.004143
0.136868 0.693689 0.169443
0.798324 0.000000 0.201676
0.673827 0.000000 0.326173
0.608705 0.000595 0.390700
0.889786 0.000000 0.110214
0.550510 0.000000 0.449490
0.000103 0.997358 0.002539
0.000000 0.999998 0.000002
0.139069 0.104176 0.756755
0.011740 0.943215 0.045045
0.222537 0.006531 0.770932
0.001504 0.972531 0.025965
0.000000 0.999967 0.000033
0.109436 0.007942 0.882622
0.001193 0.975833 0.022974
0.000129 0.996348 0.003523
0.010911 0.975382 0.013707
0.006309 0.960112 0.033579
0.000001 0.999910 0.000089
0.066056 0.880888 0.053057
0.758819 0.000000 0.241181
0.000016 0.999068 0.000916
0.005533 0.930050 0.064416
0.731135 0.004665 0.264200
0.530850 0.000000 0.469150
0.526292 0.000045 0.473663
0.000070 0.997720 0.002209
0.000000 0.999989 0.000011
0.000000 0.999981 0.000019
0.003032 0.987258 0.009710
0.000059 0.999227 0.000714
0.757293 0.000000 0.242707
0.000079 0.998802 0.001118
0.048857 0.875525 0.075618
0.033991 0.745474 0.220535
0.000000 0.999985 0.000015
0.012299 0.788316 0.199384
0.144694 0.611539 0.243768
0.000313 0.997656 0.002030
0.000000 0.999999 0.000001
0.009731 0.890816 0.099454
0.000203 0.998233 0.001564
0.000004 0.999863 0.000133
0.000273 0.996892 0.002835
0.000145 0.997108 0.002747
0.084635 0.000000 0.915365
0.602023 0.000000 0.397977
0.000037 0.998579 0.001384
0.654547 0.041815 0.303638
0.591668 0.000080 0.408253
0.483711 0.000416 0.515873
0.115306 0.000298 0.884396
0.000002 0.999825 0.000173
0.000982 0.989035 0.009983
0.000003 0.999739 0.000258
0.378827 0.000011 0.621162
0.058301 0.687247 0.254451
0.000007 0.998148 0.001845
0.000000 0.999998 0.000002
0.000001 0.999739 0.000261
0.151162 0.000777 0.848061
0.001382 0.981000 0.017618
0.004879 0.963438 0.031683
0.000000 0.999963 0.000037
0.000114 0.998381 0.001505
0.129232 0.000000 0.870768
0.001041 0.992721 0.006239
0.006834 0.984861 0.008305
0.000144 0.997111 0.002745
0.000170 0.997312 0.002518
0.339503 0.004005 0.656492
0.000001 0.998768 0.001231
0.906010 0.000000 0.093990
0.000000 0.999999 0.000001
0.650207 0.000000 0.349793
0.004717 0.970779 0.024504
0.000000 0.999653 0.000347
0.391006 0.000000 0.608994
0.545772 0.004948 0.449280
0.003315 0.976585 0.020100
0.000050 0.998262 0.001688
0.033405 0.937967 0.028628
0.103102 0.752876 0.144021
0.075086 0.819019 0.105895
0.016489 0.864482 0.119029
0.089126 0.622946 0.287928
0.482841 0.000142 0.517017
0.000222 0.996209 0.003569
0.187786 0.542075 0.270139
0.098331 0.000520 0.901149
0.955824 0.000000 0.044176
0.006258 0.944206 0.049536
0.000000 0.999998 0.000002
0.034708 0.341604 0.623688
0.000001 0.999803 0.000195
0.663244 0.000000 0.336755
0.000001 0.999848 0.000151
0.688140 0.000000 0.311860
0.405800 0.001696 0.592503
0.001526 0.988391 0.010083
0.001317 0.994034 0.004649
0.836127 0.000000 0.163873
0.918220 0.000000 0.081780
0.137931 0.000000 0.862069
0.099621 0.000966 0.899413
0.237411 0.660492 0.102097
0.190072 0.041469 0.768458
0.143904 0.740019 0.116076
0.292210 0.059266 0.648524
0.731426 0.004704 0.263870
0.008440 0.828291 0.163270
0.000240 0.974789 0.024972
0.000259 0.996344 0.003397
0.520250 0.000000 0.479750
0.756434 0.000142 0.243424
0.044532 0.000000 0.955468
0.300178 0.005314 0.694507
0.006235 0.975524 0.018241
0.566936 0.000984 0.432080
0.000002 0.999747 0.000251
0.000000 0.999982 0.000018
0.003573 0.953292 0.043136
0.001454 0.987627 0.010919
0.003383 0.989961 0.006656
0.000655 0.995584 0.003761
0.624318 0.000003 0.375679
0.000825 0.990489 0.008686
0.002553 0.989861 0.007586
0.769511 0.000000 0.230489
0.453506 0.016405 0.530089
0.000001 0.999907 0.000092
0.000032 0.999466 0.000502
0.206589 0.000106 0.793305
0.319302 0.007133 0.673564
0.416596 0.000281 0.583123
0.000022 0.999154 0.000824
0.000001 0.999959 0.000040
0.828838 0.000000 0.171162
0.000005 0.998413 0.001581
0.000001 0.999735 0.000263
0.099369 0.000241 0.900390
0.207528 0.607787 0.184685
0.031279 0.850016 0.118705
0.641098 0.000000 0.358902
0.930749 0.000000 0.069251
0.003445 0.985371 0.011185
0.901623 0.000000 0.098377
0.000000 0.999999 0.000001
0.004165 0.982485 0.013350
0.000245 0.992611 0.007144
0.010590 0.950667 0.038742
0.000020 0.967202 0.032777
0.000095 0.997758 0.002146
0.006547 0.880937 0.112515
0.411436 0.000425 0.588139
0.000003 0.999901 0.000096
0.312180 0.000000 0.687819
0.001213 0.990664 0.008124
0.935010 0.000000 0.064990
0.529077 0.000001 0.470922
0.211236 0.334008 0.454757
0.975972 0.000000 0.024028
0.032374 0.050148 0.917478
0.070627 0.000222 0.929151
0.755860 0.000000 0.244140
0.639624 0.054413 0.305963
0.044506 0.851553 0.103941
0.005799 0.970976 0.023225
0.623615 0.000000 0.376385
0.743300 -0.000000 0.256700
0.012823 0.938096 0.049080
0.149269 0.795090 0.055641
0.011476 0.925963 0.062561
0.000000 0.999999 0.000001
0.268176 0.000091 0.731732
0.352674 0.000000 0.647326
0.000000 0.999903 0.000097
0.006760 0.984884 0.008356
0.288524 0.092010 0.619467
0.199753 0.000389 0.799858
0.000000 0.999963 0.000037
0.000172 0.995825 0.004003
0.012928 0.933403 0.053669
0.035576 0.495919 0.468505
0.001728 0.986218 0.012054
0.000000 0.999984 0.000016
0.025699 0.000002 0.974299
0.003572 0.969987 0.026441
0.765876 0.000001 0.234123
0.000025 0.996099 0.003876
0.000593 0.991946 0.007460
0.410913 0.004486 0.584601
0.000000 0.999836 0.000163
0.007580 0.919127 0.073293
0.000560 0.990122 0.009318
0.658311 0.000000 0.341689
0.816093 0.000000 0.183906
0.003538 0.970400 0.026062
0.000000 0.999951 0.000048
0.000000 0.999964 0.000036
0.000036 0.999492 0.000472
0.000018 0.999726 0.000256
0.277303 0.000000 0.722697
0.944120 -0.000000 0.055880
0.000179 0.990529 0.009292
0.066846 0.749834 0.183321
0.000037 0.999360 0.000603
0.000755 0.992630 0.006615
0.000082 0.996977 0.002941
0.594915 0.000000 0.405085
0.000506 0.975179 0.024315
0.000000 0.999998 0.000002
0.214651 0.000223 0.785125
0.076957 0.865017 0.058026
0.883125 -0.000000 0.116875
0.000052 0.991152 0.008795
0.003733 0.974749 0.021518
0.688326 0.000021 0.311653
0.000000 0.999846 0.000154
0.000873 0.985347 0.013779
0.000024 0.998733 0.001243
0.292290 0.001794 0.705916
0.000020 0.999744 0.000236
0.837581 0.000000 0.162419
0.297749 0.000000 0.702251
0.866990 0.000000 0.133010
0.000036 0.997644 0.002320
0.000002 0.999788 0.000211
0.866226 0.000000 0.133774
0.378360 0.000000 0.621640
0.000002 0.999740 0.000257
0.809061 0.000002 0.190938
0.728145 0.000001 0.271854
0.005753 0.959443 0.034804
0.235209 0.697826 0.066966
0.501822 0.000306 0.497872
0.425637 0.004374 0.569989
0.006116 0.970016 0.023868
0.064929 0.860870 0.074201
0.004607 0.985856 0.009538
0.288285 0.000246 0.711469
0.351175 0.361995 0.286830
0.000273 0.995597 0.004130
0.876456 0.000000 0.123544
0.000001 0.999692 0.000307
0.000307 0.997124 0.002569
0.077473 0.000000 0.922527
0.769385 0.000000 0.230615
0.011807 0.942006 0.046187
0.004631 0.966697 0.028672
0.000000 0.999995 0.000005
0.000000 0.999986 0.000014
0.000167 0.996106 0.003728
0.003576 0.867199 0.129225
0.000000 0.999900 0.000100
0.000150 0.976722 0.023128
0.015041 0.943335 0.041624
0.605261 0.000000 0.394739
0.725900 0.000400 0.273700
0.000000 0.999998 0.000002
0.000002 0.999398 0.000600
0.171834 0.000243 0.827923
0.744853 0.000000 0.255146
0.961959 0.000000 0.038041
0.001204 0.934886 0.063910
0.000043 0.999540 0.000417
0.039109 0.814496 0.146396
0.000000 0.999996 0.000004
0.000004 0.999613 0.000384
0.000007 0.998249 0.001744
0.000005 0.999596 0.000399
0.000114 0.997867 0.002018
0.000076 0.997165 0.002759
0.155165 0.557562 0.287273
0.042813 0.821350 0.135837
0.923512 0.000000 0.076488
0.000031 0.999607 0.000362
0.000043 0.998478 0.001479
0.466669 0.001418 0.531913
0.099050 0.001326 0.899624
0.000230 0.995286 0.004484
0.304626 0.000000 0.695374
0.000300 0.995274 0.004426
0.000452 0.991808 0.007739
0.000000 0.999978 0.000021
0.001282 0.988733 0.009985
0.010345 0.943964 0.045692
0.064980 0.775202 0.159818
0.024971 0.876134 0.098895
0.000783 0.996646 0.002571
0.626899 0.000000 0.373101
0.000167 0.995103 0.004730
0.945776 -0.000000 0.054224
0.000004 0.999442 0.000555
0.000185 0.998511 0.001304
0.188108 0.000017 0.811875
0.000824 0.987898 0.011278
0.014848 0.937603 0.047549
0.000043 0.998420 0.001537
0.286517 0.535295 0.178188
0.000272 0.994982 0.004747
0.153308 0.000015 0.846677
0.602538 0.000000 0.397462
0.000907 0.993923 0.005169
0.000717 0.989947 0.009336
0.000121 0.998713 0.001166
0.329667 0.007813 0.662520
0.327580 0.023639 0.648781
0.539772 0.000008 0.460220
0.004677 0.968721 0.026602
0.001099 0.994598 0.004303
0.102146 0.000331 0.897523
0.000136 0.996195 0.003668
0.000479 0.997370 0.002151
0.000002 0.998973 0.001025
0.000087 0.997219 0.002694
0.012020 0.967925 0.020055
0.696941 0.000003 0.303056
0.718083 0.000000 0.281917
0.368741 0.000000 0.631259
0.001308 0.993077 0.005615
0.631880 0.037445 0.330674
0.921442 0.000000 0.078558
0.165286 0.000000 0.834713
0.000000 0.999999 0.000001
0.350218 0.418976 0.230806
0.630492 0.000800 0.368708
0.000145 0.994660 0.005195
0.000034 0.993601 0.006365
0.000099 0.998064 0.001837
0.672629 0.000000 0.327371
0.081330 0.001947 0.916722
0.000000 0.999991 0.000009
0.019747 0.952559 0.027694
0.000119 0.997714 0.002167
0.946073 0.000000 0.053927
0.002490 0.968846 0.028664
0.064854 0.716036 0.219111
0.002599 0.979176 0.018225
0.594832 0.000000 0.405168
0.000953 0.990230 0.008817
0.002766 0.928906 0.068328
0.000001 0.999909 0.000090
0.004056 0.969968 0.025976
0.003446 0.977522 0.019032
0.209856 0.000002 0.790142
0.002774 0.978882 0.018344
0.000885 0.986793 0.012321
0.000019 0.998939 0.001041
0.177885 0.132776 0.689339
0.099111 0.000075 0.900814
0.004321 0.970702 0.024976
0.000000 0.999845 0.000155
0.028544 0.000007 0.971449
0.000000 0.999983 0.000017
0.625352 0.000032 0.374616
0.000000 0.999992 0.000008
0.762523 0.000000 0.237477
0.000419 0.985420 0.014160
0.000684 0.997681 0.001634
0.721987 0.000000 0.278013
0.000627 0.985294 0.014080
0.000000 0.999999 0.000001
0.000000 0.999998 0.000002
0.139638 0.000022 0.860340
0.028686 0.773880 0.197435
0.000285 0.986573 0.013142
0.830785 0.000000 0.169215
0.965316 -0.000000 0.034684
0.000569 0.997107 0.002324
0.002989 0.758999 0.238011
0.693368 0.000010 0.306623
0.018300 0.929000 0.052699
0.000003 0.999879 0.000119
0.000364 0.993492 0.006144
0.431409 0.000000 0.568591
0.687514 0.000010 0.312476
0.000824 0.990550 0.008626
0.022079 0.906782 0.071140
0.502426 0.000029 0.497545
0.001453 0.988999 0.009548
0.000493 0.992355 0.007152
0.017731 0.712587 0.269682
0.014788 0.972769 0.012444
0.156526 0.000680 0.842793
0.000000 0.999960 0.000040
0.000157 0.996266 0.003577
0.893559 0.000000 0.106441
0.971282 -0.000000 0.028718
0.000000 0.999975 0.000025
0.481191 0.000039 0.518770
0.002605 0.989824 0.007570
0.002018 0.982302 0.015679
0.002285 0.973430 0.024285
0.027551 0.298705 0.673745
0.000002 0.999794 0.000204
0.654452 0.000023 0.345525
0.066016 0.480615 0.453369
0.001638 0.889965 0.108397
0.331634 0.042554 0.625813
0.597780 0.097981 0.304239
0.007458 0.976935 0.015607
0.000172 0.997381 0.002447
0.038480 0.886827 0.074693
0.000000 0.999998 0.000002
0.000002 0.999648 0.000349
0.009168 0.949436 0.041397
0.000642 0.996150 0.003208
0.219957 0.000001 0.780042
0.000000 0.999995 0.000005
0.001054 0.984931 0.014015
0.822047 0.000000 0.177953
0.000000 0.999995 0.000005
0.000160 0.997808 0.002032
0.688433 0.000000 0.311566
0.000000 0.999985 0.000015
0.038261 0.918525 0.043214
0.000445 0.995641 0.003915
0.000000 0.999102 0.000897
0.000000 0.999964 0.000035
0.029303 0.949367 0.021330
0.000013 0.999088 0.000899
0.610504 0.000002 0.389494
0.845883 0.000000 0.154117
0.003600 0.976544 0.019856
0.505002 0.000000 0.494997
0.007866 0.978786 0.013347
0.002145 0.921302 0.076553
0.000004 0.999874 0.000122
0.109657 0.843847 0.046497
0.003348 0.863120 0.133532
0.001177 0.994451 0.004373
0.001164 0.979243 0.019593
0.184120 0.000004 0.815877
0.001328 0.984500 0.014171
0.000000 0.999989 0.000011
0.001716 0.982045 0.016240
0.000073 0.998333 0.001593
0.695422 0.000000 0.304578
0.000027 0.999092 0.000882
0.000558 0.989227 0.010216
0.001382 0.985802 0.012816
0.000176 0.993931 0.005894
0.323718 0.001209 0.675073
0.000022 0.998912 0.001066
0.265215 0.247034 0.487751
0.000001 0.999377 0.000622
0.000532 0.994418 0.005050
0.567729 0.000009 0.432262
0.001440 0.986143 0.012417
0.171968 0.502921 0.325111
0.000484 0.997601 0.001916
0.007442 0.908438 0.084121
0.000133 0.994658 0.005209
0.001594 0.980150 0.018256
0.000000 0.999799 0.000201
0.992276 0.000000 0.007724
0.000008 0.999452 0.000540
0.645033 0.004933 0.350034
0.000000 0.999986 0.000014
0.000584 0.985249 0.014167
0.536931 0.000000 0.463069
0.000344 0.998167 0.001489
0.308061 0.000432 0.691507
0.073355 0.000201 0.926444
0.361986 0.000000 0.638014
0.436779 0.000001 0.563221
0.426741 0.000000 0.573259
0.000001 0.999814 0.000186
0.000000 0.999987 0.000013
0.247977 0.290181 0.461842
0.041615 0.930258 0.028127
0.000013 0.999165 0.000822
0.435406 0.111186 0.453408
0.906230 0.000000 0.093770
0.000001 0.999868 0.000131
0.018546 0.947312 0.034142
0.044604 0.854243 0.101153
0.000140 0.997502 0.002359
0.015319 0.923616 0.061065
0.000221 0.996056 0.003723
0.018362 0.961850 0.019788
0.001030 0.989493 0.009477
0.723057 0.001065 0.275879
0.000000 0.999998 0.000002
0.000227 0.995752 0.004021
0.007120 0.978905 0.013975
0.335652 0.000000 0.664348
0.000028 0.994672 0.005300
0.693098 0.000033 0.306869
0.000801 0.988492 0.010707
0.000000 0.999981 0.000019
0.019126 0.892750 0.088124
0.000161 0.996446 0.003393
0.000110 0.997105 0.002785
0.572836 0.005070 0.422095
0.555950 0.000034 0.444015
0.013945 0.808628 0.177427
0.005097 0.983357 0.011546
0.000015 0.999808 0.000176
0.267402 0.187041 0.545557
0.199109 0.000000 0.800891
0.000000 0.999989 0.000011
0.014380 0.934488 0.051132
0.002769 0.977438 0.019793
0.030113 0.296082 0.673805
0.000024 0.999530 0.000446
0.657498 0.000001 0.342502
0.007262 0.982006 0.010733
0.000000 0.999949 0.000051
0.237452 0.549326 0.213222
0.023511 0.892001 0.084488
0.393390 0.000009 0.606602
0.057847 0.018130 0.924023
0.532916 0.000000 0.467084
0.000676 0.989530 0.009794
0.000000 0.999994 0.000006
0.001826 0.992597 0.005577
0.341692 0.000002 0.658306
0.718152 0.000000 0.281848
0.736559 0.000002 0.263439
0.000139 0.999161 0.000700
0.000075 0.998981 0.000945
0.890409 0.000000 0.109591
0.552053 0.000002 0.447946
0.801096 0.000000 0.198904
0.374618 0.000000 0.625382
0.811799 0.000000 0.188201
0.390738 0.000154 0.609107
0.000000 0.999927 0.000073
0.003142 0.975078 0.021779
0.000116 0.984581 0.015304
0.000117 0.998629 0.001254
0.000003 0.999707 0.000289
0.000002 0.999773 0.000224
0.000007 0.999366 0.000626
0.555449 0.032908 0.411643
0.000470 0.997465 0.002065
0.944513 0.000000 0.055487
0.630878 0.087442 0.281680
0.000019 0.999661 0.000320
0.000000 0.999999 0.000001
0.080528 0.824814 0.094659
0.247485 0.507028 0.245487
0.000001 0.999882 0.000117
0.006740 0.949349 0.043910
0.000142 0.997984 0.001874
0.000001 0.999857 0.000142
0.395418 0.469761 0.134821
0.000357 0.995036 0.004607
0.702865 0.004291 0.292844
0.000012 0.999500 0.000488
0.000279 0.991515 0.008206
0.947667 0.000000 0.052333
0.002040 0.968492 0.029469
0.004360 0.968895 0.026745
0.642894 0.000002 0.357104
0.830920 0.000000 0.169080
0.000000 0.999996 0.000004
0.000007 0.999815 0.000178
0.001549 0.982694 0.015757
0.000778 0.995063 0.004158
0.000001 0.999894 0.000105
0.418807 0.444549 0.136644
0.000001 0.999493 0.000506
0.000012 0.998356 0.001631
0.006305 0.966276 0.027418
0.000057 0.999431 0.000511
0.286544 0.078997 0.634460
0.089435 0.640652 0.269913
0.000023 0.998834 0.001142
0.000346 0.996121 0.003533
0.244064 0.528809 0.227127
0.268328 0.000000 0.731672
0.000515 0.985443 0.014042
0.000019 0.999109 0.000872
0.000019 0.999203 0.000777
0.039424 0.053187 0.907389
0.000041 0.998890 0.001069
0.523817 0.000000 0.476183
0.614293 0.114525 0.271182
0.528776 0.062158 0.409066
0.000231 0.994611 0.005157
0.031387 0.847935 0.120678
0.024941 0.957145 0.017914
0.000170 0.997913 0.001916
0.440406 0.000000 0.559594
0.000000 0.999652 0.000347
0.000708 0.994878 0.004414
0.043539 0.852900 0.103561
0.712842 0.000000 0.287158
0.000248 0.998350 0.001402
0.000007 0.999854 0.000139
0.293618 0.000000 0.706382
0.802889 0.000117 0.196995
0.004922 0.984861 0.010217
0.000001 0.999965 0.000034
0.001085 0.989157 0.009759
0.000289 0.995631 0.004079
0.503306 0.112025 0.384669
0.000004 0.999645 0.000350
0.268839 0.510434 0.220727
0.000290 0.996911 0.002799
0.833565 0.000000 0.166435
0.017559 0.963599 0.018843
0.383880 0.274574 0.341546
0.000969 0.991862 0.007169
0.000981 0.980612 0.018407
0.000010 0.999240 0.000750
0.009765 0.959112 0.031122
0.774787 0.000000 0.225213
0.007458 0.964483 0.028058
0.104283 0.008417 0.887300
0.031248 0.895135 0.073617
0.000440 0.988392 0.011168
0.148899 0.000005 0.851095
0.272873 0.000041 0.727085
0.180207 0.000001 0.819792
0.207593 0.000001 0.792406
0.521364 0.005345 0.473291
0.000014 0.999093 0.000893
0.125696 0.621350 0.252954
0.009162 0.948248 0.042590
0.611716 0.000000 0.388284
0.018325 0.955088 0.026587
0.000009 0.999406 0.000585
0.007197 0.980071 0.012733
0.003745 0.980515 0.015740
0.000015 0.998900 0.001085
0.886452 0.000000 0.113548
0.000064 0.998093 0.001843
0.000000 1.000000 0.000000
0.000012 0.999435 0.000553
0.733844 0.000003 0.266153
0.019702 0.914739 0.065559
0.000060 0.997458 0.002481
0.000000 0.999985 0.000015
0.000095 0.996786 0.003119
0.033440 0.926978 0.039583
0.599844 0.000826 0.399329
0.000348 0.997764 0.001889
0.235005 0.671404 0.093591
0.000008 0.999632 0.000360
0.000039 0.996080 0.003881
0.030438 0.905834 0.063728
0.533752 0.000003 0.466244
0.625134 0.000000 0.374866
0.147082 0.699267 0.153650
0.000201 0.995216 0.004583
0.933144 0.000000 0.066856
0.882045 0.000000 0.117955
0.001085 0.988357 0.010559
0.000028 0.999613 0.000358
0.000035 0.998368 0.001597
0.482694 0.106759 0.410547
0.000029 0.995868 0.004103
0.000037 0.998601 0.001362
0.152553 0.000055 0.847392
0.000101 0.997669 0.002230
0.002535 0.978646 0.018818
0.000000 0.999957 0.000043
0.000074 0.997041 0.002885
0.000007 0.999489 0.000504
0.000006 0.999680 0.000314
0.053858 0.001087 0.945055
0.309829 0.000009 0.690162
0.242633 0.454898 0.302468
0.595002 0.004974 0.400024
0.602687 0.000001 0.397312
0.001107 0.987154 0.011739
0.058828 0.031869 0.909303
0.551147 0.000038 0.448815
0.000336 0.993732 0.005932
0.004256 0.987361 0.008382
0.028029 0.903986 0.067985
0.006731 0.954584 0.038684
0.000000 0.999828 0.000171
0.000000 0.999904 0.000096
0.000000 1.000000 0.000000
0.000074 0.997955 0.001971
0.009892 0.971170 0.018938
0.687935 0.000000 0.312065
0.000002 0.999624 0.000374
0.000382 0.990351 0.009268
0.802181 0.000000 0.197819
0.000001 0.999885 0.000115
0.000520 0.988194 0.011287
0.002514 0.983569 0.013917
0.000002 0.999950 0.000048
0.155112 0.000000 0.844888
0.555619 0.000075 0.444307
0.002084 0.979286 0.018629
0.000118 0.999290 0.000592
0.000941 0.979769 0.019290
0.000001 0.999668 0.000331
0.000014 0.998997 0.000989
0.172081 0.563483 0.264436
0.000389 0.992085 0.007526
0.000034 0.999258 0.000708
0.000014 0.997089 0.002896
0.000099 0.997955 0.001946
0.000000 0.999992 0.000008
0.023178 0.896544 0.080278
0.104179 0.000003 0.895818
0.269403 0.000000 0.730597
0.000001 0.999653 0.000346
0.741838 0.002536 0.255626
0.040470 0.633752 0.325778
0.004946 0.966308 0.028746
0.021134 0.905474 0.073392
0.540918 0.001695 0.457388
0.000000 0.999997 0.000003
0.092630 0.000025 0.907345
0.036526 0.934243 0.029230
0.063577 0.762026 0.174397
0.000009 0.999422 0.000569
0.000011 0.999814 0.000175
0.000155 0.994301 0.005544
0.000053 0.997863 0.002084
0.000004 0.999689 0.000306
0.827170 0.000001 0.172829
0.816403 0.000000 0.183597
0.000901 0.987905 0.011193
0.007479 0.972432 0.020089
0.000000 0.999995 0.000005
0.159226 0.034726 0.806048
0.023021 0.895790 0.081189
0.001289 0.988208 0.010503
0.001862 0.972470 0.025668
0.809047 0.000000 0.190953
0.535750 0.000000 0.464250
0.569220 0.000000 0.430780
0.000017 0.999246 0.000737
0.000000 0.999919 0.000081
0.001401 0.951858 0.046741
0.846324 0.000000 0.153676
0.003497 0.944096 0.052407
0.829764 0.000001 0.170235
0.101821 0.011006 0.887174
0.413867 0.221606 0.364527
0.000000 0.999942 0.000058
0.285273 0.000004 0.714723
0.013251 0.968174 0.018574
0.008289 0.895294 0.096417
0.000000 0.999874 0.000125
0.000002 0.999799 0.000199
0.000016 0.999706 0.000278
0.452552 0.098780 0.448669
0.000000 0.999999 0.000001
0.873128 0.000000 0.126872
0.003037 0.939536 0.057428
0.000000 0.999998 0.000002
0.000010 0.999353 0.000637
0.501105 0.000000 0.498895
0.589346 0.000000 0.410654
0.594131 0.089970 0.315899
0.295777 0.394479 0.309744
0.553276 0.000166 0.446559
0.002004 0.990288 0.007708
0.157925 0.000000 0.842075
0.490643 0.000005 0.509352
0.000000 0.999965 0.000035
0.011325 0.957030 0.031645
0.760099 0.000011 0.239890
0.708989 0.000000 0.291011
0.000528 0.987223 0.012249
0.493927 0.000000 0.506073
0.000000 0.999997 0.000003
0.000018 0.999309 0.000673
0.382181 0.000000 0.617819
0.000794 0.992728 0.006479
0.000000 0.999998 0.000002
0.876837 0.000000 0.123163
0.294588 0.003397 0.702015
0.027589 0.788307 0.184104
0.925110 0.000000 0.074890
0.000044 0.999276 0.000680
0.000046 0.998529 0.001425
0.707252 0.000000 0.292748
0.000010 0.999475 0.000515
0.935816 -0.000000 0.064184
0.000119 0.998409 0.001472
0.000000 0.999934 0.000065
0.927876 -0.000000 0.072124
0.080761 0.000529 0.918710
0.172638 0.666797 0.160564
0.000331 0.996357 0.003312
0.000009 0.999262 0.000729
0.673146 0.000416 0.326438
0.865227 0.000000 0.134773
0.000091 0.996894 0.003015
0.000000 0.999966 0.000034
0.005047 0.973913 0.021040
0.000010 0.999334 0.000656
0.154140 0.000010 0.845850
0.713422 0.000000 0.286578
0.058271 0.782288 0.159441
0.796939 0.000000 0.203061
0.373436 0.071859 0.554705
0.000199 0.995411 0.004389
0.003112 0.976864 0.020024
0.077377 0.000251 0.922372
0.575242 0.076005 0.348753
0.000377 0.998449 0.001174
0.001195 0.983233 0.015572
0.732170 0.000000 0.267830
0.003123 0.970387 0.026490
0.000000 0.999991 0.000009
0.000032 0.998861 0.001107
0.000896 0.990702 0.008403
0.003855 0.974070 0.022075
0.004733 0.970865 0.024402
0.824266 0.000000 0.175734
0.000059 0.997474 0.002468
0.000005 0.999826 0.000169
0.937016 0.000000 0.062984
0.000000 0.999996 0.000004
0.676643 0.000000 0.323357
0.418538 0.000006 0.581455
0.014308 0.237890 0.747802
0.005608 0.982951 0.011441
0.112759 0.000362 0.886879
0.000061 0.999070 0.000868
0.262275 0.052979 0.684746
0.001542 0.992325 0.006133
0.000449 0.987718 0.011833
0.001618 0.945081 0.053301
0.000003 0.999217 0.000781
0.000544 0.993704 0.005752
0.000034 0.999291 0.000675
0.653109 0.000000 0.346891
0.000021 0.998967 0.001012
0.650100 0.000000 0.349900
0.304648 0.000001 0.695351
0.758236 0.000000 0.241764
0.000100 0.999217 0.000683
0.000014 0.997881 0.002105
0.013068 0.935465 0.051468
0.000011 0.999412 0.000577
0.046755 0.900359 0.052886
0.790524 0.000285 0.209191
0.394682 0.000000 0.605318
0.000001 0.999951 0.000048
0.865893 0.000001 0.134106
0.000013 0.999473 0.000514
0.000007 0.999523 0.000470
0.001901 0.990732 0.007367
0.001657 0.973035 0.025309
0.939282 0.000000 0.060718
0.000012 0.999483 0.000505
0.035377 0.564985 0.399637
0.093625 0.801001 0.105374
0.006288 0.925581 0.068131
0.143008 0.530236 0.326756
0.000000 0.999938 0.000062
0.807550 0.000000 0.192450
0.781681 0.000000 0.218319
0.000003 0.999849 0.000148
0.000010 0.999230 0.000760
0.930300 -0.000000 0.069700
0.002249 0.971773 0.025978
0.931391 0.000000 0.068609
0.000006 0.999500 0.000493
0.001307 0.984087 0.014606
0.173177 0.000000 0.826823
0.000001 0.999925 0.000073
0.000015 0.999688 0.000297
0.000290 0.994915 0.004795
0.000029 0.999657 0.000314
0.706462 0.003635 0.289903
0.094172 0.001580 0.904248
0.820391 0.000000 0.179609
0.011345 0.979335 0.009320
0.679211 0.000000 0.320789
0.000000 0.999993 0.000007
0.000000 1.000000 0.000000
0.000411 0.994695 0.004894
0.101359 0.693027 0.205613
0.064412 0.879954 0.055634
0.525887 0.000075 0.474037
0.197604 0.000001 0.802395
0.162941 0.000256 0.836803
0.000029 0.999121 0.000851
0.000000 0.999999 0.000001
0.130012 0.000093 0.869895
0.408378 0.000000 0.591622
0.516280 0.000053 0.483666
0.000007 0.999572 0.000421
0.000117 0.997253 0.002629
0.806321 0.000000 0.193679
0.000152 0.998502 0.001346
0.000000 0.999992 0.000008
0.792314 0.000000 0.207686
0.000125 0.996309 0.003566
0.806457 0.000000 0.193543
0.000063 0.997705 0.002232
0.000005 0.999587 0.000407
0.001443 0.980609 0.017948
0.141595 0.000379 0.858026
0.007386 0.978310 0.014304
0.000000 0.999957 0.000042
0.000858 0.980144 0.018998
0.000010 0.999120 0.000870
0.302359 0.279664 0.417977
0.000001 0.999909 0.000090
0.000083 0.998332 0.001585
0.991315 0.000000 0.008685
0.004202 0.972113 0.023685
0.040852 0.865347 0.093801
0.116093 0.007531 0.876376
0.008204 0.978541 0.013255
0.008509 0.943333 0.048159
0.009609 0.894187 0.096204
0.000000 0.999969 0.000031
0.000146 0.995341 0.004512
0.106565 0.000416 0.893019
0.696035 0.000000 0.303965
0.000009 0.999801 0.000190
0.005444 0.983168 0.011388
0.301454 0.014177 0.684369
0.018556 0.932735 0.048710
0.778885 0.000000 0.221115
0.000087 0.999139 0.000775
0.197227 0.547633 0.255141
0.000000 0.999932 0.000068
0.001099 0.991848 0.007054
0.031647 0.406620 0.561732
0.000537 0.990572 0.008891
0.662532 0.000000 0.337468
0.000033 0.998447 0.001520
0.693705 0.000001 0.306294
0.003356 0.016527 0.980118
0.000192 0.999149 0.000659
0.814604 0.000000 0.185396
0.000000 0.999970 0.000030
0.739654 0.000000 0.260345
0.017424 0.960849 0.021726
0.079612 0.000164 0.920224
0.096383 0.103616 0.800001
0.836801 0.000000 0.163199
0.324432 0.000001 0.675567
0.000005 0.999547 0.000448
0.055341 0.064425 0.880234
0.690934 0.000000 0.309066
0.396336 0.000144 0.603520
0.000831 0.979834 0.019335
0.744606 0.000000 0.255394
0.441506 0.005682 0.552812
0.000050 0.997449 0.002502
0.000000 0.999994 0.000006
0.795838 0.007633 0.196529
0.324555 0.000006 0.675438
0.401406 0.000281 0.598312
0.000010 0.999823 0.000167
0.301541 0.000000 0.698459
0.000986 0.995336 0.003678
0.000000 0.999999 0.000001
0.010552 0.949611 0.039837
0.000065 0.997979 0.001956
0.000001 0.999887 0.000112
0.000304 0.994733 0.004963
0.000897 0.980046 0.019058
0.876880 0.000000 0.123120
0.000000 0.999980 0.000020
0.564902 0.000010 0.435088
0.000002 0.999753 0.000244
0.197603 0.689657 0.112740
0.010335 0.957250 0.032416
0.000041 0.999009 0.000950
0.000000 0.999983 0.000017
0.009542 0.946872 0.043586
0.931620 0.000000 0.068380
0.000195 0.989672 0.010133
0.000001 0.999518 0.000481
0.000284 0.998311 0.001405
0.016365 0.856288 0.127347
0.000000 0.999830 0.000170
0.000006 0.999541 0.000453
0.022776 0.798342 0.178883
0.020078 0.911123 0.068799
0.000000 0.999976 0.000024
0.000197 0.995915 0.003888
0.508064 0.071958 0.419978
0.535151 0.000395 0.464454
0.866626 0.000000 0.133374
0.000256 0.992575 0.007169
0.097780 0.041849 0.860372
0.000513 0.995343 0.004145
0.000000 0.999978 0.000022
0.854535 0.000000 0.145465
0.734341 0.001341 0.264318
0.154800 0.000000 0.845200
0.000042 0.999350 0.000608
0.616836 0.000001 0.383164
0.087991 0.820367 0.091642
0.118693 0.633210 0.248097
0.578248 0.022329 0.399424
0.000589 0.988099 0.011312
0.186030 0.009159 0.804811
0.000000 0.999994 0.000006
0.007488 0.979308 0.013204
0.000018 0.999007 0.000975
0.000223 0.996400 0.003378
0.581884 0.000310 0.417806
0.000256 0.997982 0.001762
0.000119 0.996459 0.003422
0.753597 0.000000 0.246403
0.643552 0.000031 0.356417
0.605362 0.000341 0.394297
0.000001 0.999708 0.000291
0.295326 0.068217 0.636457
0.236802 0.127721 0.635477
0.007391 0.972339 0.020269
0.097951 0.000187 0.901862
0.000000 0.999990 0.000010
0.177839 0.325270 0.496891
0.075037 0.889274 0.035689
0.676916 0.000038 0.323047
0.097018 0.000014 0.902967
0.025374 0.931028 0.043597
0.423913 0.000283 0.575804
0.659070 0.101763 0.239167
0.000279 0.995886 0.003835
0.303141 0.000000 0.696859
0.016049 0.965616 0.018335
0.239287 0.000000 0.760712
0.485767 0.024597 0.489636
0.000300 0.998062 0.001638
0.000028 0.990531 0.009441
0.000845 0.992724 0.006431
0.009832 0.900042 0.090125
0.000010 0.999529 0.000461
0.641071 0.000021 0.358908
0.000002 0.999799 0.000200
0.000068 0.997925 0.002007
0.000042 0.999562 0.000396
0.393243 0.000000 0.606757
0.842685 0.000000 0.157315
0.002077 0.988066 0.009856
0.000128 0.997506 0.002366
0.068332 0.739341 0.192327
0.000019 0.999581 0.000400
0.923797 0.000000 0.076203
0.000290 0.995168 0.004541
0.721313 0.000000 0.278687
0.000057 0.999414 0.000529
0.017744 0.921355 0.060901
0.000002 0.999675 0.000323
0.000002 0.999711 0.000287
0.253620 0.467379 0.279001
0.000002 0.999835 0.000164
0.016707 0.895507 0.087786
0.709345 0.000000 0.290655
0.000238 0.995277 0.004485
0.015807 0.914122 0.070072
0.000308 0.994422 0.005270
0.110036 0.000000 0.889964
0.000000 0.999837 0.000163
0.004685 0.971103 0.024211
0.640599 0.001328 0.358073
0.006056 0.919903 0.074041
0.000007 0.998990 0.001003
0.563173 0.015181 0.421645
0.293336 0.006421 0.700243
0.000000 0.999999 0.000001
0.651746 0.000000 0.348254
0.000000 0.999981 0.000019
0.005612 0.958482 0.035907
0.115664 0.485154 0.399181
0.276431 0.000000 0.723569
0.131039 0.000119 0.868842
0.015508 0.957544 0.026948
0.000020 0.998962 0.001018
0.287619 0.010094 0.702287
0.001730 0.979642 0.018628
0.005031 0.965126 0.029843
0.268967 0.002308 0.728725
0.005707 0.975697 0.018596
0.002160 0.987289 0.010552
0.711277 0.000369 0.288355
0.667645 0.000000 0.332355
0.820515 0.000001 0.179484
0.394626 0.270084 0.335290
0.000135 0.997959 0.001906
0.260806 0.000045 0.739149
0.238055 0.419566 0.342379
0.864712 0.000000 0.135288
0.839207 0.000004 0.160790
0.001934 0.994892 0.003174
0.000077 0.996995 0.002928
0.000349 0.991124 0.008527
0.000003 0.999915 0.000082
0.718468 0.000000 0.281532
0.001774 0.990080 0.008146
0.005768 0.962553 0.031679
0.008383 0.974155 0.017462
0.000016 0.999608 0.000377
0.673547 -0.000000 0.326453
0.243875 0.168716 0.587409
0.227577 0.002090 0.770333
0.000057 0.999091 0.000852
0.590807 0.000493 0.408700
0.915876 0.000000 0.084124
0.828662 0.000000 0.171338
0.001959 0.976077 0.021964
0.286949 0.081789 0.631262
0.000174 0.994066 0.005760
0.654338 0.000000 0.345662
0.000009 0.999750 0.000240
0.000028 0.999492 0.000479
0.107752 0.000030 0.892218
0.492944 0.001869 0.505187
0.000001 0.999955 0.000044
0.004841 0.979954 0.015205
0.000016 0.999583 0.000401
0.000000 0.999900 0.000100
0.000215 0.996655 0.003130
0.063215 0.860223 0.076562
0.000164 0.992436 0.007400
0.000057 0.996788 0.003155
0.729889 0.000697 0.269414
0.291822 0.000000 0.708178
0.013845 0.968997 0.017157
0.001613 0.974756 0.023631
0.000169 0.995692 0.004139
0.396976 0.132283 0.470742
0.000114 0.996869 0.003016
0.000842 0.995023 0.004136
0.024448 0.000106 0.975446
0.000008 0.999901 0.000091
0.000010 0.999449 0.000541
0.001022 0.985277 0.013701
0.475671 0.000005 0.524324
0.116855 0.431348 0.451797
0.602102 0.000000 0.397898
0.063888 0.823540 0.112572
0.000002 0.999096 0.000902
0.111395 0.663313 0.225292
0.000000 0.999975 0.000025
0.557935 0.000017 0.442048
0.151008 0.002359 0.846633
0.073772 0.689998 0.236230
0.417391 0.000729 0.581880
0.117071 0.000000 0.882929
0.915412 0.000000 0.084588
0.000003 0.999741 0.000256
0.007843 0.970687 0.021469
0.716574 0.000401 0.283025
0.779601 0.000022 0.220377
0.000014 0.996959 0.003027
0.000026 0.999186 0.000789
0.001284 0.988893 0.009823
