0.999831 0.000000 0.000169 0.000000
0.000469 0.000000 0.999531 -0.000000
0.001352 0.000000 0.998648 -0.000000
0.054620 -0.000000 0.945380 -0.000000
0.641930 0.000000 0.358070 0.000000
0.999995 -0.000000 0.000005 0.000000
0.025277 -0.000000 0.974723 -0.000000
0.328235 0.000000 0.671765 -0.000000
0.041507 -0.000000 0.958493 -0.000000
0.345749 -0.000000 0.654251 0.000000
1.000000 -0.000000 0.000000 -0.000000
0.003795 -0.000000 0.996205 -0.000000
0.999999 -0.000000 0.000001 -0.000000
0.999983 0.000000 0.000017 0.000000
0.006945 -0.000000 0.993055 -0.000000
1.000000 -0.000000 0.000000 -0.000000
0.019232 -0.000000 0.980768 -0.000000
0.000013 -0.000000 0.999987 0.000000
0.122381 -0.000000 0.877619 0.000000
1.000000 0.000000 0.000000 -0.000000
0.000014 0.000000 0.999986 0.000000
0.999965 -0.000000 0.000035 -0.000000
0.014960 -0.000000 0.985040 0.000000
0.003407 -0.000000 0.996593 -0.000000
0.991963 -0.000000 0.008037 0.000000
0.002633 -0.000000 0.997367 0.000000
0.999956 -0.000000 0.000044 -0.000000
0.000494 0.000000 0.999506 0.000000
0.002829 -0.000000 0.997171 0.000000
0.304781 0.000000 0.695219 0.000000
0.982696 -0.000000 0.017304 -0.000000
0.020161 -0.000000 0.979839 -0.000000
0.008179 0.000000 0.991821 0.000000
0.000000 -0.000000 1.000000 0.000000
0.172365 0.000000 0.827635 -0.000000
0.004879 -0.000000 0.995121 -0.000000
0.002720 0.000000 0.997280 0.000000
0.394356 0.000000 0.605644 0.000000
0.999589 -0.000000 0.000411 0.000000
0.999860 -0.000000 0.000140 0.000000
1.000000 0.000000 0.000000 0.000000
0.104582 -0.000000 0.895418 0.000000
0.999818 0.000000 0.000182 -0.000000
0.999999 0.000000 0.000001 0.000000
0.999999 -0.000000 0.000001 0.000000
0.658519 0.000000 0.341481 0.000000
1.000000 -0.000000 0.000000 -0.000000
0.064211 0.000000 0.935789 -0.000000
0.002080 -0.000000 0.997920 -0.000000
0.003060 0.000000 0.996940 0.000000
0.003635 -0.000000 0.996365 -0.000000
1.000000 0.000000 0.000000 -0.000000
0.958672 0.000000 0.041328 0.000000
0.979673 0.000000 0.020327 -0.000000
1.000000 -0.000000 0.000000 0.000000
0.988448 0.000000 0.011552 0.000000
0.013634 -0.000000 0.986366 -0.000000
1.000000 -0.000000 -0.000000 -0.000000
0.006977 -0.000000 0.993023 0.000000
0.454165 -0.000000 0.545835 0.000000
0.999997 -0.000000 0.000003 0.000000
0.991141 -0.000000 0.008859 0.000000
0.000909 0.000000 0.999091 0.000000
0.103120 -0.000000 0.896880 0.000000
1.000000 -0.000000 0.000000 0.000000
1.000000 -0.000000 0.000000 0.000000
0.095576 -0.000000 0.904424 -0.000000
0.972174 0.000000 0.027826 0.000000
0.917491 0.000000 0.082509 0.000000
0.000470 -0.000000 0.999530 -0.000000
0.999968 0.000000 0.000032 0.000000
0.029474 -0.000000 0.970526 0.000000
0.998402 -0.000000 0.001598 -0.000000
0.001503 -0.000000 0.998497 -0.000000
0.112609 -0.000000 0.887391 -0.000000
0.999537 -0.000000 0.000463 -0.000000
0.000439 -0.000000 0.999561 0.000000
0.000608 0.000000 0.999392 0.000000
0.002768 0.000000 0.997232 -0.000000
0.020514 -0.000000 0.979486 -0.000000
0.032371 0.000000 0.967629 -0.000000
1.000000 -0.000000 0.000000 -0.000000
0.629782 -0.000000 0.370218 -0.000000
0.001858 0.000000 0.998142 -0.000000
0.004528 -0.000000 0.995472 0.000000
0.001672 -0.000000 0.998328 0.000000
0.041361 -0.000000 0.958639 0.000000
1.000000 0.000000 0.000000 -0.000000
0.256659 0.000000 0.743341 -0.000000
0.003709 -0.000000 0.996291 -0.000000
0.999999 -0.000000 0.000001 0.000000
0.004225 -0.000000 0.995775 -0.000000
0.004619 -0.000000 0.995381 0.000000
0.001533 -0.000000 0.998467 -0.000000
1.000000 0.000000 0.000000 -0.000000
0.000738 0.000000 0.999262 -0.000000
1.000000 -0.000000 0.000000 -0.000000
0.000403 -0.000000 0.999597 0.000000
0.000571 -0.000000 0.999429 0.000000
0.044167 -0.000000 0.955833 0.000000
1.000000 -0.000000 0.000000 -0.000000
0.001197 -0.000000 0.998803 0.000000
0.955858 0.000000 0.044142 0.000000
0.992205 0.000000 0.007795 -0.000000
0.000872 0.000000 0.999128 0.000000
0.011865 0.000000 0.988135 0.000000
1.000000 -0.000000 0.000000 -0.000000
0.983763 0.000000 0.016237 -0.000000
0.017419 -0.000000 0.982581 -0.000000
0.002530 -0.000000 0.997470 0.000000
0.999971 0.000000 0.000029 0.000000
0.999496 0.000000 0.000504 0.000000
0.015578 -0.000000 0.984422 -0.000000
0.000990 -0.000000 0.999010 -0.000000
0.814451 -0.000000 0.185549 -0.000000
1.000000 -0.000000 0.000000 -0.000000
0.001465 -0.000000 0.998535 -0.000000
0.482656 -0.000000 0.517344 -0.000000
0.001750 -0.000000 0.998250 -0.000000
0.001939 0.000000 0.998061 -0.000000
0.002279 0.000000 0.997721 -0.000000
0.999899 -0.000000 0.000101 0.000000
0.017502 0.000000 0.982498 0.000000
0.163605 0.000000 0.836395 0.000000
0.999905 0.000000 0.000095 0.000000
1.000000 0.000000 0.000000 -0.000000
1.000000 0.000000 0.000000 0.000000
0.890381 0.000000 0.109619 -0.000000
0.000218 0.000000 0.999782 0.000000
1.000000 0.000000 0.000000 0.000000
0.000690 -0.000000 0.999310 -0.000000
0.151064 -0.000000 0.848936 0.000000
0.002745 0.000000 0.997255 0.000000
1.000000 0.000000 0.000000 -0.000000
0.999764 -0.000000 0.000236 0.000000
0.999988 0.000000 0.000012 0.000000
0.000000 -0.000000 1.000000 -0.000000
0.998050 -0.000000 0.001950 -0.000000
0.000090 -0.000000 0.999910 0.000000
1.000000 0.000000 0.000000 -0.000000
0.725833 0.000000 0.274167 -0.000000
0.014000 0.000000 0.986000 -0.000000
0.000030 -0.000000 0.999970 0.000000
0.000187 0.000000 0.999813 0.000000
1.000000 0.000000 0.000000 -0.000000
1.000000 0.000000 0.000000 0.000000
1.000000 0.000000 0.000000 0.000000
0.000709 -0.000000 0.999291 0.000000
1.000000 -0.000000 0.000000 -0.000000
0.992385 0.000000 0.007615 -0.000000
0.000221 -0.000000 0.999779 -0.000000
0.000658 -0.000000 0.999342 0.000000
0.250158 0.000000 0.749842 -0.000000
0.000219 0.000000 0.999781 0.000000
0.060167 0.000000 0.939833 -0.000000
0.054626 -0.000000 0.945374 0.000000
0.000001 0.000000 0.999999 0.000000
1.000000 0.000000 0.000000 0.000000
0.000626 -0.000000 0.999374 -0.000000
1.000000 0.000000 0.000000 0.000000
0.112780 0.000000 0.887220 0.000000
0.135286 0.000000 0.864714 0.000000
0.059710 0.000000 0.940290 0.000000
0.999997 0.000000 0.000003 0.000000
0.912051 -0.000000 0.087949 -0.000000
0.000261 0.000000 0.999739 -0.000000
0.000009 -0.000000 0.999991 -0.000000
0.999988 -0.000000 0.000012 0.000000
1.000000 -0.000000 0.000000 0.000000
1.000000 -0.000000 0.000000 -0.000000
0.008328 0.000000 0.991672 0.000000
0.776047 0.000000 0.223953 0.000000
1.000000 0.000000 0.000000 0.000000
0.999888 -0.000000 0.000112 -0.000000
0.009850 0.000000 0.990150 -0.000000
0.029404 0.000000 0.970596 -0.000000
0.535596 -0.000000 0.464404 -0.000000
0.000257 -0.000000 0.999743 0.000000
0.999999 -0.000000 0.000001 -0.000000
0.002469 -0.000000 0.997531 -0.000000
0.986668 -0.000000 0.013332 -0.000000
0.000343 -0.000000 0.999657 -0.000000
1.000000 -0.000000 -0.000000 -0.000000
0.701444 -0.000000 0.298556 0.000000
0.018742 -0.000000 0.981258 -0.000000
0.349519 -0.000000 0.650481 0.000000
0.000860 -0.000000 0.999140 0.000000
0.037858 -0.000000 0.962142 -0.000000
0.999999 -0.000000 0.000001 -0.000000
0.999932 0.000000 0.000068 -0.000000
0.000101 0.000000 0.999899 -0.000000
0.090349 -0.000000 0.909651 -0.000000
0.941024 -0.000000 0.058976 0.000000
1.000000 0.000000 0.000000 0.000000
0.001053 -0.000000 0.998947 0.000000
0.000001 -0.000000 0.999999 -0.000000
0.003550 0.000000 0.996450 -0.000000
0.006639 0.000000 0.993361 -0.000000
0.000038 -0.000000 0.999962 0.000000
0.002850 -0.000000 0.997150 -0.000000
0.019750 0.000000 0.980250 -0.000000
0.999998 -0.000000 0.000002 0.000000
0.047566 0.000000 0.952434 0.000000
1.000000 -0.000000 0.000000 -0.000000
0.152076 -0.000000 0.847924 -0.000000
1.000000 -0.000000 0.000000 -0.000000
1.000000 -0.000000 0.000000 -0.000000
0.000045 -0.000000 0.999955 0.000000
1.000000 0.000000 0.000000 -0.000000
0.999952 0.000000 0.000048 0.000000
0.003834 -0.000000 0.996166 -0.000000
1.000000 0.000000 0.000000 -0.000000
1.000000 0.000000 0.000000 0.000000
0.964221 0.000000 0.035779 -0.000000
0.022065 -0.000000 0.977935 -0.000000
0.017872 0.000000 0.982128 -0.000000
1.000000 -0.000000 0.000000 0.000000
0.000005 0.000000 0.999995 -0.000000
0.999216 -0.000000 0.000784 0.000000
1.000000 0.000000 0.000000 0.000000
0.002220 0.000000 0.997780 0.000000
1.000000 0.000000 0.000000 -0.000000
0.051148 0.000000 0.948852 -0.000000
0.978620 0.000000 0.021380 -0.000000
0.999622 0.000000 0.000378 0.000000
0.153329 -0.000000 0.846671 0.000000
1.000000 -0.000000 -0.000000 -0.000000
0.551951 -0.000000 0.448049 0.000000
0.002839 0.000000 0.997161 -0.000000
0.000128 0.000000 0.999872 -0.000000
0.005240 -0.000000 0.994760 0.000000
0.004299 0.000000 0.995701 -0.000000
0.000474 0.000000 0.999526 0.000000
1.000000 -0.000000 -0.000000 0.000000
0.981949 -0.000000 0.018051 -0.000000
0.000511 -0.000000 0.999489 0.000000
0.000854 0.000000 0.999146 -0.000000
0.990857 0.000000 0.009143 0.000000
0.052940 0.000000 0.947060 0.000000
0.996578 0.000000 0.003422 0.000000
0.737410 -0.000000 0.262590 -0.000000
1.000000 0.000000 0.000000 -0.000000
0.999961 -0.000000 0.000039 0.000000
1.000000 -0.000000 0.000000 -0.000000
0.036610 -0.000000 0.963390 -0.000000
0.010477 0.000000 0.989523 -0.000000
0.000001 -0.000000 0.999999 -0.000000
1.000000 0.000000 0.000000 -0.000000
0.008357 0.000000 0.991643 0.000000
1.000000 -0.000000 -0.000000 0.000000
1.000000 0.000000 0.000000 -0.000000
0.589781 -0.000000 0.410219 0.000000
1.000000 -0.000000 -0.000000 0.000000
0.010561 0.000000 0.989439 0.000000
0.000137 0.000000 0.999863 -0.000000
0.206122 0.000000 0.793878 -0.000000
1.000000 -0.000000 0.000000 -0.000000
0.003645 -0.000000 0.996355 -0.000000
0.000255 -0.000000 0.999745 -0.000000
0.996766 0.000000 0.003234 0.000000
1.000000 0.000000 0.000000 -0.000000
0.010286 0.000000 0.989714 0.000000
0.000391 0.000000 0.999609 -0.000000
0.095533 -0.000000 0.904467 0.000000
0.001284 0.000000 0.998716 -0.000000
0.002108 -0.000000 0.997892 -0.000000
0.002437 -0.000000 0.997563 -0.000000
0.999999 0.000000 0.000001 -0.000000
0.996470 -0.000000 0.003530 -0.000000
1.000000 -0.000000 0.000000 -0.000000
0.234451 -0.000000 0.765549 -0.000000
0.999998 0.000000 0.000002 0.000000
0.052425 -0.000000 0.947575 0.000000
0.000001 0.000000 0.999999 -0.000000
0.000018 0.000000 0.999982 -0.000000
0.085996 0.000000 0.914004 0.000000
0.994348 0.000000 0.005652 0.000000
0.608920 -0.000000 0.391080 0.000000
0.050438 0.000000 0.949562 0.000000
0.999878 -0.000000 0.000122 -0.000000
1.000000 0.000000 0.000000 0.000000
0.997222 0.000000 0.002778 0.000000
0.015469 -0.000000 0.984531 0.000000
0.166839 -0.000000 0.833161 -0.000000
0.015405 -0.000000 0.984595 0.000000
0.020006 0.000000 0.979994 -0.000000
0.000862 0.000000 0.999138 0.000000
0.026782 0.000000 0.973218 0.000000
0.001260 0.000000 0.998740 0.000000
0.996940 0.000000 0.003060 0.000000
0.885609 0.000000 0.114391 0.000000
0.029987 -0.000000 0.970013 -0.000000
1.000000 -0.000000 -0.000000 -0.000000
1.000000 0.000000 0.000000 0.000000
0.035318 -0.000000 0.964682 0.000000
0.029543 0.000000 0.970457 -0.000000
1.000000 -0.000000 0.000000 0.000000
0.025856 -0.000000 0.974144 0.000000
0.999971 -0.000000 0.000029 -0.000000
1.000000 0.000000 -0.000000 0.000000
0.852365 0.000000 0.147635 -0.000000
1.000000 -0.000000 0.000000 -0.000000
1.000000 0.000000 0.000000 -0.000000
0.000293 -0.000000 0.999707 0.000000
0.048454 0.000000 0.951546 0.000000
0.009282 -0.000000 0.990718 -0.000000
1.000000 0.000000 0.000000 -0.000000
0.001167 0.000000 0.998833 -0.000000
0.003824 -0.000000 0.996176 0.000000
0.000001 -0.000000 0.999999 -0.000000
0.000111 -0.000000 0.999889 0.000000
0.020810 0.000000 0.979190 -0.000000
0.000103 -0.000000 0.999897 0.000000
0.999595 -0.000000 0.000405 0.000000
0.896658 0.000000 0.103342 0.000000
0.000907 0.000000 0.999093 -0.000000
0.999998 -0.000000 0.000002 0.000000
0.999995 0.000000 0.000005 0.000000
0.056958 -0.000000 0.943042 -0.000000
0.999837 0.000000 0.000163 0.000000
0.477698 0.000000 0.522302 -0.000000
0.185624 -0.000000 0.814376 -0.000000
0.877322 0.000000 0.122678 -0.000000
1.000000 0.000000 0.000000 -0.000000
0.132831 -0.000000 0.867169 -0.000000
0.000113 0.000000 0.999887 0.000000
0.983332 -0.000000 0.016668 -0.000000
0.009476 -0.000000 0.990524 -0.000000
0.320349 -0.000000 0.679651 0.000000
1.000000 0.000000 0.000000 0.000000
1.000000 -0.000000 0.000000 -0.000000
0.999315 0.000000 0.000685 -0.000000
1.000000 0.000000 0.000000 -0.000000
1.000000 -0.000000 0.000000 0.000000
0.002216 0.000000 0.997784 0.000000
0.000001 -0.000000 0.999999 -0.000000
0.878078 0.000000 0.121922 -0.000000
0.067044 0.000000 0.932956 0.000000
0.991892 -0.000000 0.008108 -0.000000
0.019249 -0.000000 0.980751 -0.000000
0.000010 -0.000000 0.999990 -0.000000
0.990230 -0.000000 0.009770 0.000000
0.016510 0.000000 0.983490 0.000000
0.002412 0.000000 0.997588 -0.000000
0.035016 0.000000 0.964984 -0.000000
0.036064 -0.000000 0.963936 0.000000
0.000058 -0.000000 0.999942 -0.000000
0.139851 -0.000000 0.860149 -0.000000
1.000000 0.000000 0.000000 -0.000000
0.000604 0.000000 0.999396 -0.000000
0.051288 0.000000 0.948712 0.000000
0.994938 -0.000000 0.005062 -0.000000
1.000000 0.000000 0.000000 0.000000
0.999945 -0.000000 0.000055 0.000000
0.001845 0.000000 0.998155 0.000000
0.000007 -0.000000 0.999993 -0.000000
0.000011 -0.000000 0.999989 -0.000000
0.015851 0.000000 0.984149 0.000000
0.001111 -0.000000 0.998889 0.000000
1.000000 -0.000000 0.000000 -0.000000
0.001536 0.000000 0.998464 0.000000
0.140577 0.000000 0.859423 0.000000
0.279085 -0.000000 0.720915 0.000000
0.000004 0.000000 0.999996 -0.000000
0.163859 -0.000000 0.836141 -0.000000
0.420002 -0.000000 0.579998 0.000000
0.002990 -0.000000 0.997010 0.000000
0.000000 0.000000 1.000000 0.000000
0.084506 0.000000 0.915494 -0.000000
0.002046 -0.000000 0.997954 -0.000000
0.000176 0.000000 0.999824 -0.000000
0.003732 -0.000000 0.996268 0.000000
0.002367 0.000000 0.997633 -0.000000
1.000000 0.000000 0.000000 0.000000
1.000000 -0.000000 0.000000 -0.000000
0.000934 -0.000000 0.999066 0.000000
0.955425 0.000000 0.044575 -0.000000
0.999895 -0.000000 0.000105 0.000000
0.999551 0.000000 0.000449 -0.000000
0.999573 -0.000000 0.000427 0.000000
0.000112 0.000000 0.999888 -0.000000
0.009038 0.000000 0.990962 -0.000000
0.000165 -0.000000 0.999835 -0.000000
0.999984 -0.000000 0.000016 0.000000
0.337811 0.000000 0.662189 0.000000
0.000658 0.000000 0.999342 0.000000
0.000002 0.000000 0.999998 -0.000000
0.000089 0.000000 0.999911 0.000000
0.999043 0.000000 0.000957 0.000000
0.013793 0.000000 0.986207 0.000000
0.045919 -0.000000 0.954081 0.000000
0.000025 0.000000 0.999975 -0.000000
0.001331 -0.000000 0.998669 0.000000
1.000000 -0.000000 0.000000 -0.000000
0.009757 0.000000 0.990243 0.000000
0.023191 0.000000 0.976809 -0.000000
0.002586 0.000000 0.997414 0.000000
0.003293 -0.000000 0.996707 0.000000
0.995837 -0.000000 0.004163 -0.000000
0.000318 0.000000 0.999682 -0.000000
1.000000 0.000000 0.000000 -0.000000
0.000001 -0.000000 0.999999 -0.000000
1.000000 -0.000000 0.000000 -0.000000
0.025165 0.000000 0.974835 -0.000000
0.000086 0.000000 0.999914 -0.000000
1.000000 -0.000000 0.000000 -0.000000
0.994320 -0.000000 0.005680 -0.000000
0.019202 0.000000 0.980798 -0.000000
0.001159 0.000000 0.998841 -0.000000
0.075708 -0.000000 0.924292 0.000000
0.243959 -0.000000 0.756041 -0.000000
0.195446 -0.000000 0.804554 0.000000
0.149347 0.000000 0.850653 0.000000
0.393194 -0.000000 0.606806 0.000000
0.999837 0.000000 0.000163 -0.000000
0.003049 -0.000000 0.996951 -0.000000
0.484167 -0.000000 0.515833 -0.000000
0.999217 0.000000 0.000783 -0.000000
1.000000 0.000000 0.000000 -0.000000
0.043077 0.000000 0.956923 -0.000000
0.000001 0.000000 0.999999 0.000000
0.524214 0.000000 0.475786 -0.000000
0.000126 -0.000000 0.999874 -0.000000
1.000000 0.000000 0.000000 0.000000
0.000095 0.000000 0.999905 0.000000
1.000000 0.000000 0.000000 0.000000
0.997948 0.000000 0.002052 -0.000000
0.015450 0.000000 0.984550 -0.000000
0.008414 -0.000000 0.991586 -0.000000
1.000000 -0.000000 0.000000 -0.000000
1.000000 -0.000000 0.000000 0.000000
1.000000 -0.000000 0.000000 0.000000
0.998592 -0.000000 0.001408 -0.000000
0.343734 0.000000 0.656266 0.000000
0.952765 0.000000 0.047235 0.000000
0.272862 -0.000000 0.727138 -0.000000
0.944744 -0.000000 0.055256 0.000000
0.994970 0.000000 0.005030 0.000000
0.129359 0.000000 0.870641 0.000000
0.013611 0.000000 0.986389 0.000000
0.003207 -0.000000 0.996793 0.000000
1.000000 -0.000000 0.000000 0.000000
0.999826 0.000000 0.000174 0.000000
1.000000 0.000000 0.000000 -0.000000
0.994364 0.000000 0.005636 0.000000
0.031281 -0.000000 0.968719 0.000000
0.998919 -0.000000 0.001081 0.000000
0.000163 -0.000000 0.999837 -0.000000
0.000005 0.000000 0.999995 0.000000
0.042110 0.000000 0.957890 0.000000
0.010310 0.000000 0.989690 0.000000
0.015471 -0.000000 0.984529 0.000000
0.005959 0.000000 0.994041 -0.000000
0.999996 -0.000000 0.000004 -0.000000
0.007621 -0.000000 0.992379 -0.000000
0.013929 0.000000 0.986071 -0.000000
1.000000 0.000000 0.000000 -0.000000
0.984082 -0.000000 0.015918 -0.000000
0.000057 0.000000 0.999943 -0.000000
0.000569 -0.000000 0.999431 0.000000
0.999861 0.000000 0.000139 0.000000
0.991008 -0.000000 0.008992 -0.000000
0.999608 0.000000 0.000392 -0.000000
0.000767 0.000000 0.999233 -0.000000
0.000055 0.000000 0.999945 0.000000
1.000000 -0.000000 0.000000 -0.000000
0.000809 -0.000000 0.999191 0.000000
0.000104 0.000000 0.999896 -0.000000
0.999667 -0.000000 0.000333 0.000000
0.467222 -0.000000 0.532778 -0.000000
0.170641 0.000000 0.829359 -0.000000
1.000000 0.000000 0.000000 -0.000000
1.000000 -0.000000 -0.000000 -0.000000
0.018497 -0.000000 0.981503 0.000000
1.000000 -0.000000 0.000000 -0.000000
0.000000 -0.000000 1.000000 -0.000000
0.022073 0.000000 0.977927 0.000000
0.004979 -0.000000 0.995021 0.000000
0.043315 -0.000000 0.956685 0.000000
0.007821 -0.000000 0.992179 0.000000
0.001802 0.000000 0.998198 0.000000
0.093692 0.000000 0.906308 0.000000
0.999547 0.000000 0.000453 -0.000000
0.000143 0.000000 0.999857 0.000000
1.000000 -0.000000 0.000000 0.000000
0.008282 -0.000000 0.991718 0.000000
1.000000 0.000000 -0.000000 -0.000000
0.999999 -0.000000 0.000001 0.000000
0.623196 0.000000 0.376804 0.000000
1.000000 -0.000000 -0.000000 -0.000000
0.918703 -0.000000 0.081297 0.000000
0.999653 0.000000 0.000347 0.000000
1.000000 -0.000000 0.000000 -0.000000
0.938803 -0.000000 0.061197 0.000000
0.160568 -0.000000 0.839432 -0.000000
0.025981 -0.000000 0.974019 0.000000
1.000000 -0.000000 0.000000 -0.000000
1.000000 -0.000000 0.000000 0.000000
0.076838 0.000000 0.923162 -0.000000
0.200047 0.000000 0.799953 0.000000
0.063404 0.000000 0.936596 -0.000000
0.000000 0.000000 1.000000 0.000000
0.999872 -0.000000 0.000128 0.000000
1.000000 -0.000000 0.000000 -0.000000
0.000022 -0.000000 0.999978 0.000000
0.025795 0.000000 0.974205 -0.000000
0.896204 0.000000 0.103796 0.000000
0.999467 0.000000 0.000533 0.000000
0.000012 -0.000000 0.999988 0.000000
0.002887 -0.000000 0.997113 0.000000
0.056412 0.000000 0.943588 0.000000
0.421619 0.000000 0.578381 0.000000
0.012207 0.000000 0.987793 -0.000000
0.000005 -0.000000 0.999995 -0.000000
0.999995 0.000000 0.000005 -0.000000
0.024462 -0.000000 0.975538 -0.000000
0.999999 0.000000 0.000001 0.000000
0.002039 0.000000 0.997961 -0.000000
0.007326 0.000000 0.992674 -0.000000
0.995153 0.000000 0.004847 -0.000000
0.000082 0.000000 0.999918 -0.000000
0.089329 0.000000 0.910671 -0.000000
0.006914 0.000000 0.993086 0.000000
1.000000 -0.000000 0.000000 0.000000
1.000000 0.000000 0.000000 -0.000000
0.024799 -0.000000 0.975201 0.000000
0.000015 -0.000000 0.999985 -0.000000
0.000024 -0.000000 0.999976 -0.000000
0.000750 -0.000000 0.999250 -0.000000
0.000538 0.000000 0.999462 -0.000000
1.000000 0.000000 0.000000 0.000000
1.000000 -0.000000 -0.000000 -0.000000
0.006585 -0.000000 0.993415 -0.000000
0.278020 -0.000000 0.721980 -0.000000
0.000877 -0.000000 0.999123 -0.000000
0.006588 -0.000000 0.993412 0.000000
0.002077 0.000000 0.997923 0.000000
1.000000 0.000000 0.000000 0.000000
0.016758 0.000000 0.983242 0.000000
0.000001 0.000000 0.999999 -0.000000
0.999722 -0.000000 0.000278 0.000000
0.155357 0.000000 0.844643 0.000000
1.000000 0.000000 -0.000000 -0.000000
0.004653 0.000000 0.995347 -0.000000
0.021677 0.000000 0.978323 0.000000
0.999976 -0.000000 0.000024 -0.000000
0.000035 -0.000000 0.999965 -0.000000
0.010417 -0.000000 0.989583 0.000000
0.000818 -0.000000 0.999182 -0.000000
0.997574 -0.000000 0.002426 0.000000
0.000527 -0.000000 0.999473 -0.000000
1.000000 -0.000000 0.000000 -0.000000
1.000000 -0.000000 0.000000 0.000000
1.000000 0.000000 0.000000 -0.000000
0.001463 -0.000000 0.998537 -0.000000
0.000133 -0.000000 0.999867 0.000000
1.000000 -0.000000 0.000000 -0.000000
1.000000 -0.000000 0.000000 0.000000
0.000168 -0.000000 0.999832 0.000000
0.999998 -0.000000 0.000002 -0.000000
0.999999 0.000000 0.000001 -0.000000
0.046774 0.000000 0.953226 0.000000
0.293787 0.000000 0.706213 0.000000
0.999664 -0.000000 0.000336 -0.000000
0.995135 0.000000 0.004865 -0.000000
0.025982 -0.000000 0.974018 -0.000000
0.170442 -0.000000 0.829558 -0.000000
0.020233 -0.000000 0.979767 0.000000
0.999672 0.000000 0.000328 -0.000000
0.694491 -0.000000 0.305509 0.000000
0.003932 -0.000000 0.996068 0.000000
1.000000 0.000000 0.000000 -0.000000
0.000098 0.000000 0.999902 0.000000
0.003107 0.000000 0.996893 0.000000
1.000000 0.000000 0.000000 0.000000
1.000000 0.000000 0.000000 0.000000
0.072295 0.000000 0.927705 0.000000
0.054043 -0.000000 0.945957 0.000000
0.000002 0.000000 0.999998 0.000000
0.000004 0.000000 0.999996 0.000000
0.002699 0.000000 0.997301 -0.000000
0.083914 -0.000000 0.916086 -0.000000
0.000032 -0.000000 0.999968 -0.000000
0.011405 -0.000000 0.988595 -0.000000
0.085304 -0.000000 0.914696 -0.000000
0.999999 0.000000 0.000001 -0.000000
0.999535 -0.000000 0.000465 -0.000000
0.000001 -0.000000 0.999999 0.000000
0.000326 -0.000000 0.999674 -0.000000
0.999711 0.000000 0.000289 -0.000000
1.000000 0.000000 0.000000 -0.000000
1.000000 -0.000000 0.000000 -0.000000
0.038094 0.000000 0.961906 0.000000
0.000620 0.000000 0.999380 0.000000
0.163620 -0.000000 0.836380 -0.000000
0.000001 -0.000000 0.999999 -0.000000
0.000246 -0.000000 0.999754 0.000000
0.000902 -0.000000 0.999098 0.000000
0.000264 0.000000 0.999736 0.000000
0.001968 -0.000000 0.998032 0.000000
0.001995 0.000000 0.998005 0.000000
0.469481 0.000000 0.530519 -0.000000
0.214639 -0.000000 0.785361 -0.000000
1.000000 0.000000 0.000000 0.000000
0.000703 -0.000000 0.999297 -0.000000
0.001300 0.000000 0.998700 0.000000
0.998452 0.000000 0.001548 0.000000
0.998259 -0.000000 0.001741 -0.000000
0.003898 -0.000000 0.996102 -0.000000
1.000000 -0.000000 0.000000 -0.000000
0.003845 -0.000000 0.996155 -0.000000
0.009157 0.000000 0.990843 -0.000000
0.000034 -0.000000 0.999966 0.000000
0.010120 0.000000 0.989880 0.000000
0.049211 0.000000 0.950789 -0.000000
0.264980 0.000000 0.735020 0.000000
0.107964 -0.000000 0.892036 -0.000000
0.006243 0.000000 0.993757 -0.000000
1.000000 -0.000000 0.000000 -0.000000
0.003268 0.000000 0.996732 0.000000
1.000000 0.000000 0.000000 -0.000000
0.000340 0.000000 0.999660 -0.000000
0.002469 -0.000000 0.997531 -0.000000
0.999977 -0.000000 0.000023 0.000000
0.009859 0.000000 0.990141 0.000000
0.056426 -0.000000 0.943574 0.000000
0.001047 0.000000 0.998953 -0.000000
0.463409 0.000000 0.536591 -0.000000
0.005364 -0.000000 0.994636 0.000000
0.999978 -0.000000 0.000022 -0.000000
1.000000 0.000000 0.000000 -0.000000
0.007996 0.000000 0.992004 -0.000000
0.007294 -0.000000 0.992706 0.000000
0.001877 -0.000000 0.998123 0.000000
0.989770 0.000000 0.010230 0.000000
0.976106 0.000000 0.023894 0.000000
0.999990 0.000000 0.000010 -0.000000
0.027085 0.000000 0.972915 0.000000
0.007653 0.000000 0.992347 -0.000000
0.999571 0.000000 0.000429 -0.000000
0.002563 0.000000 0.997437 -0.000000
0.004292 0.000000 0.995708 -0.000000
0.000321 0.000000 0.999679 -0.000000
0.001932 0.000000 0.998068 0.000000
0.041921 -0.000000 0.958079 0.000000
0.999997 0.000000 0.000003 -0.000000
1.000000 0.000000 0.000000 0.000000
1.000000 -0.000000 0.000000 0.000000
0.009898 0.000000 0.990102 -0.000000
0.962133 -0.000000 0.037867 0.000000
1.000000 -0.000000 0.000000 0.000000
1.000000 0.000000 0.000000 0.000000
0.000000 0.000000 1.000000 -0.000000
0.631154 0.000000 0.368846 0.000000
0.999040 0.000000 0.000960 0.000000
0.003613 0.000000 0.996387 0.000000
0.003344 -0.000000 0.996656 -0.000000
0.003326 0.000000 0.996674 0.000000
1.000000 -0.000000 0.000000 -0.000000
0.996914 -0.000000 0.003086 0.000000
0.000003 -0.000000 0.999997 -0.000000
0.058358 -0.000000 0.941642 0.000000
0.001888 0.000000 0.998112 0.000000
1.000000 -0.000000 0.000000 -0.000000
0.023061 -0.000000 0.976939 -0.000000
0.302076 0.000000 0.697924 -0.000000
0.027498 -0.000000 0.972502 -0.000000
0.999999 0.000000 0.000001 -0.000000
0.007867 0.000000 0.992133 0.000000
0.049991 -0.000000 0.950009 -0.000000
0.000064 -0.000000 0.999936 0.000000
0.024923 -0.000000 0.975077 -0.000000
0.027926 -0.000000 0.972074 0.000000
0.999997 0.000000 0.000003 0.000000
0.034743 0.000000 0.965257 0.000000
0.009487 -0.000000 0.990513 -0.000000
0.000696 0.000000 0.999304 -0.000000
0.842750 0.000000 0.157250 -0.000000
0.999890 0.000000 0.000110 0.000000
0.033371 -0.000000 0.966629 0.000000
0.000046 0.000000 0.999954 -0.000000
0.999984 -0.000000 0.000016 -0.000000
0.000005 -0.000000 0.999995 0.000000
0.999961 -0.000000 0.000039 -0.000000
0.000002 0.000000 0.999998 0.000000
1.000000 -0.000000 0.000000 0.000000
0.010261 -0.000000 0.989739 -0.000000
0.004801 -0.000000 0.995199 -0.000000
1.000000 -0.000000 0.000000 -0.000000
0.010277 0.000000 0.989723 -0.000000
0.000000 0.000000 1.000000 -0.000000
0.000001 -0.000000 0.999999 -0.000000
0.999973 0.000000 0.000027 -0.000000
0.225313 -0.000000 0.774687 0.000000
0.009517 0.000000 0.990483 0.000000
1.000000 0.000000 0.000000 -0.000000
1.000000 0.000000 -0.000000 0.000000
0.004913 -0.000000 0.995087 0.000000
0.140748 -0.000000 0.859252 -0.000000
0.999987 0.000000 0.000013 0.000000
0.092033 -0.000000 0.907967 -0.000000
0.000145 -0.000000 0.999855 0.000000
0.005288 0.000000 0.994712 0.000000
1.000000 0.000000 0.000000 -0.000000
0.999984 0.000000 0.000016 -0.000000
0.008557 -0.000000 0.991443 0.000000
0.079951 -0.000000 0.920049 0.000000
0.999967 0.000000 0.000033 0.000000
0.012804 0.000000 0.987196 0.000000
0.008095 0.000000 0.991905 0.000000
0.219262 0.000000 0.780738 0.000000
0.040649 0.000000 0.959351 0.000000
0.999121 0.000000 0.000879 -0.000000
0.000012 0.000000 0.999988 -0.000000
0.002578 -0.000000 0.997422 -0.000000
1.000000 -0.000000 0.000000 -0.000000
1.000000 0.000000 0.000000 0.000000
0.000006 0.000000 0.999994 0.000000
0.999953 0.000000 0.000047 -0.000000
0.018420 -0.000000 0.981580 0.000000
0.029355 0.000000 0.970645 -0.000000
0.019911 -0.000000 0.980089 -0.000000
0.600729 0.000000 0.399271 0.000000
0.000134 -0.000000 0.999866 0.000000
0.999970 -0.000000 0.000030 -0.000000
0.449384 0.000000 0.550616 -0.000000
0.064084 0.000000 0.935916 -0.000000
0.953279 -0.000000 0.046721 -0.000000
0.895550 0.000000 0.104450 -0.000000
0.030574 0.000000 0.969426 0.000000
0.002910 0.000000 0.997090 0.000000
0.156738 0.000000 0.843262 -0.000000
0.000001 -0.000000 0.999999 -0.000000
0.000302 -0.000000 0.999698 -0.000000
0.044369 -0.000000 0.955631 -0.000000
0.005699 -0.000000 0.994301 -0.000000
0.999999 -0.000000 0.000001 -0.000000
0.000003 0.000000 0.999997 0.000000
0.014848 0.000000 0.985152 0.000000
1.000000 -0.000000 0.000000 -0.000000
0.000001 0.000000 0.999999 0.000000
0.002558 -0.000000 0.997442 -0.000000
1.000000 0.000000 0.000000 -0.000000
0.000010 -0.000000 0.999990 0.000000
0.094959 -0.000000 0.905041 0.000000
0.003914 -0.000000 0.996086 -0.000000
0.000196 0.000000 0.999804 -0.000000
0.000027 0.000000 0.999973 0.000000
0.059478 -0.000000 0.940522 -0.000000
0.000599 -0.000000 0.999401 -0.000000
0.999998 -0.000000 0.000002 -0.000000
1.000000 -0.000000 -0.000000 0.000000
0.019745 0.000000 0.980255 -0.000000
1.000000 0.000000 0.000000 0.000000
0.030643 0.000000 0.969357 0.000000
0.048610 0.000000 0.951390 -0.000000
0.000167 0.000000 0.999833 -0.000000
0.176922 -0.000000 0.823078 -0.000000
0.098360 0.000000 0.901640 -0.000000
0.010403 0.000000 0.989597 -0.000000
0.014622 -0.000000 0.985378 -0.000000
0.999995 -0.000000 0.000005 0.000000
0.016549 0.000000 0.983451 -0.000000
0.000007 0.000000 0.999993 -0.000000
0.014832 -0.000000 0.985168 0.000000
0.001489 -0.000000 0.998511 -0.000000
1.000000 0.000000 0.000000 0.000000
0.000789 -0.000000 0.999211 -0.000000
0.007542 -0.000000 0.992458 0.000000
0.012979 0.000000 0.987021 0.000000
0.006852 -0.000000 0.993148 -0.000000
0.998617 -0.000000 0.001383 -0.000000
0.001111 0.000000 0.998889 0.000000
0.711840 0.000000 0.288160 -0.000000
0.000194 -0.000000 0.999806 0.000000
0.004495 0.000000 0.995505 0.000000
0.999989 -0.000000 0.000011 -0.000000
0.011353 -0.000000 0.988647 -0.000000
0.531494 0.000000 0.468506 -0.000000
0.004549 -0.000000 0.995451 -0.000000
0.066903 -0.000000 0.933097 0.000000
0.004511 -0.000000 0.995489 0.000000
0.014602 0.000000 0.985398 -0.000000
0.000048 0.000000 0.999952 0.000000
1.000000 -0.000000 0.000000 0.000000
0.000353 -0.000000 0.999647 0.000000
0.993919 0.000000 0.006081 -0.000000
0.000010 -0.000000 0.999990 -0.000000
0.010231 0.000000 0.989769 -0.000000
1.000000 0.000000 0.000000 -0.000000
0.003518 -0.000000 0.996482 0.000000
0.999570 0.000000 0.000430 0.000000
0.999690 0.000000 0.000310 0.000000
1.000000 -0.000000 0.000000 -0.000000
0.999999 0.000000 0.000001 -0.000000
1.000000 -0.000000 0.000000 -0.000000
0.000061 0.000000 0.999939 -0.000000
0.000007 -0.000000 0.999993 -0.000000
0.666693 0.000000 0.333307 0.000000
0.094538 0.000000 0.905462 -0.000000
0.000827 -0.000000 0.999173 0.000000
0.881040 0.000000 0.118960 -0.000000
1.000000 -0.000000 0.000000 0.000000
0.000084 -0.000000 0.999916 -0.000000
0.061705 0.000000 0.938295 -0.000000
0.198139 0.000000 0.801861 -0.000000
0.002673 -0.000000 0.997327 0.000000
0.065640 -0.000000 0.934360 0.000000
0.003173 -0.000000 0.996827 -0.000000
0.049317 0.000000 0.950683 0.000000
0.008692 -0.000000 0.991308 -0.000000
0.998676 -0.000000 0.001324 0.000000
0.000001 -0.000000 0.999999 -0.000000
0.003030 -0.000000 0.996970 0.000000
0.030853 0.000000 0.969147 0.000000
1.000000 -0.000000 0.000000 0.000000
0.002798 0.000000 0.997202 -0.000000
0.999956 -0.000000 0.000044 0.000000
0.008393 0.000000 0.991607 0.000000
0.000005 0.000000 0.999995 0.000000
0.092959 -0.000000 0.907041 -0.000000
0.002498 0.000000 0.997502 0.000000
0.003233 0.000000 0.996767 0.000000
0.994136 0.000000 0.005864 0.000000
0.999960 0.000000 0.000040 0.000000
0.143126 0.000000 0.856874 0.000000
0.020301 0.000000 0.979699 -0.000000
0.000392 -0.000000 0.999608 0.000000
0.787202 -0.000000 0.212798 -0.000000
1.000000 0.000000 0.000000 0.000000
0.000003 -0.000000 0.999997 -0.000000
0.101138 -0.000000 0.898862 -0.000000
0.018596 -0.000000 0.981404 0.000000
0.608839 0.000000 0.391161 0.000000
0.000623 0.000000 0.999377 0.000000
0.999999 0.000000 0.000001 -0.000000
0.025653 0.000000 0.974347 -0.000000
0.000032 0.000000 0.999968 -0.000000
0.469854 0.000000 0.530146 -0.000000
0.096719 0.000000 0.903281 -0.000000
0.999988 0.000000 0.000012 0.000000
0.971691 0.000000 0.028309 0.000000
1.000000 -0.000000 0.000000 0.000000
0.007549 -0.000000 0.992451 0.000000
0.000002 -0.000000 0.999998 0.000000
0.011738 -0.000000 0.988262 0.000000
0.999997 -0.000000 0.000003 -0.000000
1.000000 -0.000000 0.000000 0.000000
0.999997 -0.000000 0.000003 0.000000
0.001250 -0.000000 0.998750 0.000000
0.001392 0.000000 0.998608 -0.000000
1.000000 -0.000000 0.000000 -0.000000
0.999998 -0.000000 0.000002 -0.000000
1.000000 0.000000 0.000000 0.000000
1.000000 -0.000000 0.000000 0.000000
1.000000 -0.000000 0.000000 0.000000
0.999815 -0.000000 0.000185 0.000000
0.000046 0.000000 0.999954 -0.000000
0.033525 0.000000 0.966475 0.000000
0.007552 -0.000000 0.992448 -0.000000
0.001648 0.000000 0.998352 -0.000000
0.000238 -0.000000 0.999762 -0.000000
0.000148 0.000000 0.999852 -0.000000
0.000406 0.000000 0.999594 0.000000
0.965266 0.000000 0.034734 0.000000
0.004846 0.000000 0.995154 -0.000000
1.000000 0.000000 0.000000 0.000000
0.916572 -0.000000 0.083428 0.000000
0.000512 -0.000000 0.999488 -0.000000
0.000001 -0.000000 0.999999 0.000000
0.181002 0.000000 0.818998 0.000000
0.495135 0.000000 0.504865 0.000000
0.000073 0.000000 0.999927 -0.000000
0.064059 0.000000 0.935941 0.000000
0.002409 0.000000 0.997591 -0.000000
0.000089 0.000000 0.999911 -0.000000
0.535911 -0.000000 0.464089 0.000000
0.005558 0.000000 0.994442 -0.000000
0.994598 0.000000 0.005402 -0.000000
0.000429 -0.000000 0.999571 -0.000000
0.005713 0.000000 0.994287 -0.000000
1.000000 -0.000000 0.000000 -0.000000
0.022527 -0.000000 0.977473 0.000000
0.026164 0.000000 0.973836 0.000000
0.999997 -0.000000 0.000003 -0.000000
1.000000 0.000000 0.000000 -0.000000
0.000003 -0.000000 0.999997 -0.000000
0.000268 0.000000 0.999732 0.000000
0.012955 -0.000000 0.987045 -0.000000
0.006916 0.000000 0.993084 -0.000000
0.000066 -0.000000 0.999934 -0.000000
0.557449 -0.000000 0.442551 -0.000000
0.000244 -0.000000 0.999756 0.000000
0.001044 -0.000000 0.998956 -0.000000
0.030037 -0.000000 0.969963 0.000000
0.001152 -0.000000 0.998848 0.000000
0.909977 -0.000000 0.090023 -0.000000
0.379666 0.000000 0.620334 -0.000000
0.001192 0.000000 0.998808 -0.000000
0.004915 -0.000000 0.995085 -0.000000
0.479709 0.000000 0.520291 0.000000
1.000000 0.000000 0.000000 0.000000
0.010480 0.000000 0.989520 0.000000
0.000723 -0.000000 0.999277 -0.000000
0.000532 0.000000 0.999468 -0.000000
0.918417 -0.000000 0.081583 0.000000
0.000920 0.000000 0.999080 0.000000
1.000000 0.000000 0.000000 0.000000
0.891578 0.000000 0.108422 0.000000
0.935614 -0.000000 0.064386 -0.000000
0.003664 0.000000 0.996336 -0.000000
0.132777 -0.000000 0.867223 0.000000
0.051654 -0.000000 0.948346 0.000000
0.002759 0.000000 0.997241 -0.000000
1.000000 -0.000000 0.000000 0.000000
0.000084 0.000000 0.999916 -0.000000
0.006142 -0.000000 0.993858 -0.000000
0.132678 -0.000000 0.867322 -0.000000
1.000000 0.000000 0.000000 -0.000000
0.002095 -0.000000 0.997905 0.000000
0.000265 -0.000000 0.999735 -0.000000
1.000000 0.000000 0.000000 0.000000
0.999854 0.000000 0.000146 0.000000
0.020120 0.000000 0.979880 0.000000
0.000073 -0.000000 0.999927 0.000000
0.009194 -0.000000 0.990806 0.000000
0.003778 0.000000 0.996222 -0.000000
0.910178 -0.000000 0.089822 0.000000
0.000320 -0.000000 0.999680 -0.000000
0.497324 0.000000 0.502676 0.000000
0.003942 0.000000 0.996058 0.000000
1.000000 0.000000 0.000000 0.000000
0.042380 -0.000000 0.957620 -0.000000
0.717713 -0.000000 0.282287 -0.000000
0.010897 0.000000 0.989103 0.000000
0.013440 0.000000 0.986560 -0.000000
0.000498 -0.000000 0.999502 0.000000
0.042236 -0.000000 0.957764 0.000000
1.000000 -0.000000 0.000000 0.000000
0.030787 0.000000 0.969213 0.000000
0.989432 -0.000000 0.010568 0.000000
0.091439 0.000000 0.908561 -0.000000
0.007766 -0.000000 0.992234 -0.000000
0.999992 -0.000000 0.000008 -0.000000
0.999939 -0.000000 0.000061 -0.000000
0.999998 -0.000000 0.000002 0.000000
0.999998 -0.000000 0.000002 0.000000
0.994175 -0.000000 0.005825 0.000000
0.000581 -0.000000 0.999419 0.000000
0.405070 0.000000 0.594930 -0.000000
0.045666 -0.000000 0.954334 0.000000
1.000000 0.000000 0.000000 -0.000000
0.055668 0.000000 0.944332 0.000000
0.000407 0.000000 0.999593 -0.000000
0.027582 0.000000 0.972418 -0.000000
0.018029 -0.000000 0.981971 0.000000
0.000707 -0.000000 0.999293 -0.000000
1.000000 -0.000000 0.000000 -0.000000
0.001301 -0.000000 0.998699 -0.000000
0.000000 -0.000000 1.000000 -0.000000
0.000369 -0.000000 0.999631 -0.000000
0.999996 0.000000 0.000004 -0.000000
0.073413 -0.000000 0.926587 0.000000
0.001659 -0.000000 0.998341 0.000000
0.000004 0.000000 0.999996 0.000000
0.002190 -0.000000 0.997810 0.000000
0.084342 0.000000 0.915658 0.000000
0.999013 0.000000 0.000987 0.000000
0.002999 0.000000 0.997001 -0.000000
0.351263 0.000000 0.648737 0.000000
0.000544 0.000000 0.999456 -0.000000
0.002117 0.000000 0.997883 0.000000
0.097814 0.000000 0.902186 -0.000000
0.999996 0.000000 0.000004 -0.000000
1.000000 0.000000 0.000000 -0.000000
0.318365 0.000000 0.681635 0.000000
0.003347 0.000000 0.996653 -0.000000
1.000000 -0.000000 -0.000000 0.000000
1.000000 0.000000 0.000000 -0.000000
0.009469 -0.000000 0.990531 0.000000
0.000655 0.000000 0.999345 0.000000
0.001092 -0.000000 0.998908 -0.000000
0.886847 0.000000 0.113153 0.000000
0.002168 -0.000000 0.997832 0.000000
0.000979 -0.000000 0.999021 0.000000
0.999926 -0.000000 0.000074 -0.000000
0.001908 -0.000000 0.998092 0.000000
0.017569 0.000000 0.982431 -0.000000
0.000013 0.000000 0.999987 -0.000000
0.003183 0.000000 0.996817 0.000000
0.000325 0.000000 0.999675 0.000000
0.000265 0.000000 0.999735 -0.000000
0.997845 -0.000000 0.002155 0.000000
0.999987 0.000000 0.000013 0.000000
0.564845 0.000000 0.435155 0.000000
0.993849 0.000000 0.006151 -0.000000
0.999999 0.000000 0.000001 0.000000
0.012135 0.000000 0.987865 -0.000000
0.951810 -0.000000 0.048190 -0.000000
0.999956 0.000000 0.000044 -0.000000
0.005087 -0.000000 0.994913 0.000000
0.019028 -0.000000 0.980972 -0.000000
0.086790 -0.000000 0.913210 -0.000000
0.038649 -0.000000 0.961351 0.000000
0.000085 0.000000 0.999915 0.000000
0.000062 0.000000 0.999938 -0.000000
0.000000 -0.000000 1.000000 0.000000
0.002151 -0.000000 0.997849 -0.000000
0.036427 -0.000000 0.963573 -0.000000
1.000000 -0.000000 0.000000 0.000000
0.000181 -0.000000 0.999819 -0.000000
0.006711 0.000000 0.993289 -0.000000
1.000000 0.000000 0.000000 0.000000
0.000072 -0.000000 0.999928 -0.000000
0.008308 0.000000 0.991692 0.000000
0.013891 -0.000000 0.986109 -0.000000
0.000100 -0.000000 0.999900 -0.000000
1.000000 0.000000 0.000000 0.000000
0.999914 -0.000000 0.000086 -0.000000
0.015405 -0.000000 0.984595 -0.000000
0.001384 -0.000000 0.998616 -0.000000
0.013748 0.000000 0.986252 -0.000000
0.000104 0.000000 0.999896 -0.000000
0.000659 0.000000 0.999341 -0.000000
0.498160 0.000000 0.501840 0.000000
0.005451 -0.000000 0.994549 0.000000
0.000892 -0.000000 0.999108 0.000000
0.001516 0.000000 0.998484 -0.000000
0.001690 -0.000000 0.998310 0.000000
0.000002 -0.000000 0.999998 -0.000000
0.128202 0.000000 0.871798 -0.000000
0.999996 0.000000 0.000004 0.000000
1.000000 0.000000 0.000000 -0.000000
0.000111 -0.000000 0.999889 0.000000
0.997094 0.000000 0.002906 -0.000000
0.316443 0.000000 0.683557 0.000000
0.028542 0.000000 0.971458 0.000000
0.081111 0.000000 0.918889 0.000000
0.998008 0.000000 0.001992 -0.000000
0.000002 -0.000000 0.999998 -0.000000
0.999963 0.000000 0.000037 -0.000000
0.070495 0.000000 0.929505 -0.000000
0.210097 -0.000000 0.789903 0.000000
0.000557 0.000000 0.999443 -0.000000
0.000289 0.000000 0.999711 -0.000000
0.003789 0.000000 0.996211 0.000000
0.001416 0.000000 0.998584 -0.000000
0.000204 0.000000 0.999796 -0.000000
0.999998 -0.000000 0.000002 -0.000000
1.000000 -0.000000 0.000000 0.000000
0.013151 -0.000000 0.986849 0.000000
0.035822 0.000000 0.964178 -0.000000
0.000003 -0.000000 0.999997 0.000000
0.959691 -0.000000 0.040309 0.000000
0.123762 -0.000000 0.876238 -0.000000
0.009802 0.000000 0.990198 0.000000
0.019721 0.000000 0.980279 -0.000000
1.000000 0.000000 0.000000 0.000000
1.000000 -0.000000 0.000000 0.000000
1.000000 0.000000 0.000000 0.000000
0.000500 0.000000 0.999500 -0.000000
0.000024 0.000000 0.999976 0.000000
0.037381 -0.000000 0.962619 0.000000
1.000000 -0.000000 0.000000 0.000000
0.041025 0.000000 0.958975 -0.000000
0.999999 0.000000 0.000001 -0.000000
0.986225 -0.000000 0.013775 -0.000000
0.781747 -0.000000 0.218253 0.000000
0.000030 0.000000 0.999970 0.000000
0.999994 0.000000 0.000006 0.000000
0.038438 -0.000000 0.961562 -0.000000
0.113072 0.000000 0.886928 0.000000
0.000065 0.000000 0.999935 0.000000
0.000136 -0.000000 0.999864 -0.000000
0.000456 0.000000 0.999544 0.000000
0.899675 0.000000 0.100325 0.000000
0.000001 -0.000000 0.999999 0.000000
1.000000 -0.000000 0.000000 0.000000
0.044584 -0.000000 0.955416 0.000000
0.000001 -0.000000 0.999999 -0.000000
