0.000816 0.005349 0.003644 0.001630 0.006128 0.000075 -0.000000 0.982358
0.021435 0.367806 0.251629 0.197830 0.027197 0.026744 0.106240 0.001119
0.000624 0.007539 0.011698 0.562747 0.001361 0.000576 0.415227 0.000229
0.003183 0.040358 0.022207 0.777846 0.008147 0.000169 0.138459 0.009632
0.548869 0.070061 0.243212 0.068137 0.000628 0.000000 0.063366 0.005727
0.024301 0.012166 0.040939 0.035041 0.014401 0.832228 0.036270 0.004655
0.000097 0.087296 0.027924 0.054065 0.005488 0.000128 0.000000 0.825001
0.201971 0.432969 0.130452 0.091451 0.003572 0.058041 0.064685 0.016860
0.000230 0.186082 0.042297 0.029908 0.000386 0.727013 0.012370 0.001715
0.002554 0.670911 0.290829 0.004082 0.000644 0.010024 0.019049 0.001907
0.002573 0.004378 0.005163 0.004262 0.958757 0.000174 0.000273 0.024419
0.004066 0.601160 0.168735 0.181664 0.000396 0.001566 0.042337 0.000076
0.012146 0.017970 0.005504 0.004931 0.008540 0.947935 0.000555 0.002419
0.831214 0.033852 0.014481 0.005856 0.010400 0.032975 0.054908 0.016314
0.000589 0.013404 0.025294 0.864156 0.000448 0.004998 0.090273 0.000838
0.047521 0.028727 0.048159 0.515551 0.008508 0.029019 0.278715 0.043801
0.001045 0.803089 0.164206 0.023488 0.002820 0.003637 0.000322 0.001394
0.003457 0.601579 0.168875 0.181808 0.000392 0.001538 0.042278 0.000073
0.008052 0.007160 0.011556 0.520781 0.002928 0.001219 0.447495 0.000809
0.005061 0.082694 0.850503 0.001568 0.029850 0.001003 0.029322 0.000000
0.000375 0.033379 0.021661 0.873532 0.002376 0.010498 0.057116 0.001063
0.056457 0.008621 0.009571 0.233996 0.003648 0.000109 0.687577 0.000022
0.000988 0.009510 0.004785 0.551280 0.000233 0.000015 0.433186 0.000002
0.000786 0.055318 0.084468 0.340757 0.003517 0.421215 0.092781 0.001158
0.851821 0.018051 0.070827 0.014679 0.000660 0.000000 0.034983 0.008979
0.000071 0.728053 0.247491 0.005090 0.000122 0.002857 0.016023 0.000292
0.048665 0.051944 0.083205 0.690850 0.029947 0.000000 0.076600 0.018788
0.002566 0.229598 0.591179 0.152430 0.000000 0.004953 0.017391 0.001884
0.000367 0.023252 0.009293 0.639096 0.000503 0.000393 0.326848 0.000248
0.258992 0.122363 0.393474 0.124415 0.000489 0.000000 0.096215 0.004053
0.041794 0.020525 0.015689 0.318496 0.007559 0.003788 0.587208 0.004940
0.000684 0.387602 0.071194 0.109878 0.037114 0.390958 0.000000 0.002569
0.000119 0.769740 0.185059 0.015031 0.017864 0.007024 0.003238 0.001924
0.000062 0.728063 0.247581 0.005090 0.000121 0.002809 0.015992 0.000281
0.011682 0.033064 0.024012 0.808688 0.009127 0.035538 0.071104 0.006784
0.000495 0.096541 0.120598 0.290529 0.108885 0.015248 0.236372 0.131332
0.000311 0.628431 0.326894 0.012662 0.000187 0.000021 0.031380 0.000113
0.001399 0.115542 0.027877 0.018000 0.000524 0.825343 0.008365 0.002951
0.010857 0.012877 0.019873 0.038967 0.484643 0.014659 0.026245 0.391878
0.007440 0.564066 0.369159 0.002201 0.001644 0.024721 0.025542 0.005226
0.002684 0.017933 0.006435 0.001932 0.000583 0.962859 0.002865 0.004708
0.001607 0.357337 0.065728 0.101080 0.039474 0.431393 0.000000 0.003381
0.002788 0.018916 0.007173 0.001951 0.000628 0.960964 0.002905 0.004674
0.020245 0.017428 0.029900 0.033054 0.372640 0.004190 0.000076 0.522467
0.002977 0.004690 0.004606 0.006409 0.934506 0.000300 0.000384 0.046129
0.002044 0.069377 0.017903 0.010355 0.000567 0.890219 0.005759 0.003777
0.856494 0.016948 0.069908 0.013247 0.000673 0.000000 0.033871 0.008859
0.002877 0.022841 0.009365 0.618067 0.000855 0.000646 0.344743 0.000607
0.001560 0.481096 0.382178 0.022299 0.000000 0.001806 0.109798 0.001263
0.000131 0.864111 0.096219 0.015235 0.000463 0.000034 0.023565 0.000242
0.000670 0.025604 0.012363 0.924463 0.002228 0.003138 0.031223 0.000311
0.021918 0.386234 0.564405 0.002112 0.002422 0.000050 0.022418 0.000442
0.042033 0.005852 0.003786 0.262493 0.001873 0.000129 0.683806 0.000028
0.009161 0.023589 0.033388 0.017500 0.726798 0.000000 0.006640 0.182924
0.002255 0.013961 0.003410 0.001871 0.000393 0.970560 0.002703 0.004847
0.000499 0.003453 0.001312 0.001760 0.002609 0.000071 0.000000 0.990296
0.000865 0.422319 0.175786 0.115737 0.001040 0.033104 0.248793 0.002357
0.907481 0.031692 0.002182 0.006228 0.044682 0.000209 0.000506 0.007020
0.000887 0.025600 0.012366 0.923850 0.002306 0.003275 0.031376 0.000340
0.030325 0.006496 0.013389 0.405143 0.008768 0.002761 0.530952 0.002165
0.040431 0.005069 0.002425 0.257113 0.001536 0.000139 0.693258 0.000030
0.031710 0.471678 0.434582 0.005795 0.002324 0.000190 0.051547 0.002174
0.000088 0.770362 0.185327 0.015044 0.017462 0.006738 0.003225 0.001754
0.001077 0.570257 0.363956 0.024790 0.023571 0.008387 0.005470 0.002494
0.854540 0.021776 0.047044 0.007507 0.000674 0.036030 0.024259 0.008171
0.857741 0.041096 0.025997 0.003405 0.015422 0.013831 0.037189 0.005320
0.002099 0.100961 0.075169 0.438346 0.124389 0.003463 0.000269 0.255304
0.076552 0.093246 0.114551 0.053680 0.010441 0.210371 0.430051 0.011109
0.017805 0.028445 0.029480 0.061358 0.858159 0.000005 0.004598 0.000149
0.000122 0.670036 0.282201 0.017452 0.001189 0.009501 0.012967 0.006533
0.856236 0.022629 0.053678 0.006748 0.000733 0.030829 0.022369 0.006779
0.058258 0.157716 0.502533 0.161638 0.000429 0.000000 0.117022 0.002403
0.052278 0.035558 0.031978 0.446882 0.072066 0.001185 0.264150 0.095902
0.000041 0.462520 0.342468 0.117193 0.000000 0.001356 0.074947 0.001476
0.075725 0.429269 0.165650 0.163057 0.030670 0.000435 0.113798 0.021396
0.018477 0.101508 0.793588 0.003646 0.011736 0.005182 0.054713 0.011150
0.000337 0.462222 0.461968 0.023733 0.008623 0.030515 0.010744 0.001858
0.000441 0.804370 0.164518 0.023549 0.002573 0.003182 0.000317 0.001050
0.000571 0.005180 0.016131 0.938415 0.000430 0.000124 0.038653 0.000495
0.000166 0.727189 0.247515 0.005076 0.000136 0.003269 0.016264 0.000386
0.000465 0.862686 0.096477 0.015152 0.000569 0.000044 0.024223 0.000385
0.873629 0.062428 0.019240 0.009544 0.020310 0.002018 0.000000 0.012832
0.404395 0.179663 0.142765 0.088336 0.061751 0.051106 0.067862 0.004122
0.000620 0.007540 0.011702 0.562793 0.001362 0.000574 0.415180 0.000228
0.015842 0.577550 0.158228 0.128180 0.001687 0.035445 0.076829 0.006240
0.000471 0.804321 0.164484 0.023547 0.002583 0.003207 0.000317 0.001069
0.000325 0.063281 0.028931 0.178058 0.692756 0.000436 0.002830 0.033383
0.067512 0.011070 0.014500 0.218037 0.005105 0.000089 0.683671 0.000016
0.017205 0.006875 0.012251 0.472993 0.005298 0.001863 0.482139 0.001376
0.000482 0.033358 0.021643 0.872875 0.002419 0.010811 0.057276 0.001137
0.000632 0.003875 0.002162 0.001480 0.004052 0.000072 0.000000 0.987727
0.060388 0.281245 0.517655 0.122764 0.011009 0.001016 0.002976 0.002946
0.000543 0.392862 0.072201 0.111374 0.036978 0.383620 0.000000 0.002422
0.000464 0.009577 0.004828 0.555328 0.000218 0.000014 0.429571 0.000001
0.909721 0.025295 0.000894 0.012324 0.026045 0.000574 0.000849 0.024300
0.000910 0.132978 0.090153 0.384948 0.377831 0.000003 0.013129 0.000047
0.002321 0.004184 0.005511 0.002919 0.973931 0.000096 0.000204 0.010835
0.000122 0.670036 0.282202 0.017452 0.001189 0.009501 0.012967 0.006532
0.000082 0.770454 0.185383 0.015046 0.017402 0.006687 0.003223 0.001723
0.004741 0.025829 0.012988 0.912744 0.004160 0.005147 0.033663 0.000728
0.008608 0.329519 0.483291 0.005942 0.138650 0.021120 0.004662 0.008209
0.000000 0.217820 0.099845 0.080452 0.001484 0.434486 0.163508 0.002405
0.000682 0.007384 0.003631 0.003400 0.004882 0.000075 0.000000 0.979946
0.003127 0.005280 0.004561 0.008661 0.922354 0.000354 0.000450 0.055214
0.047290 0.159606 0.508731 0.163589 0.000428 0.000000 0.118066 0.002290
0.002166 0.480458 0.381678 0.022262 0.000000 0.001880 0.110173 0.001383
0.006931 0.008413 0.001136 0.004365 0.002872 0.973132 0.000449 0.002702
0.015303 0.759589 0.164014 0.007446 0.006996 0.000326 0.041597 0.004729
0.000289 0.152020 0.789257 0.003984 0.000098 0.000744 0.052840 0.000768
0.000673 0.005177 0.016094 0.938181 0.000433 0.000128 0.038783 0.000531
0.066198 0.006132 0.019692 0.234051 0.019866 0.004669 0.645609 0.003783
0.870114 0.025239 0.071272 0.007552 0.015563 0.001320 0.000654 0.008286
0.001109 0.013367 0.025183 0.861160 0.000492 0.005791 0.091781 0.001116
0.000515 0.025615 0.012378 0.924891 0.002187 0.003024 0.031102 0.000287
0.043890 0.008031 0.007289 0.291637 0.002640 0.000100 0.646392 0.000020
0.021949 0.019578 0.036472 0.031684 0.436937 0.003768 0.000076 0.449538
0.000465 0.804332 0.164491 0.023548 0.002581 0.003202 0.000317 0.001065
0.030225 0.006097 0.011465 0.397000 0.007774 0.003083 0.541872 0.002483
0.000597 0.007542 0.011704 0.562927 0.001358 0.000572 0.415074 0.000226
0.000557 0.035336 0.013109 0.504627 0.001791 0.001808 0.442674 0.000099
0.000133 0.864116 0.096202 0.015236 0.000463 0.000035 0.023573 0.000243
0.002811 0.004566 0.004837 0.005541 0.944445 0.000248 0.000339 0.037213
0.001096 0.009510 0.004797 0.550693 0.000240 0.000015 0.433647 0.000002
0.051889 0.565727 0.167447 0.165722 0.000880 0.003196 0.044884 0.000255
0.000806 0.005271 0.003569 0.001619 0.006025 0.000074 0.000000 0.982635
0.011790 0.075140 0.871694 0.001461 0.010566 0.001666 0.024597 0.003085
0.000000 0.041170 0.038909 0.007809 0.005065 0.837975 0.059407 0.009665
0.048461 0.008134 0.007951 0.268675 0.002974 0.000105 0.663679 0.000021
0.000433 0.804382 0.164528 0.023549 0.002570 0.003175 0.000317 0.001045
0.004130 0.006266 0.022259 0.013244 0.875639 0.004685 0.000882 0.072894
0.000064 0.728061 0.247560 0.005090 0.000122 0.002820 0.015999 0.000283
0.146333 0.241426 0.247270 0.167167 0.000450 0.045904 0.145717 0.005732
0.000273 0.033864 0.025557 0.911646 0.001086 0.000000 0.026922 0.000651
0.840163 0.036291 0.018363 0.005029 0.012093 0.026521 0.048933 0.012608
0.909354 0.025958 0.001010 0.011853 0.027691 0.000542 0.000820 0.022773
0.014129 0.005659 0.006612 0.032566 0.004514 0.900318 0.030719 0.005482
0.000115 0.864155 0.096239 0.015237 0.000459 0.000034 0.023527 0.000234
0.020505 0.817607 0.055124 0.014219 0.005164 0.000716 0.075609 0.011057
0.000269 0.024881 0.021024 0.828814 0.000415 0.002314 0.120620 0.001661
0.064976 0.031884 0.028039 0.188305 0.031113 0.012321 0.642041 0.001321
0.013854 0.049729 0.042459 0.126495 0.761156 0.000004 0.006186 0.000117
0.001343 0.004413 0.015427 0.912514 0.002012 0.001264 0.061756 0.001273
0.000269 0.024881 0.021024 0.828814 0.000415 0.002314 0.120620 0.001661
0.000465 0.025619 0.012382 0.925031 0.002173 0.002988 0.031063 0.000279
0.054404 0.004469 0.009135 0.251926 0.011932 0.005500 0.657948 0.004687
0.813622 0.027680 0.127977 0.004441 0.021618 0.000645 0.000429 0.003588
0.857265 0.023122 0.057578 0.006293 0.000769 0.027764 0.021251 0.005959
0.000437 0.009580 0.004831 0.555541 0.000218 0.000013 0.429378 0.000001
0.002288 0.004159 0.005555 0.002747 0.975866 0.000086 0.000195 0.009103
0.000514 0.003360 0.001359 0.001644 0.002758 0.000071 0.000000 0.990295
0.000174 0.190996 0.043419 0.030705 0.000387 0.720048 0.012646 0.001625
0.000064 0.728062 0.247562 0.005090 0.000122 0.002819 0.015999 0.000283
0.000860 0.055295 0.025330 0.155177 0.716143 0.000469 0.002538 0.044187
0.000201 0.174587 0.769759 0.010327 0.001199 0.000707 0.042508 0.000711
0.001439 0.455930 0.453226 0.023391 0.010256 0.041319 0.011041 0.003399
0.001032 0.376267 0.069154 0.106579 0.038030 0.406065 0.000000 0.002873
0.000538 0.007547 0.011715 0.563303 0.001351 0.000565 0.414762 0.000220
0.000684 0.004292 0.002583 0.001521 0.004644 0.000073 0.000000 0.986203
0.000091 0.088982 0.028468 0.055110 0.005563 0.000129 0.000000 0.821657
0.029398 0.001810 0.129419 0.021903 0.237741 0.000000 0.036918 0.542811
0.000790 0.718465 0.251406 0.004925 0.000242 0.005671 0.017567 0.000934
0.007161 0.032746 0.012101 0.462930 0.003289 0.004114 0.477268 0.000392
0.044906 0.356483 0.243746 0.191599 0.028444 0.029074 0.104362 0.001387
0.004278 0.032677 0.017664 0.002159 0.001286 0.934277 0.003465 0.004194
0.035295 0.042612 0.047301 0.078257 0.375234 0.008194 0.262699 0.150408
0.000545 0.007546 0.011714 0.563260 0.001351 0.000566 0.414797 0.000220
0.000538 0.007547 0.011715 0.563301 0.001351 0.000565 0.414763 0.000220
0.845527 0.036140 0.053628 0.008872 0.006241 0.023220 0.005483 0.020889
0.009845 0.020690 0.026670 0.016253 0.681016 0.000000 0.007280 0.238247
0.087169 0.046422 0.050091 0.551574 0.019040 0.052883 0.178937 0.013885
0.000851 0.035213 0.013055 0.502742 0.001852 0.001914 0.444259 0.000112
0.062406 0.038262 0.025313 0.637033 0.010475 0.049340 0.163926 0.013246
0.004416 0.070607 0.054201 0.013589 0.021009 0.813856 0.016998 0.005323
0.908229 0.029389 0.001711 0.008492 0.037850 0.000343 0.000632 0.013354
0.000620 0.023191 0.009275 0.636850 0.000532 0.000422 0.328820 0.000291
0.000212 0.015052 0.115457 0.295849 0.236712 0.022614 0.274318 0.039786
0.006549 0.551150 0.289748 0.012378 0.006956 0.048467 0.016575 0.068177
0.000315 0.023269 0.009302 0.639588 0.000498 0.000386 0.326404 0.000238
0.048017 0.029181 0.049697 0.513758 0.008708 0.028765 0.278593 0.043282
0.000158 0.140422 0.102907 0.339758 0.021840 0.008853 0.012664 0.373399
0.014793 0.011770 0.010187 0.041927 0.171842 0.005482 0.000081 0.743918
0.000117 0.864152 0.096235 0.015237 0.000460 0.000034 0.023532 0.000235
0.009559 0.415348 0.518028 0.002399 0.016109 0.016025 0.008113 0.014419
0.659757 0.170977 0.004384 0.112363 0.026874 0.000646 0.002609 0.022389
0.000202 0.204595 0.119560 0.153820 0.001772 0.380631 0.138166 0.001255
0.203676 0.428077 0.124799 0.091557 0.003295 0.063659 0.065661 0.019275
0.000556 0.007545 0.011712 0.563191 0.001353 0.000567 0.414854 0.000221
0.000295 0.765296 0.184422 0.014906 0.020689 0.008373 0.003293 0.002726
0.854158 0.021588 0.045572 0.007677 0.000660 0.037185 0.024679 0.008480
0.007984 0.489899 0.224536 0.005401 0.192396 0.048895 0.004265 0.026625
0.000164 0.063381 0.021735 0.854401 0.001036 0.005239 0.054000 0.000044
0.108524 0.363902 0.081961 0.111084 0.006834 0.033422 0.285638 0.008635
0.000651 0.008090 0.003708 0.003951 0.004613 0.000075 -0.000000 0.978912
0.001041 0.007129 0.005454 0.001796 0.008675 0.000077 0.000000 0.975828
0.000351 0.013418 0.025328 0.865512 0.000427 0.004647 0.089600 0.000715
0.000311 0.023270 0.009303 0.639628 0.000498 0.000385 0.326368 0.000238
0.000672 0.007535 0.011691 0.562450 0.001368 0.000581 0.415469 0.000234
0.000479 0.024835 0.020952 0.827191 0.000434 0.002515 0.121597 0.001997
0.060966 0.386540 0.087065 0.118076 0.006832 0.032544 0.300383 0.007594
0.000463 0.100790 0.029147 0.786800 0.003941 0.015569 0.061772 0.001518
0.000995 0.033837 0.025472 0.909237 0.001326 0.000000 0.027980 0.001154
0.000453 0.002455 0.000725 0.001343 0.002033 0.000070 0.000000 0.992921
0.000782 0.173910 0.767826 0.010258 0.001451 0.000908 0.043691 0.001175
0.820177 0.030828 0.009682 0.006875 0.008308 0.040950 0.062286 0.020895
0.005036 0.063262 0.022931 0.815628 0.003581 0.019423 0.069824 0.000316
0.002515 0.004334 0.005242 0.003955 0.962230 0.000156 0.000257 0.021311
0.041977 0.023654 0.030971 0.535592 0.006280 0.031854 0.280077 0.049595
0.000387 0.100854 0.029175 0.787339 0.003896 0.015244 0.061659 0.001447
0.867892 0.068212 0.025808 0.006514 0.024752 0.001088 0.000000 0.005733
0.001708 0.012790 0.009141 0.006830 0.001784 0.922042 0.004749 0.040957
0.000323 0.628394 0.326909 0.012661 0.000188 0.000021 0.031390 0.000114
0.831855 0.034020 0.014754 0.005796 0.010519 0.032519 0.054484 0.016053
0.803008 0.018910 0.142137 0.008089 0.000979 0.000000 0.022683 0.004194
0.003089 0.007080 0.005236 0.014065 0.912510 0.000371 0.000536 0.057112
0.001057 0.023109 0.009274 0.633118 0.000590 0.000468 0.332028 0.000356
0.000650 0.628213 0.326264 0.012652 0.000202 0.000024 0.031848 0.000148
0.834838 0.017742 0.099153 0.011158 0.000797 0.000000 0.029341 0.006970
0.009624 0.481166 0.306856 0.164074 0.020298 0.001826 0.012870 0.003287
0.003189 0.022727 0.010024 0.002023 0.000806 0.953626 0.003062 0.004543
0.572897 0.146649 0.077834 0.018032 0.007477 0.100327 0.039933 0.036851
0.048498 0.159400 0.508035 0.163378 0.000428 0.000000 0.117957 0.002303
0.008511 0.056546 0.102644 0.022771 0.553964 0.002413 0.015502 0.237649
0.000733 0.861261 0.097080 0.015057 0.000666 0.000050 0.024667 0.000486
0.000469 0.003720 0.001241 0.002044 0.002307 0.000071 0.000000 0.990147
0.682162 0.041119 0.112564 0.019464 0.060521 0.056298 0.004478 0.023395
0.000540 0.159890 0.036389 0.025639 0.000388 0.764065 0.010899 0.002191
0.271481 0.366326 0.302059 0.025406 0.005195 0.002739 0.026614 0.000180
0.490101 0.146610 0.278735 0.062507 0.012919 0.001229 0.001774 0.006124
0.000658 0.004420 0.015462 0.914913 0.001816 0.001089 0.060692 0.000950
0.000214 0.033866 0.025562 0.911846 0.001066 0.000000 0.026836 0.000610
0.000150 0.669611 0.281954 0.017439 0.001206 0.009737 0.012996 0.006908
0.001771 0.480901 0.381946 0.022289 0.000000 0.001834 0.109951 0.001308
0.000128 0.248565 0.259550 0.233790 0.001557 0.000011 0.251376 0.005024
0.013723 0.015296 0.029441 0.011574 0.928221 0.000001 0.001712 0.000032
0.022996 0.204252 0.407939 0.054880 0.107820 0.101211 0.100865 0.000037
0.000204 0.174588 0.769742 0.010327 0.001200 0.000708 0.042516 0.000714
0.000328 0.023264 0.009299 0.639463 0.000499 0.000387 0.326518 0.000241
0.031521 0.079635 0.052606 0.599401 0.022670 0.073917 0.138933 0.001316
0.004557 0.004423 0.015830 0.901407 0.003238 0.001933 0.066126 0.002485
0.007921 0.010528 0.002015 0.004641 0.003965 0.967813 0.000474 0.002644
0.007059 0.037061 0.005941 0.020258 0.004583 0.921981 0.000873 0.002244
0.001300 0.008783 0.004094 0.006446 0.001029 0.931143 0.004300 0.042905
0.851878 0.020482 0.036862 0.008687 0.000582 0.044027 0.027173 0.010310
0.000723 0.004601 0.002896 0.001551 0.005083 0.000073 -0.000000 0.985072
0.000246 0.184020 0.041794 0.029582 0.000383 0.729967 0.012255 0.001753
0.000767 0.040792 0.022121 0.794400 0.005423 0.000111 0.131662 0.004724
0.000408 0.005181 0.016134 0.938803 0.000418 0.000119 0.038483 0.000453
0.000796 0.005177 0.003479 0.001607 0.005902 0.000074 0.000000 0.982966
0.000683 0.009551 0.004813 0.553674 0.000225 0.000014 0.431038 0.000002
0.859873 0.024409 0.067658 0.005132 0.000860 0.019855 0.018372 0.003842
0.002742 0.004508 0.004930 0.005160 0.948615 0.000227 0.000319 0.033498
0.010487 0.049658 0.040498 0.204416 0.187075 0.004422 0.000158 0.503285
0.003431 0.005892 0.026827 0.006246 0.942444 0.001394 0.000495 0.013272
0.000237 0.575258 0.407988 0.012766 0.000726 0.002574 0.000248 0.000202
0.000164 0.063380 0.021735 0.854397 0.001036 0.005241 0.054002 0.000044
0.186100 0.327848 0.074265 0.099743 0.007059 0.033992 0.261170 0.009823
0.908096 0.029934 0.001828 0.007903 0.039560 0.000309 0.000600 0.011769
0.000505 0.804254 0.164458 0.023545 0.002597 0.003234 0.000318 0.001089
0.000549 0.050417 0.048521 0.850064 0.001527 0.002162 0.045603 0.001158
0.032793 0.024537 0.011643 0.056143 0.533745 0.000000 0.232698 0.108441
0.000723 0.004601 0.002896 0.001551 0.005084 0.000073 0.000000 0.985071
0.001036 0.007508 0.011642 0.560201 0.001424 0.000620 0.417300 0.000269
0.000117 0.864151 0.096234 0.015237 0.000460 0.000034 0.023533 0.000235
0.108218 0.363960 0.081930 0.111123 0.006812 0.033503 0.285775 0.008679
0.014014 0.600060 0.075277 0.266082 0.029701 0.014691 0.000000 0.000175
0.001567 0.481089 0.382171 0.022299 0.000000 0.001807 0.109802 0.001265
0.070154 0.265599 0.271625 0.184192 0.000450 0.044916 0.158148 0.004917
0.000000 0.030449 0.021839 0.007589 0.003310 0.870908 0.055469 0.010436
0.042199 0.023960 0.031970 0.535159 0.006397 0.031608 0.279581 0.049125
0.017268 0.013671 0.018413 0.035448 0.260262 0.004928 0.000078 0.649932
0.209124 0.221098 0.225117 0.153245 0.000433 0.048232 0.135937 0.006813
0.014918 0.453058 0.262192 0.017638 0.130589 0.076098 0.012359 0.033148
0.000365 0.724954 0.248079 0.005038 0.000167 0.004092 0.016731 0.000574
0.000408 0.005181 0.016134 0.938803 0.000418 0.000119 0.038483 0.000453
0.000311 0.023270 0.009303 0.639627 0.000498 0.000385 0.326369 0.000238
0.145581 0.471761 0.011839 0.316614 0.032658 0.000716 0.006151 0.014681
0.848557 0.022145 0.041066 0.009263 0.000608 0.041696 0.027008 0.009657
0.006021 0.099051 0.072896 0.123471 0.445295 0.000000 0.018925 0.234341
0.002920 0.009406 0.004841 0.538921 0.000331 0.000020 0.443558 0.000003
0.000723 0.004607 0.002896 0.001555 0.005081 0.000073 0.000000 0.985065
0.095334 0.010241 0.045767 0.189878 0.039463 0.002617 0.615152 0.001549
0.849323 0.017520 0.077807 0.013179 0.000701 0.000000 0.033063 0.008408
0.000155 0.768822 0.184950 0.015004 0.018447 0.007290 0.003249 0.002082
0.001970 0.635751 0.284654 0.015983 0.002855 0.020642 0.013992 0.024153
0.000172 0.138971 0.101820 0.336244 0.021745 0.008866 0.012550 0.379633
0.000960 0.023097 0.009235 0.633752 0.000568 0.000464 0.331574 0.000351
0.000325 0.023266 0.009300 0.639495 0.000499 0.000387 0.326488 0.000240
0.000792 0.459641 0.458312 0.023594 0.009291 0.035003 0.010868 0.002498
0.000770 0.006072 0.149613 0.305088 0.036907 0.000000 0.115848 0.385703
0.320637 0.359087 0.189009 0.062380 0.004026 0.010727 0.053053 0.001079
0.782008 0.122831 0.017917 0.038793 0.012824 0.003381 0.000000 0.022247
0.000210 0.727636 0.246466 0.005085 0.000139 0.003553 0.016459 0.000452
0.013197 0.015018 0.029979 0.009878 0.930384 0.000001 0.001522 0.000021
0.858949 0.023953 0.064088 0.005543 0.000827 0.022656 0.019392 0.004592
0.003505 0.025640 0.012568 0.916399 0.003380 0.004763 0.033092 0.000654
0.000453 0.574675 0.407888 0.012734 0.000803 0.002932 0.000252 0.000262
0.335940 0.356092 0.156656 0.072534 0.003705 0.013053 0.060678 0.001341
0.001867 0.007462 0.011608 0.555426 0.001590 0.000695 0.421016 0.000337
0.009906 0.013868 0.003628 0.004690 0.006105 0.958753 0.000509 0.002541
0.864465 0.042934 0.028918 0.002784 0.016696 0.008976 0.032696 0.002531
0.000000 0.044666 0.020291 0.015457 0.002070 0.842510 0.064995 0.010011
0.860609 0.024773 0.070503 0.004804 0.000885 0.017622 0.017560 0.003245
0.011718 0.175463 0.514120 0.044907 0.023300 0.000030 0.207048 0.023413
0.000108 0.588902 0.360767 0.026173 0.012727 0.005071 0.005256 0.000995
0.002862 0.099551 0.029101 0.770316 0.005859 0.024083 0.064851 0.003377
0.000389 0.663294 0.304485 0.009867 0.000821 0.000000 0.020120 0.001023
0.000572 0.003400 0.001681 0.001434 0.003376 0.000072 0.000000 0.989465
0.000574 0.007544 0.011708 0.563074 0.001355 0.000570 0.414952 0.000223
0.000501 0.023203 0.009261 0.637797 0.000513 0.000411 0.328038 0.000276
0.000413 0.004424 0.015505 0.915779 0.001762 0.001019 0.060279 0.000819
0.000062 0.728063 0.247575 0.005090 0.000121 0.002812 0.015994 0.000281
0.000666 0.388494 0.071383 0.110122 0.037177 0.389616 0.000000 0.002542
0.000062 0.728063 0.247579 0.005090 0.000121 0.002810 0.015993 0.000281
0.002001 0.015703 0.012782 0.007134 0.002327 0.915429 0.005076 0.039548
0.752753 0.031876 0.145621 0.025727 0.000787 0.000000 0.037124 0.006112
0.047288 0.159606 0.508733 0.163589 0.000428 0.000000 0.118067 0.002290
0.835140 0.034919 0.016182 0.005493 0.011142 0.030146 0.052288 0.014690
0.004093 0.030968 0.016362 0.002133 0.001204 0.937591 0.003396 0.004253
0.000342 0.063012 0.028811 0.177285 0.693592 0.000437 0.002820 0.033700
0.054330 0.024216 0.016219 0.206418 0.020712 0.015110 0.661259 0.001737
0.001646 0.038740 0.018397 0.106783 0.782462 0.000442 0.001855 0.049675
0.180463 0.230491 0.235818 0.159568 0.000446 0.046741 0.140269 0.006204
0.014844 0.791033 0.122147 0.010527 0.005572 0.000404 0.049437 0.006036
0.852033 0.020538 0.037354 0.008624 0.000586 0.043634 0.027026 0.010205
0.008373 0.013484 0.028001 0.822296 0.001443 0.013763 0.108818 0.003822
0.000081 0.770478 0.185397 0.015047 0.017386 0.006674 0.003222 0.001716
0.000637 0.005009 0.002580 0.002144 0.004207 0.000073 -0.000000 0.985351
0.000097 0.727807 0.247505 0.005086 0.000126 0.002971 0.016089 0.000318
0.296935 0.277716 0.064267 0.083640 0.007729 0.033443 0.225552 0.010718
0.869107 0.066988 0.024417 0.007156 0.023812 0.001285 0.000000 0.007236
0.003449 0.005053 0.003956 0.008917 0.906175 0.000447 0.000514 0.071490
0.052783 0.622863 0.226675 0.011038 0.033555 0.030848 0.000542 0.021696
0.861764 0.025343 0.074968 0.004289 0.000925 0.014118 0.016285 0.002307
0.113637 0.010419 0.083551 0.655257 0.017033 0.001427 0.108479 0.010197
0.000554 0.035338 0.013111 0.504652 0.001791 0.001806 0.442649 0.000099
0.000386 0.100854 0.029175 0.787343 0.003896 0.015242 0.061658 0.001446
0.002843 0.039504 0.013154 0.004938 0.000746 0.930533 0.004023 0.004258
0.048203 0.446421 0.171542 0.170027 0.028444 0.000406 0.116736 0.018221
0.032770 0.130996 0.045694 0.033190 0.022282 0.597609 0.077548 0.059911
0.001315 0.033178 0.021447 0.867690 0.002729 0.013353 0.058552 0.001735
0.000311 0.023270 0.009303 0.639625 0.000498 0.000385 0.326370 0.000238
0.000694 0.005048 0.002893 0.001940 0.004808 0.000074 -0.000000 0.984544
0.001053 0.013362 0.025133 0.861438 0.000482 0.005750 0.091677 0.001103
0.000553 0.005179 0.016117 0.938461 0.000427 0.000124 0.038644 0.000494
0.006138 0.442546 0.470550 0.052262 0.000332 0.000149 0.027350 0.000673
0.002114 0.034831 0.012991 0.495235 0.002215 0.002293 0.450160 0.000160
0.000212 0.033866 0.025563 0.911851 0.001066 0.000000 0.026834 0.000609
0.023947 0.427965 0.467531 0.049684 0.000549 0.000238 0.028636 0.001449
0.294187 0.362721 0.250840 0.042007 0.004670 0.006372 0.038613 0.000589
0.000437 0.004424 0.015501 0.915696 0.001767 0.001026 0.060318 0.000831
0.003152 0.032849 0.021178 0.856444 0.003495 0.018648 0.061257 0.002976
0.003046 0.005034 0.004609 0.007668 0.928409 0.000326 0.000418 0.050490
0.876425 0.022838 0.073331 0.015838 0.000684 0.003329 0.000864 0.006692
0.908877 0.027621 0.001358 0.010142 0.032760 0.000442 0.000726 0.018074
0.000462 0.009577 0.004828 0.555349 0.000218 0.000014 0.429551 0.000001
0.000062 0.728063 0.247581 0.005090 0.000121 0.002809 0.015992 0.000281
0.000333 0.462241 0.461999 0.023734 0.008619 0.030478 0.010743 0.001853
0.000293 0.863602 0.096085 0.015213 0.000507 0.000039 0.023939 0.000321
0.000065 0.728060 0.247546 0.005090 0.000122 0.002828 0.016004 0.000285
0.089248 0.113588 0.476921 0.015173 0.000000 0.002244 0.297315 0.005511
0.000125 0.864133 0.096215 0.015236 0.000462 0.000034 0.023554 0.000239
0.091456 0.333602 0.230583 0.178262 0.032694 0.031987 0.099670 0.001747
0.233987 0.228633 0.418185 0.099707 0.011046 0.001178 0.002535 0.004729
0.000424 0.009582 0.004832 0.555640 0.000217 0.000013 0.429290 0.000001
0.000321 0.093328 0.035390 0.087240 0.000924 0.745637 0.017057 0.020102
0.377437 0.153973 0.283457 0.173722 0.000480 0.003252 0.002870 0.004809
0.000142 0.864088 0.096192 0.015235 0.000466 0.000035 0.023595 0.000248
0.000430 0.804387 0.164532 0.023549 0.002569 0.003173 0.000317 0.001043
0.007403 0.049572 0.046982 0.831531 0.002739 0.005107 0.051878 0.004788
0.000303 0.351979 0.328613 0.192060 0.010358 0.019432 0.097252 0.000003
0.000116 0.864154 0.096237 0.015237 0.000460 0.000034 0.023529 0.000234
0.000144 0.669729 0.281963 0.017443 0.001201 0.009692 0.012991 0.006837
0.000449 0.033363 0.021645 0.873072 0.002404 0.010722 0.057229 0.001116
0.002423 0.015517 0.004595 0.001895 0.000467 0.967543 0.002767 0.004792
0.023392 0.021399 0.042041 0.030522 0.491424 0.003410 0.000075 0.387737
0.000350 0.013419 0.025329 0.865519 0.000427 0.004645 0.089596 0.000715
0.004281 0.008889 0.023404 0.029310 0.828021 0.006223 0.001251 0.098621
0.012021 0.431647 0.347424 0.006324 0.013338 0.070088 0.017333 0.101825
0.865972 0.025414 0.075437 0.007321 0.016009 0.001271 0.000637 0.007940
0.001501 0.010787 0.006592 0.006662 0.001401 0.926594 0.004525 0.041937
0.000377 0.033378 0.021661 0.873520 0.002377 0.010504 0.057119 0.001065
0.000578 0.023197 0.009273 0.637197 0.000526 0.000418 0.328527 0.000285
0.000322 0.013421 0.025339 0.865681 0.000425 0.004600 0.089512 0.000699
0.005670 0.033508 0.047950 0.025468 0.288557 0.004006 0.014834 0.580008
0.294959 0.176006 0.316680 0.200697 0.000434 0.003322 0.003222 0.004679
0.000537 0.035345 0.013113 0.504761 0.001787 0.001800 0.442560 0.000098
0.000143 0.575395 0.408161 0.012775 0.000695 0.002410 0.000247 0.000175
0.000165 0.063380 0.021734 0.854390 0.001036 0.005245 0.054005 0.000044
0.003034 0.021314 0.008939 0.002004 0.000737 0.956375 0.003005 0.004592
0.000820 0.024779 0.020895 0.824628 0.000469 0.002816 0.123097 0.002495
0.079243 0.608684 0.082651 0.208419 0.010689 0.002407 0.000000 0.007907
0.000430 0.804386 0.164531 0.023549 0.002570 0.003173 0.000317 0.001043
0.000246 0.033865 0.025559 0.911738 0.001077 0.000000 0.026883 0.000633
0.000755 0.004859 0.003157 0.001576 0.005449 0.000074 -0.000000 0.984131
0.000127 0.769599 0.184990 0.015028 0.017956 0.007093 0.003242 0.001965
0.000363 0.574689 0.408185 0.012738 0.000775 0.002766 0.000250 0.000234
0.000476 0.009576 0.004828 0.555247 0.000219 0.000014 0.429640 0.000001
0.010339 0.480758 0.306540 0.163935 0.020366 0.001840 0.012872 0.003350
0.845864 0.020008 0.026490 0.010683 0.000479 0.052897 0.030917 0.012661
0.000590 0.127720 0.017474 0.076844 0.003226 0.770919 0.002262 0.000965
0.530408 0.179249 0.065696 0.018650 0.192389 0.013381 0.000000 0.000227
0.000269 0.628431 0.327004 0.012663 0.000186 0.000020 0.031318 0.000109
0.060723 0.033997 0.037503 0.268375 0.015287 0.002479 0.579012 0.002624
0.002508 0.043991 0.027465 0.840193 0.001405 0.005294 0.078274 0.000869
0.000750 0.055460 0.084694 0.341632 0.003516 0.419845 0.092958 0.001146
0.018804 0.015609 0.024339 0.034213 0.318241 0.004547 0.000077 0.584169
0.832171 0.036882 0.016898 0.005969 0.011280 0.029549 0.052946 0.014305
0.001890 0.005183 0.016203 0.935255 0.000536 0.000161 0.039962 0.000810
0.000459 0.009577 0.004828 0.555365 0.000218 0.000014 0.429537 0.000001
0.001810 0.656898 0.307261 0.009659 0.001250 0.000000 0.021064 0.002058
0.003089 0.226147 0.258811 0.201235 0.004847 0.000030 0.279786 0.026056
0.113717 0.522996 0.067237 0.228353 0.045291 0.022006 0.000000 0.000400
0.132296 0.144989 0.460496 0.148542 0.000438 0.000000 0.110050 0.003189
0.341771 0.253116 0.057100 0.076811 0.006908 0.037490 0.213208 0.013597
0.841000 0.017533 0.090737 0.011786 0.000761 0.000000 0.030667 0.007517
0.000348 0.024867 0.021005 0.828214 0.000423 0.002386 0.120976 0.001781
0.412813 0.094777 0.312769 0.094890 0.000555 0.000000 0.079160 0.005036
0.008087 0.010598 0.002115 0.004528 0.004132 0.967428 0.000473 0.002638
0.010569 0.070336 0.885940 0.001063 0.010352 0.001024 0.019102 0.001613
0.002178 0.024599 0.020794 0.814576 0.000621 0.003958 0.128892 0.004381
0.000311 0.023270 0.009303 0.639628 0.000498 0.000385 0.326368 0.000238
0.020661 0.016665 0.005687 0.447660 0.002353 0.003076 0.499759 0.004138
0.000540 0.007546 0.011714 0.563288 0.001351 0.000566 0.414774 0.000220
0.811026 0.018616 0.131309 0.008862 0.000933 0.000000 0.024360 0.004893
0.000269 0.024881 0.021024 0.828813 0.000415 0.002314 0.120620 0.001662
0.003377 0.004998 0.004054 0.008538 0.910453 0.000424 0.000494 0.067661
0.027015 0.190881 0.238306 0.132858 0.016225 0.264640 0.020216 0.109859
0.000153 0.769118 0.184737 0.015018 0.018269 0.007339 0.003253 0.002112
0.000186 0.863943 0.096167 0.015228 0.000478 0.000036 0.023693 0.000269
0.002710 0.004483 0.004975 0.004987 0.950571 0.000217 0.000311 0.031747
0.098694 0.252580 0.575277 0.002956 0.000000 0.003299 0.063663 0.003531
0.000790 0.005133 0.003434 0.001602 0.005839 0.000074 0.000000 0.983127
0.008135 0.010743 0.002165 0.004565 0.004187 0.967095 0.000475 0.002635
0.005301 0.521433 0.449894 0.010343 0.003233 0.008350 0.000289 0.001157
0.000000 0.044968 0.035926 0.010716 0.004355 0.832012 0.062409 0.009615
0.035289 0.434066 0.379307 0.019005 0.000000 0.004990 0.120975 0.006368
0.863221 0.051937 0.001430 0.031564 0.024521 0.000620 0.001208 0.025499
0.018850 0.018609 0.024437 0.030112 0.904203 0.000005 0.003637 0.000147
0.000474 0.165140 0.037559 0.026499 0.000386 0.756652 0.011194 0.002096
0.000170 0.139136 0.101944 0.336644 0.021757 0.008864 0.012563 0.378921
0.000548 0.005180 0.016128 0.938471 0.000428 0.000124 0.038632 0.000490
0.021703 0.019268 0.035526 0.031881 0.427686 0.003829 0.000076 0.460031
0.014190 0.741783 0.194905 0.005454 0.007622 0.000225 0.032720 0.003100
0.000485 0.002706 0.000979 0.001367 0.002391 0.000071 0.000000 0.992001
0.812774 0.031813 0.008642 0.007778 0.007666 0.043321 0.065794 0.022212
0.001648 0.802005 0.163651 0.023446 0.003040 0.004121 0.000327 0.001761
0.574489 0.151755 0.087193 0.016931 0.008014 0.090899 0.037896 0.032823
0.000541 0.007546 0.011714 0.563282 0.001351 0.000566 0.414780 0.000220
0.000319 0.013421 0.025340 0.865701 0.000425 0.004595 0.089502 0.000697
0.000332 0.187602 0.115713 0.331581 0.087303 0.002927 0.050307 0.224236
0.000577 0.033868 0.025567 0.910590 0.001196 0.000000 0.027352 0.000851
0.000223 0.863715 0.096296 0.015212 0.000493 0.000037 0.023744 0.000281
0.000361 0.492588 0.352754 0.121514 0.001720 0.002321 0.025443 0.003301
0.566949 0.164342 0.043016 0.036842 0.147670 0.040187 0.000000 0.000994
0.000883 0.005178 0.016117 0.937674 0.000451 0.000134 0.038984 0.000578
0.000244 0.863748 0.096136 0.015219 0.000494 0.000038 0.023824 0.000297
0.583867 0.170469 0.125133 0.011855 0.010247 0.052599 0.029359 0.016471
0.869687 0.025846 0.070940 0.021016 0.000639 0.003614 0.000964 0.007295
0.000410 0.005181 0.016134 0.938799 0.000418 0.000119 0.038485 0.000453
0.001743 0.436333 0.158892 0.317682 0.022443 0.008751 0.048165 0.005992
0.012378 0.018411 0.005701 0.004966 0.008792 0.946786 0.000560 0.002407
0.062402 0.036174 0.045166 0.529430 0.044804 0.127857 0.126798 0.027369
0.072946 0.007087 0.025747 0.223892 0.024413 0.004191 0.638462 0.003263
0.000784 0.112893 0.069798 0.329158 0.069596 0.002519 0.392896 0.022356
0.000081 0.770480 0.185398 0.015047 0.017385 0.006673 0.003222 0.001715
0.860714 0.024824 0.070908 0.004757 0.000889 0.017304 0.017444 0.003160
0.000590 0.127719 0.017474 0.076843 0.003226 0.770921 0.002262 0.000965
0.001106 0.201846 0.144954 0.182899 0.001423 0.037521 0.429324 0.000927
0.844993 0.017218 0.010947 0.011717 0.000347 0.064402 0.034615 0.015761
0.001598 0.042825 0.019868 0.119156 0.758062 0.000492 0.002058 0.055942
0.172612 0.246945 0.453832 0.107650 0.011152 0.001108 0.002684 0.004018
0.860829 0.023877 0.092821 0.013243 0.000782 0.002619 0.000748 0.005081
0.767851 0.020199 0.189613 0.004699 0.001180 0.000000 0.015329 0.001127
0.000557 0.350714 0.327360 0.191240 0.010985 0.021203 0.097936 0.000004
0.011171 0.333061 0.637205 0.002273 0.008347 0.006871 0.000182 0.000890
0.000424 0.009582 0.004832 0.555641 0.000217 0.000013 0.429289 0.000001
0.000618 0.350416 0.327042 0.191052 0.011130 0.021633 0.098104 0.000004
0.000577 0.033332 0.021606 0.872264 0.002447 0.011130 0.057431 0.001212
0.001459 0.063493 0.022250 0.844049 0.001757 0.008817 0.058062 0.000112
0.000095 0.087842 0.028099 0.054404 0.005509 0.000128 0.000000 0.823923
0.000368 0.013417 0.025326 0.865418 0.000429 0.004672 0.089647 0.000724
0.001221 0.116551 0.015965 0.070024 0.003230 0.789790 0.002092 0.001127
0.909281 0.025798 0.000961 0.012160 0.026951 0.000556 0.000834 0.023458
0.000062 0.728063 0.247578 0.005090 0.000121 0.002811 0.015993 0.000281
0.001726 0.012576 0.010965 0.002323 0.016416 0.000086 -0.000000 0.955908
0.000981 0.025610 0.012390 0.923574 0.002358 0.003313 0.031426 0.000348
0.767030 0.020229 0.190723 0.004620 0.001185 0.000000 0.015157 0.001056
0.858380 0.025664 0.083187 0.006846 0.016854 0.001176 0.000605 0.007287
0.038777 0.015151 0.048018 0.665241 0.006067 0.041277 0.172545 0.012924
0.003421 0.005887 0.026888 0.006152 0.943341 0.001350 0.000490 0.012471
0.000450 0.007057 0.002287 0.004136 0.002395 0.000073 -0.000000 0.983601
0.000563 0.003348 0.001615 0.001439 0.003277 0.000072 0.000000 0.989686
0.843366 0.025040 0.114643 0.010338 0.000892 0.001825 0.000619 0.003277
0.007221 0.498439 0.236412 0.005406 0.186527 0.040534 0.003834 0.021627
0.113654 0.352570 0.276506 0.225326 0.001837 0.006247 0.005770 0.018089
0.001807 0.033280 0.021821 0.865167 0.003161 0.013930 0.058980 0.001854
0.863531 0.023697 0.089444 0.013693 0.000765 0.002742 0.000769 0.005360
0.023835 0.226336 0.513324 0.005186 0.079971 0.126707 0.009006 0.015636
0.003327 0.799055 0.162018 0.023337 0.003645 0.005484 0.000341 0.002794
0.003099 0.539120 0.437969 0.011158 0.002243 0.005468 0.000264 0.000680
0.003376 0.009314 0.004753 0.534792 0.000334 0.000022 0.447406 0.000003
0.000374 0.033379 0.021662 0.873535 0.002376 0.010496 0.057115 0.001063
0.040711 0.019211 0.013744 0.317804 0.006951 0.003968 0.592373 0.005238
0.849622 0.019348 0.028035 0.009698 0.000502 0.050946 0.029687 0.012162
0.000588 0.127771 0.017481 0.076875 0.003226 0.770832 0.002263 0.000965
0.000478 0.174379 0.768649 0.010304 0.001313 0.000807 0.043127 0.000942
0.016110 0.022848 0.025469 0.075428 0.260210 0.004693 0.000097 0.595145
0.000000 0.040334 0.037483 0.007822 0.004914 0.840604 0.059117 0.009727
0.000387 0.100854 0.029175 0.787340 0.003896 0.015244 0.061659 0.001446
0.000226 0.063348 0.021708 0.853918 0.001059 0.005461 0.054232 0.000049
0.004868 0.004425 0.015892 0.900339 0.003369 0.001991 0.066524 0.002591
0.001795 0.112107 0.068409 0.196945 0.092378 0.003908 0.034395 0.490062
0.001387 0.050337 0.048430 0.847735 0.001690 0.002504 0.046340 0.001577
0.000268 0.024882 0.021025 0.828823 0.000415 0.002313 0.120614 0.001659
0.000443 0.002373 0.000642 0.001335 0.001917 0.000070 0.000000 0.993219
0.002628 0.050197 0.048206 0.844343 0.001918 0.003027 0.047459 0.002222
0.027780 0.435002 0.489585 0.004213 0.002377 0.000132 0.039451 0.001459
0.000596 0.127589 0.017456 0.076765 0.003224 0.771142 0.002260 0.000967
0.000771 0.007529 0.011685 0.561875 0.001387 0.000590 0.415922 0.000242
0.033615 0.023928 0.009100 0.065421 0.471070 0.000000 0.263554 0.133311
0.000784 0.091482 0.024107 0.348931 0.118311 0.000000 0.400830 0.015555
0.104690 0.224166 0.404589 0.256364 0.000420 0.002866 0.003879 0.003026
0.000844 0.004418 0.015462 0.914265 0.001874 0.001134 0.060971 0.001033
0.007857 0.486921 0.230216 0.005182 0.194036 0.046492 0.004115 0.025181
0.002797 0.004551 0.004854 0.005451 0.945327 0.000244 0.000335 0.036442
0.001452 0.009479 0.004789 0.548193 0.000255 0.000016 0.435813 0.000002
0.000320 0.013421 0.025340 0.865698 0.000425 0.004596 0.089504 0.000697
0.000387 0.100854 0.029175 0.787341 0.003896 0.015243 0.061659 0.001446
0.000372 0.398806 0.284643 0.282813 0.021298 0.000000 0.012068 0.000000
0.002036 0.445138 0.472323 0.052692 0.000288 0.000125 0.026929 0.000468
0.001474 0.010572 0.008937 0.002129 0.013568 0.000083 0.000000 0.963238
0.395191 0.153432 0.288427 0.011830 0.141241 0.001652 0.004199 0.004027
0.000936 0.110047 0.082113 0.478023 0.123796 0.003234 0.000287 0.201565
0.251960 0.207835 0.213123 0.143581 0.000448 0.047550 0.128565 0.006938
0.000083 0.770434 0.185372 0.015046 0.017415 0.006698 0.003223 0.001730
0.000820 0.025607 0.012377 0.924033 0.002291 0.003222 0.031320 0.000329
0.000568 0.035331 0.013107 0.504560 0.001793 0.001811 0.442730 0.000099
0.847069 0.026174 0.094506 0.006238 0.018058 0.001042 0.000561 0.006352
0.000172 0.139077 0.101912 0.336485 0.021780 0.008865 0.012558 0.379151
0.000081 0.770481 0.185399 0.015047 0.017384 0.006672 0.003222 0.001714
0.012591 0.018818 0.005882 0.004998 0.009025 0.945727 0.000564 0.002395
0.026777 0.425006 0.467954 0.049137 0.000589 0.000250 0.028737 0.001551
0.861659 0.025291 0.074561 0.004336 0.000922 0.014437 0.016401 0.002393
0.000607 0.127350 0.017422 0.076622 0.003222 0.771550 0.002257 0.000971
0.002175 0.043998 0.027416 0.841326 0.001343 0.005085 0.077847 0.000811
0.003359 0.004986 0.004080 0.008446 0.911539 0.000419 0.000489 0.066683
0.000097 0.113336 0.042856 0.106302 0.000912 0.701732 0.020074 0.014691
0.000885 0.033273 0.021554 0.870375 0.002572 0.012029 0.057889 0.001423
0.000288 0.024877 0.021017 0.828672 0.000417 0.002332 0.120706 0.001691
0.086235 0.030219 0.025259 0.678276 0.042625 0.045592 0.082678 0.009115
0.000158 0.152088 0.789997 0.003987 0.000093 0.000685 0.052352 0.000640
0.010230 0.419777 0.471605 0.003467 0.015355 0.030738 0.010622 0.038206
0.001639 0.011879 0.010259 0.002256 0.015425 0.000085 -0.000000 0.958458
0.645283 0.045776 0.185911 0.010159 0.082610 0.020894 0.002746 0.006620
0.019744 0.395791 0.308736 0.254588 0.001435 0.004530 0.006108 0.009067
