0.000000 0.000150 0.087216 0.912634
-0.000000 0.999864 0.000002 0.000134
-0.000000 0.998146 0.000003 0.001850
0.000000 0.942007 0.008404 0.049590
0.000000 0.370161 0.234933 0.394906
-0.000000 0.000004 0.234091 0.765905
-0.000000 0.980293 0.000095 0.019612
-0.000000 0.663989 0.147668 0.188344
-0.000000 0.972291 0.000718 0.026991
-0.000000 0.658226 0.234066 0.107708
-0.000000 0.000000 0.884111 0.115889
0.000000 0.998321 0.000263 0.001416
-0.000000 0.000001 0.199345 0.800654
0.000000 0.000014 0.441196 0.558791
0.000000 0.994022 0.000335 0.005644
-0.000000 0.000000 0.290367 0.709633
-0.000000 0.990374 0.002272 0.007354
0.000000 0.999993 0.000000 0.000007
-0.000000 0.864479 0.021284 0.114238
0.000000 0.000000 0.974664 0.025336
-0.000000 0.999989 0.000000 0.000011
-0.000000 0.000029 0.367890 0.632081
0.000000 0.985270 0.000438 0.014292
-0.000000 0.997093 0.000022 0.002885
0.000000 0.008243 0.256849 0.734907
-0.000000 0.999204 0.000052 0.000744
0.000000 0.000034 0.370904 0.629062
0.000000 0.999949 0.000003 0.000048
-0.000000 0.998231 0.000053 0.001716
-0.000000 0.738906 0.067306 0.193787
-0.000000 0.015251 0.269495 0.715254
0.000000 0.981952 0.000305 0.017743
0.000000 0.996471 0.000383 0.003147
0.000000 1.000000 0.000000 0.000000
0.000000 0.803585 0.039096 0.157319
0.000000 0.997087 0.000040 0.002874
0.000000 0.999179 0.000080 0.000741
-0.000000 0.557827 0.047958 0.394215
0.000000 0.000366 0.346885 0.652749
0.000000 0.000127 0.671963 0.327910
-0.000000 0.000000 0.080798 0.919202
-0.000000 0.894403 0.007022 0.098575
-0.000000 0.000125 0.091865 0.908010
-0.000000 0.000000 0.428628 0.571371
0.000000 0.000001 0.756205 0.243795
0.000000 0.292236 0.067146 0.640619
-0.000000 0.000000 0.274570 0.725430
-0.000000 0.931444 0.011103 0.057454
-0.000000 0.999333 0.000036 0.000631
0.000000 0.999191 0.000122 0.000686
-0.000000 0.996923 0.000059 0.003018
0.000000 0.000000 0.950633 0.049367
0.000000 0.031944 0.115331 0.852726
0.000000 0.018515 0.610581 0.370904
-0.000000 0.000000 0.035047 0.964953
0.000000 0.007052 0.021544 0.971404
0.000000 0.993506 0.000828 0.005667
0.000000 -0.000000 0.842881 0.157119
0.000000 0.994044 0.000347 0.005609
-0.000000 0.508076 0.120201 0.371723
-0.000000 0.000001 0.062431 0.937567
-0.000000 0.009426 0.648763 0.341811
-0.000000 0.999398 0.000013 0.000589
0.000000 0.911631 0.055857 0.032512
-0.000000 0.000000 0.540355 0.459645
-0.000000 0.000000 0.869487 0.130513
0.000000 0.905900 0.003357 0.090743
-0.000000 0.025523 0.296353 0.678123
0.000000 0.088352 0.636860 0.274788
-0.000000 0.999875 0.000003 0.000121
-0.000000 0.000024 0.631005 0.368971
-0.000000 0.986603 0.001222 0.012175
-0.000000 0.001222 0.229037 0.769742
-0.000000 0.999566 0.000023 0.000412
0.000000 0.910550 0.021055 0.068394
0.000000 0.000468 0.779406 0.220126
-0.000000 0.999900 0.000003 0.000097
0.000000 0.999843 0.000005 0.000152
-0.000000 0.997643 0.000153 0.002204
-0.000000 0.989250 0.003669 0.007081
0.000000 0.980553 0.006580 0.012867
0.000000 0.000000 0.619490 0.380510
0.000000 0.373253 0.257268 0.369479
0.000000 0.998320 0.000062 0.001618
-0.000000 0.997726 0.000064 0.002211
0.000000 0.999409 0.000039 0.000551
0.000000 0.988407 0.001812 0.009781
0.000000 0.000000 0.578580 0.421420
0.000000 0.716854 0.061017 0.222129
-0.000000 0.997805 0.000110 0.002085
-0.000000 0.000001 0.048791 0.951208
0.000000 0.998541 0.000029 0.001430
0.000000 0.996848 0.000027 0.003125
0.000000 0.998939 0.000012 0.001050
0.000000 0.000000 0.282620 0.717380
0.000000 0.999894 0.000003 0.000103
-0.000000 0.000000 0.964145 0.035855
-0.000000 0.999876 0.000005 0.000119
0.000000 0.999862 0.000005 0.000134
0.000000 0.949713 0.011123 0.039165
-0.000000 0.000000 0.845603 0.154397
-0.000000 0.999276 0.000003 0.000721
0.000000 0.034789 0.061494 0.903716
-0.000000 0.007735 0.696185 0.296080
0.000000 0.999771 0.000003 0.000226
-0.000000 0.995627 0.001046 0.003327
0.000000 0.000000 0.028354 0.971645
-0.000000 0.015779 0.610425 0.373796
0.000000 0.994859 0.002133 0.003008
0.000000 0.995862 0.000019 0.004118
0.000000 0.000023 0.331670 0.668308
-0.000000 0.000473 0.364147 0.635380
-0.000000 0.982347 0.000867 0.016787
0.000000 0.999168 0.000020 0.000812
0.000000 0.164101 0.243244 0.592654
-0.000000 0.000000 0.532639 0.467361
0.000000 0.999500 0.000031 0.000469
-0.000000 0.471966 0.089947 0.438087
-0.000000 0.998752 0.000017 0.001231
-0.000000 0.998677 0.000017 0.001306
-0.000000 0.999138 0.000054 0.000808
0.000000 0.000078 0.808667 0.191254
-0.000000 0.983478 0.001231 0.015291
0.000000 0.853851 0.063148 0.083001
0.000000 0.000083 0.085307 0.914611
0.000000 0.000000 0.948658 0.051342
-0.000000 0.000000 0.199247 0.800753
0.000000 0.096130 0.282768 0.621102
-0.000000 0.999953 0.000001 0.000046
-0.000000 0.000000 0.779868 0.220132
0.000000 0.999819 0.000010 0.000171
-0.000000 0.901252 0.020531 0.078218
-0.000000 0.998328 0.000103 0.001569
0.000000 0.000000 0.585586 0.414414
0.000000 0.000210 0.332005 0.667785
0.000000 0.000005 0.020058 0.979936
-0.000000 1.000000 0.000000 0.000000
-0.000000 0.002027 0.072343 0.925630
0.000000 0.999963 0.000000 0.000037
-0.000000 0.000000 0.472276 0.527724
0.000000 0.276113 0.527070 0.196817
-0.000000 0.985079 0.000667 0.014254
-0.000000 0.999961 0.000000 0.000039
-0.000000 0.999893 0.000001 0.000106
-0.000000 0.000000 0.130099 0.869901
-0.000000 0.000000 0.758363 0.241637
0.000000 0.000000 0.684419 0.315581
-0.000000 0.999664 0.000008 0.000328
-0.000000 0.000000 0.974349 0.025651
0.000000 0.004697 0.024486 0.970817
0.000000 0.999921 0.000000 0.000078
0.000000 0.999843 0.000007 0.000150
-0.000000 0.851506 0.053048 0.095446
-0.000000 0.999978 0.000001 0.000020
0.000000 0.968359 0.003986 0.027655
-0.000000 0.949125 0.002926 0.047948
0.000000 0.999999 0.000000 0.000001
0.000000 0.000000 0.059751 0.940249
0.000000 0.999714 0.000000 0.000285
0.000000 0.000000 0.690300 0.309700
-0.000000 0.916483 0.039737 0.043780
0.000000 0.851548 0.010273 0.138179
0.000000 0.962807 0.005332 0.031862
0.000000 0.000003 0.250609 0.749388
-0.000000 0.079474 0.443830 0.476696
0.000000 0.999859 0.000001 0.000140
-0.000000 0.999994 0.000000 0.000006
-0.000000 0.000010 0.483855 0.516135
0.000000 0.000000 0.500501 0.499499
0.000000 0.000000 0.246755 0.753245
0.000000 0.991985 0.000345 0.007671
0.000000 0.186590 0.079042 0.734368
0.000000 0.000000 0.099489 0.900511
0.000000 0.000090 0.637469 0.362441
-0.000000 0.990927 0.000747 0.008326
0.000000 0.984638 0.001109 0.014253
0.000000 0.491013 0.243770 0.265217
0.000000 0.999865 0.000001 0.000134
0.000000 0.000000 0.300975 0.699025
0.000000 0.996363 0.000001 0.003637
-0.000000 0.010406 0.103537 0.886057
0.000000 0.999915 0.000002 0.000083
-0.000000 0.000000 0.977510 0.022490
0.000000 0.311125 0.151631 0.537244
0.000000 0.979908 0.000401 0.019692
-0.000000 0.658761 0.112471 0.228768
0.000000 0.999630 0.000007 0.000363
-0.000000 0.978112 0.006740 0.015148
0.000000 0.000001 0.520229 0.479770
-0.000000 0.000060 0.630858 0.369082
0.000000 0.999956 0.000000 0.000044
-0.000000 0.936713 0.008885 0.054402
0.000000 0.045429 0.055699 0.898872
-0.000000 0.000000 0.134365 0.865635
-0.000000 0.999239 0.000009 0.000752
0.000000 0.999999 0.000000 0.000001
0.000000 0.997170 0.000050 0.002779
-0.000000 0.993899 0.000128 0.005972
0.000000 0.999984 0.000000 0.000016
0.000000 0.998285 0.000064 0.001652
0.000000 0.978721 0.001252 0.020027
0.000000 0.000001 0.011439 0.988561
0.000000 0.979561 0.010689 0.009750
0.000000 0.000000 0.262779 0.737221
0.000000 0.821750 0.024506 0.153743
0.000000 0.000000 0.902427 0.097573
-0.000000 0.000000 0.171797 0.828203
0.000000 0.999987 0.000000 0.000013
-0.000000 0.000000 0.868083 0.131917
0.000000 0.000035 0.119542 0.880423
0.000000 0.998865 0.000243 0.000892
0.000000 0.000000 0.451385 0.548615
0.000000 0.000000 0.688154 0.311846
0.000000 0.037558 0.659975 0.302467
0.000000 0.978984 0.002442 0.018574
0.000000 0.991980 0.001553 0.006467
-0.000000 0.000000 0.442027 0.557973
0.000000 0.999999 0.000000 0.000001
-0.000000 0.000659 0.134649 0.864692
0.000000 0.000000 0.460344 0.539656
0.000000 0.998341 0.000004 0.001655
0.000000 0.000000 0.879982 0.120018
-0.000000 0.964626 0.014004 0.021371
-0.000000 0.012757 0.015525 0.971718
-0.000000 0.000340 0.496867 0.502793
-0.000000 0.824234 0.006149 0.169616
-0.000000 -0.000000 0.964264 0.035736
-0.000000 0.474443 0.159945 0.365612
0.000000 0.995852 0.000007 0.004141
-0.000000 0.999935 0.000001 0.000064
-0.000000 0.997943 0.000306 0.001751
0.000000 0.998130 0.000220 0.001650
0.000000 0.999795 0.000008 0.000197
-0.000000 0.000000 0.958336 0.041664
-0.000000 0.015834 0.673191 0.310976
-0.000000 0.999908 0.000016 0.000076
0.000000 0.999449 0.000005 0.000546
0.000000 0.007664 0.293363 0.698973
-0.000000 0.940193 0.008195 0.051612
-0.000000 0.002302 0.061226 0.936472
0.000000 0.216932 0.071505 0.711563
-0.000000 0.000000 0.044883 0.955117
-0.000000 0.000033 0.400981 0.598986
-0.000000 0.000000 0.067886 0.932114
0.000000 0.961036 0.000315 0.038650
0.000000 0.991274 0.000588 0.008137
0.000000 0.999999 0.000000 0.000001
0.000000 0.000000 0.083034 0.916966
-0.000000 0.993382 0.000298 0.006320
-0.000000 -0.000000 0.822274 0.177726
0.000000 0.000000 0.830621 0.169379
-0.000000 0.379136 0.118535 0.502329
-0.000000 0.000000 0.988032 0.011968
0.000000 0.996053 0.001354 0.002593
-0.000000 0.999935 0.000000 0.000065
0.000000 0.835054 0.041970 0.122977
-0.000000 0.000000 0.688912 0.311088
-0.000000 0.998884 0.000136 0.000980
-0.000000 0.999859 0.000002 0.000139
0.000000 0.003098 0.473264 0.523638
0.000000 0.000000 0.067892 0.932108
0.000000 0.989786 0.000437 0.009777
0.000000 0.999898 0.000003 0.000099
0.000000 0.936965 0.006965 0.056070
-0.000000 0.999517 0.000013 0.000469
-0.000000 0.999293 0.000043 0.000664
0.000000 0.999061 0.000019 0.000921
0.000000 0.000000 0.102185 0.897815
-0.000000 0.002602 0.178426 0.818972
0.000000 0.000000 0.246841 0.753159
0.000000 0.819995 0.011311 0.168693
-0.000000 0.000003 0.300124 0.699873
-0.000000 0.967321 0.012964 0.019716
0.000000 0.999999 0.000000 0.000001
-0.000000 0.999996 0.000000 0.000004
0.000000 0.950502 0.005038 0.044460
-0.000000 0.005260 0.439588 0.555151
-0.000000 0.491402 0.079060 0.429537
0.000000 0.945522 0.009425 0.045054
0.000000 0.000090 0.067827 0.932082
0.000000 0.000000 0.829526 0.170474
-0.000000 0.002731 0.312182 0.685086
0.000000 0.992722 0.001764 0.005514
-0.000000 0.853243 0.070874 0.075884
0.000000 0.985514 0.000061 0.014425
0.000000 0.980754 0.001418 0.017828
0.000000 0.999556 0.000012 0.000432
0.000000 0.986929 0.001526 0.011545
0.000000 0.998363 0.000000 0.001637
-0.000000 0.002936 0.542056 0.455008
-0.000000 0.122549 0.190625 0.686826
-0.000000 0.986525 0.001927 0.011549
-0.000000 -0.000000 0.982242 0.017758
0.000000 0.000000 0.773448 0.226552
0.000000 0.961331 0.005480 0.033190
0.000000 0.986418 0.005362 0.008219
0.000000 0.000000 0.422994 0.577006
0.000000 0.974480 0.002540 0.022980
0.000000 0.000021 0.125902 0.874077
0.000000 -0.000000 0.978106 0.021894
0.000000 0.109685 0.033483 0.856832
-0.000000 0.000000 0.861180 0.138820
0.000000 0.000000 0.891609 0.108391
0.000000 0.999951 0.000002 0.000048
0.000000 0.949470 0.007022 0.043508
0.000000 0.995768 0.000959 0.003272
-0.000000 0.000000 0.036292 0.963708
-0.000000 0.999241 0.000008 0.000751
-0.000000 0.993866 0.000054 0.006080
-0.000000 1.000000 0.000000 0.000000
-0.000000 0.999957 0.000000 0.000043
0.000000 0.984380 0.000537 0.015083
-0.000000 0.999985 0.000000 0.000015
-0.000000 0.000343 0.173240 0.826416
-0.000000 0.098429 0.433693 0.467879
-0.000000 0.999773 0.000003 0.000224
-0.000000 0.000002 0.504477 0.495521
-0.000000 0.000006 0.230915 0.769080
0.000000 0.983809 0.003799 0.012392
-0.000000 0.000130 0.253657 0.746214
-0.000000 0.571768 0.255471 0.172761
0.000000 0.857265 0.022927 0.119808
0.000000 0.143000 0.366767 0.490233
0.000000 0.000000 0.407838 0.592162
-0.000000 0.848143 0.029827 0.122029
0.000000 0.999983 0.000000 0.000017
0.000000 0.012188 0.050727 0.937085
0.000000 0.996421 0.001081 0.002498
-0.000000 0.692261 0.118621 0.189118
0.000000 0.000000 0.815456 0.184544
-0.000000 0.000000 0.606780 0.393220
0.000000 0.000661 0.572525 0.426814
0.000000 0.000000 0.922250 0.077750
0.000000 0.000000 0.567030 0.432970
0.000000 0.998772 0.000037 0.001191
0.000000 1.000000 0.000000 0.000000
-0.000000 0.102397 0.116853 0.780750
-0.000000 0.955747 0.006457 0.037797
0.000000 0.006616 0.175749 0.817635
0.000000 0.980370 0.000658 0.018972
-0.000000 0.999991 0.000000 0.000009
0.000000 0.007621 0.062209 0.930170
0.000000 0.983185 0.000504 0.016311
0.000000 0.997780 0.000046 0.002175
0.000000 0.982347 0.007284 0.010369
0.000000 0.966107 0.004238 0.029655
0.000000 0.999977 0.000000 0.000023
0.000000 0.895955 0.054697 0.049348
0.000000 0.000000 0.773598 0.226402
-0.000000 0.999606 0.000004 0.000390
0.000000 0.943248 0.002883 0.053869
-0.000000 0.004733 0.726539 0.268727
-0.000000 0.000000 0.441583 0.558417
-0.000000 0.000046 0.484467 0.515487
-0.000000 0.999011 0.000022 0.000966
-0.000000 0.999998 0.000000 0.000002
0.000000 0.999996 0.000000 0.000004
-0.000000 0.990767 0.001798 0.007435
0.000000 0.999698 0.000017 0.000284
-0.000000 0.000000 0.794775 0.205225
0.000000 0.999491 0.000023 0.000486
-0.000000 0.886564 0.037202 0.076233
0.000000 0.794897 0.016235 0.188867
-0.000000 0.999997 0.000000 0.000003
-0.000000 0.809136 0.007544 0.183320
-0.000000 0.616792 0.107794 0.275414
-0.000000 0.998654 0.000140 0.001206
-0.000000 1.000000 0.000000 0.000000
0.000000 0.913487 0.004837 0.081676
0.000000 0.999031 0.000095 0.000874
-0.000000 0.999962 0.000001 0.000037
0.000000 0.998457 0.000100 0.001444
0.000000 0.998446 0.000055 0.001499
0.000000 0.000000 0.052968 0.947032
0.000000 0.000000 0.620779 0.379221
0.000000 0.999271 0.000012 0.000717
0.000000 0.042628 0.652839 0.304534
0.000000 0.000091 0.592623 0.407286
0.000000 0.000419 0.393168 0.606412
-0.000000 0.000292 0.081668 0.918040
-0.000000 0.999949 0.000000 0.000051
-0.000000 0.992023 0.000546 0.007430
-0.000000 0.999916 0.000001 0.000083
-0.000000 0.000013 0.391648 0.608339
-0.000000 0.720992 0.033959 0.245050
0.000000 0.999155 0.000001 0.000844
0.000000 1.000000 0.000000 0.000000
0.000000 0.999894 0.000000 0.000106
0.000000 0.000759 0.118167 0.881074
0.000000 0.984566 0.000699 0.014736
0.000000 0.976168 0.002120 0.021712
-0.000000 0.999989 0.000000 0.000011
-0.000000 0.999056 0.000053 0.000891
-0.000000 0.000000 0.074657 0.925343
-0.000000 0.995790 0.000443 0.003768
-0.000000 0.989917 0.004473 0.005610
-0.000000 0.998675 0.000059 0.001266
0.000000 0.998755 0.000050 0.001195
0.000000 0.003982 0.244863 0.751155
-0.000000 0.999565 0.000000 0.000435
-0.000000 0.000000 0.949090 0.050910
-0.000000 1.000000 0.000000 0.000000
0.000000 0.000000 0.708030 0.291970
-0.000000 0.974368 0.003055 0.022577
0.000000 0.999921 0.000000 0.000079
0.000000 0.000000 0.340630 0.659370
-0.000000 0.004928 0.515623 0.479449
0.000000 0.979495 0.002057 0.018448
0.000000 0.999066 0.000019 0.000915
-0.000000 0.948161 0.026563 0.025277
0.000000 0.763698 0.090252 0.146049
-0.000000 0.826435 0.059755 0.113810
0.000000 0.898013 0.007499 0.094487
-0.000000 0.626827 0.057592 0.315581
0.000000 0.000145 0.393430 0.606425
-0.000000 0.997750 0.000096 0.002155
0.000000 0.544717 0.146566 0.308716
0.000000 0.000511 0.066345 0.933143
-0.000000 0.000000 0.979468 0.020532
0.000000 0.948453 0.003727 0.047820
0.000000 1.000000 0.000000 0.000000
-0.000000 0.361894 0.019525 0.618581
0.000000 0.999950 0.000000 0.000050
0.000000 0.000000 0.626152 0.373848
-0.000000 0.999957 0.000000 0.000043
-0.000000 0.000000 0.629341 0.370659
0.000000 0.001823 0.358078 0.640099
0.000000 0.993434 0.000599 0.005967
-0.000000 0.996351 0.000654 0.002994
0.000000 0.000000 0.840935 0.159065
-0.000000 0.000000 0.953304 0.046696
0.000000 0.000000 0.081872 0.918128
0.000000 0.000945 0.068002 0.931053
-0.000000 0.674152 0.233530 0.092318
-0.000000 0.040953 0.159920 0.799127
-0.000000 0.756016 0.128571 0.115413
0.000000 0.058129 0.207683 0.734189
-0.000000 0.004886 0.717966 0.277148
-0.000000 0.854068 0.004739 0.141193
-0.000000 0.986747 0.000061 0.013192
-0.000000 0.997942 0.000108 0.001951
-0.000000 0.000000 0.517674 0.482326
0.000000 0.000150 0.768497 0.231353
0.000000 0.000000 0.018054 0.981946
-0.000000 0.005343 0.207321 0.787336
0.000000 0.981423 0.003505 0.015072
-0.000000 0.001002 0.526589 0.472408
-0.000000 0.999929 0.000000 0.000070
0.000000 0.999995 0.000000 0.000005
0.000000 0.969577 0.001726 0.028696
-0.000000 0.990315 0.000801 0.008884
0.000000 0.994062 0.001929 0.004009
-0.000000 0.997547 0.000283 0.002170
-0.000000 0.000003 0.577286 0.422710
-0.000000 0.993069 0.000400 0.006531
0.000000 0.993292 0.001350 0.005358
-0.000000 0.000000 0.800396 0.199604
-0.000000 0.016129 0.372394 0.611477
0.000000 0.999973 0.000000 0.000027
0.000000 0.999759 0.000011 0.000229
-0.000000 0.000122 0.206971 0.792907
-0.000000 0.007581 0.281677 0.710742
-0.000000 0.000327 0.447221 0.552451
-0.000000 0.999696 0.000005 0.000298
0.000000 0.999992 0.000000 0.000008
-0.000000 0.000000 0.866730 0.133270
-0.000000 0.999554 0.000001 0.000445
-0.000000 0.999896 0.000000 0.000104
-0.000000 0.000247 0.045794 0.953959
-0.000000 0.638949 0.162171 0.198879
0.000000 0.865580 0.018374 0.116045
0.000000 0.000000 0.591021 0.408979
-0.000000 -0.000000 0.960008 0.039992
-0.000000 0.990232 0.001956 0.007813
-0.000000 0.000000 0.936008 0.063992
0.000000 1.000000 0.000000 0.000000
0.000000 0.988160 0.002344 0.009495
-0.000000 0.995691 0.000084 0.004225
0.000000 0.953902 0.007666 0.038432
-0.000000 0.986605 0.000002 0.013393
0.000000 0.998878 0.000034 0.001088
-0.000000 0.905455 0.003801 0.090744
0.000000 0.000412 0.309664 0.689925
-0.000000 0.999977 0.000001 0.000023
-0.000000 0.000000 0.277624 0.722376
0.000000 0.993055 0.000693 0.006251
0.000000 0.000000 0.966361 0.033639
0.000000 0.000001 0.448269 0.551731
0.000000 0.340734 0.191560 0.467706
-0.000000 -0.000000 0.990828 0.009172
-0.000000 0.051718 0.014153 0.934129
0.000000 0.000211 0.034442 0.965347
0.000000 0.000000 0.758341 0.241659
-0.000000 0.056694 0.649473 0.293833
0.000000 0.860273 0.031556 0.108171
0.000000 0.974003 0.004076 0.021921
0.000000 0.000000 0.565128 0.434872
-0.000000 -0.000000 0.754911 0.245089
-0.000000 0.956666 0.006569 0.036765
0.000000 0.800465 0.152240 0.047296
0.000000 0.931107 0.008023 0.060870
-0.000000 1.000000 0.000000 0.000000
0.000000 0.000100 0.232768 0.767133
-0.000000 0.000000 0.280391 0.719608
-0.000000 0.999983 0.000000 0.000017
0.000000 0.991030 0.004118 0.004853
-0.000000 0.090541 0.244390 0.665069
0.000000 0.000429 0.190902 0.808669
-0.000000 0.999991 0.000000 0.000009
0.000000 0.997406 0.000065 0.002529
-0.000000 0.936074 0.009098 0.054828
-0.000000 0.540441 0.019752 0.439807
0.000000 0.989536 0.000932 0.009532
0.000000 0.999997 0.000000 0.000003
0.000000 0.000002 0.009289 0.990709
-0.000000 0.974025 0.001994 0.023981
0.000000 0.000001 0.778863 0.221136
0.000000 0.998478 0.000006 0.001516
-0.000000 0.995316 0.000269 0.004415
0.000000 0.004782 0.338394 0.656824
0.000000 0.999957 0.000000 0.000043
0.000000 0.944566 0.002998 0.052436
0.000000 0.993019 0.000255 0.006726
0.000000 0.000000 0.652789 0.347211
0.000000 0.000000 0.813279 0.186721
0.000000 0.975234 0.002260 0.022505
-0.000000 0.999984 0.000000 0.000016
0.000000 0.999994 0.000000 0.000006
0.000000 0.999813 0.000010 0.000177
-0.000000 0.999939 0.000004 0.000057
0.000000 0.000000 0.224912 0.775088
-0.000000 -0.000000 0.970031 0.029969
0.000000 0.995728 0.000047 0.004225
0.000000 0.765519 0.044220 0.190262
0.000000 0.999763 0.000010 0.000228
-0.000000 0.995060 0.000370 0.004570
0.000000 0.998439 0.000028 0.001533
0.000000 0.000000 0.526639 0.473361
0.000000 0.986251 0.000174 0.013575
-0.000000 1.000000 0.000000 0.000000
0.000000 0.000255 0.213972 0.785773
-0.000000 0.880292 0.065281 0.054426
-0.000000 0.000000 0.916688 0.083312
0.000000 0.996498 0.000012 0.003490
0.000000 0.978415 0.002309 0.019276
0.000000 0.000023 0.635084 0.364893
-0.000000 0.999971 0.000000 0.000029
-0.000000 0.989423 0.000410 0.010167
0.000000 0.999427 0.000007 0.000567
0.000000 0.001848 0.230203 0.767948
-0.000000 0.999937 0.000005 0.000058
-0.000000 0.000000 0.872790 0.127210
-0.000000 0.000000 0.259291 0.740709
-0.000000 0.000000 0.901699 0.098301
0.000000 0.998702 0.000009 0.001289
0.000000 0.999938 0.000000 0.000061
0.000000 0.000000 0.913595 0.086405
0.000000 0.000000 0.415297 0.584703
-0.000000 0.999922 0.000001 0.000078
0.000000 0.000002 0.799040 0.200958
0.000000 0.000001 0.730941 0.269058
-0.000000 0.969584 0.002954 0.027462
-0.000000 0.704188 0.244246 0.051567
-0.000000 0.000307 0.416319 0.583375
0.000000 0.004508 0.373137 0.622355
-0.000000 0.971963 0.004355 0.023683
0.000000 0.882351 0.048224 0.069425
0.000000 0.990446 0.002701 0.006853
-0.000000 0.000267 0.259567 0.740166
0.000000 0.381072 0.290848 0.328080
0.000000 0.997678 0.000124 0.002199
-0.000000 0.000000 0.913901 0.086099
0.000000 0.999893 0.000000 0.000107
0.000000 0.998281 0.000142 0.001577
-0.000000 0.000000 0.046469 0.953531
0.000000 0.000000 0.802856 0.197144
-0.000000 0.956244 0.006414 0.037342
-0.000000 0.981530 0.001667 0.016803
-0.000000 0.999999 0.000000 0.000001
-0.000000 0.999997 0.000000 0.000003
-0.000000 0.997619 0.000064 0.002317
-0.000000 0.897480 0.001756 0.100765
-0.000000 0.999972 0.000000 0.000028
-0.000000 0.988305 0.000034 0.011661
-0.000000 0.961719 0.007723 0.030558
-0.000000 0.000000 0.554851 0.445148
0.000000 0.000418 0.725106 0.274475
-0.000000 1.000000 0.000000 0.000000
-0.000000 0.999868 0.000000 0.000132
0.000000 0.000242 0.139375 0.860383
-0.000000 0.000000 0.741476 0.258524
-0.000000 -0.000000 0.980883 0.019117
-0.000000 0.955502 0.000483 0.044015
-0.000000 0.999793 0.000016 0.000191
-0.000000 0.816351 0.030985 0.152665
0.000000 0.999999 0.000000 0.000001
0.000000 0.999877 0.000001 0.000122
-0.000000 0.999473 0.000001 0.000526
0.000000 0.999856 0.000001 0.000143
0.000000 0.999039 0.000040 0.000921
0.000000 0.998595 0.000023 0.001382
-0.000000 0.560032 0.115271 0.324698
0.000000 0.865193 0.023663 0.111144
-0.000000 0.000000 0.948780 0.051220
-0.000000 0.999892 0.000008 0.000101
-0.000000 0.999392 0.000012 0.000597
-0.000000 0.001450 0.387729 0.610822
0.000000 0.001340 0.058649 0.940011
0.000000 0.997452 0.000091 0.002457
0.000000 0.000000 0.259639 0.740361
-0.000000 0.997090 0.000148 0.002762
-0.000000 0.995799 0.000141 0.004060
0.000000 0.999997 0.000000 0.000003
0.000000 0.991988 0.000773 0.007239
0.000000 0.948243 0.007038 0.044719
-0.000000 0.796604 0.043887 0.159509
-0.000000 0.879133 0.019206 0.101661
0.000000 0.998466 0.000356 0.001178
-0.000000 -0.000000 0.752119 0.247881
-0.000000 0.997101 0.000062 0.002838
0.000000 0.000000 0.967904 0.032096
-0.000000 0.999810 0.000001 0.000189
-0.000000 0.999373 0.000064 0.000563
0.000000 0.000018 0.167209 0.832773
0.000000 0.991908 0.000393 0.007700
-0.000000 0.939894 0.012200 0.047907
-0.000000 0.999179 0.000014 0.000807
0.000000 0.547729 0.270480 0.181791
0.000000 0.997615 0.000083 0.002301
-0.000000 0.000015 0.117460 0.882525
-0.000000 0.000000 0.630324 0.369676
0.000000 0.996544 0.000394 0.003063
0.000000 0.992445 0.000375 0.007181
-0.000000 0.999511 0.000039 0.000450
0.000000 0.008486 0.308734 0.682780
-0.000000 0.024934 0.241220 0.733845
-0.000000 0.000008 0.468153 0.531840
0.000000 0.972794 0.003227 0.023978
0.000000 0.996989 0.000557 0.002454
-0.000000 0.000335 0.061220 0.938445
-0.000000 0.997749 0.000050 0.002201
-0.000000 0.998743 0.000197 0.001060
-0.000000 0.999624 0.000000 0.000376
-0.000000 0.998514 0.000029 0.001457
0.000000 0.975067 0.007979 0.016954
0.000000 0.000003 0.693423 0.306573
0.000000 0.000000 0.751189 0.248811
0.000000 0.000000 0.400299 0.599701
-0.000000 0.996244 0.000608 0.003148
-0.000000 0.038725 0.613879 0.347396
-0.000000 0.000000 0.955791 0.044209
0.000000 0.000000 0.108236 0.891764
0.000000 1.000000 0.000000 0.000000
0.000000 0.436713 0.303843 0.259444
0.000000 0.000821 0.606120 0.393059
-0.000000 0.997144 0.000049 0.002807
-0.000000 0.997632 0.000007 0.002361
-0.000000 0.999377 0.000021 0.000602
0.000000 0.000000 0.652825 0.347175
-0.000000 0.001979 0.046233 0.951788
0.000000 0.999998 0.000000 0.000002
0.000000 0.960674 0.014151 0.025175
-0.000000 0.998799 0.000043 0.001158
-0.000000 0.000000 0.976092 0.023908
-0.000000 0.975014 0.001434 0.023552
0.000000 0.724922 0.041997 0.233081
-0.000000 0.987855 0.001053 0.011092
-0.000000 0.000000 0.543711 0.456288
0.000000 0.992609 0.000500 0.006891
0.000000 0.951220 0.001145 0.047635
-0.000000 0.999979 0.000000 0.000021
0.000000 0.973780 0.002541 0.023679
0.000000 0.985761 0.001518 0.012721
-0.000000 0.000002 0.180390 0.819608
0.000000 0.988730 0.000981 0.010290
-0.000000 0.989703 0.000415 0.009882
-0.000000 0.999540 0.000005 0.000454
0.000000 0.135153 0.140434 0.724413
0.000000 0.000078 0.058279 0.941643
0.000000 0.979921 0.002087 0.017992
-0.000000 0.999954 0.000000 0.000046
0.000000 0.000007 0.013450 0.986543
-0.000000 0.999997 0.000000 0.000003
0.000000 0.000037 0.616350 0.383613
0.000000 0.999998 0.000000 0.000002
-0.000000 0.000000 0.772510 0.227490
0.000000 0.992130 0.000145 0.007726
-0.000000 0.999007 0.000320 0.000673
0.000000 0.000000 0.718363 0.281637
-0.000000 0.990484 0.000264 0.009251
-0.000000 1.000000 0.000000 0.000000
-0.000000 1.000000 0.000000 0.000000
-0.000000 0.000022 0.085786 0.914192
0.000000 0.821261 0.014786 0.163953
0.000000 0.993366 0.000100 0.006533
-0.000000 0.000000 0.846201 0.153799
0.000000 0.000000 0.986888 0.013112
0.000000 0.998628 0.000234 0.001138
-0.000000 0.820915 0.000926 0.178159
0.000000 0.000011 0.679725 0.320264
-0.000000 0.950162 0.010241 0.039598
-0.000000 0.999973 0.000000 0.000027
0.000000 0.996123 0.000154 0.003723
-0.000000 0.000000 0.315828 0.684172
-0.000000 0.000011 0.714783 0.285206
-0.000000 0.994024 0.000419 0.005556
0.000000 0.908996 0.016530 0.074473
0.000000 0.000029 0.438372 0.561598
0.000000 0.992897 0.000662 0.006442
-0.000000 0.995763 0.000168 0.004069
-0.000000 0.724633 0.011119 0.264248
-0.000000 0.980991 0.010832 0.008178
-0.000000 0.000707 0.131799 0.867494
-0.000000 0.999990 0.000000 0.000010
-0.000000 0.997678 0.000064 0.002258
-0.000000 0.000000 0.907499 0.092501
0.000000 0.000000 0.989125 0.010875
-0.000000 0.999996 0.000000 0.000004
0.000000 0.000039 0.395206 0.604755
-0.000000 0.995057 0.001207 0.003736
0.000000 0.991140 0.000650 0.008210
-0.000000 0.978338 0.001401 0.020261
0.000000 0.294463 0.011984 0.693553
-0.000000 0.999942 0.000000 0.000058
-0.000000 0.000025 0.649209 0.350766
0.000000 0.501995 0.044890 0.453115
-0.000000 0.929519 0.000588 0.069893
0.000000 0.043599 0.317687 0.638715
0.000000 0.101668 0.602107 0.296225
0.000000 0.983432 0.004676 0.011892
-0.000000 0.998640 0.000059 0.001302
-0.000000 0.912033 0.023335 0.064631
-0.000000 1.000000 0.000000 0.000000
-0.000000 0.999895 0.000000 0.000104
0.000000 0.953705 0.006214 0.040081
-0.000000 0.997909 0.000281 0.001811
0.000000 0.000001 0.169515 0.830484
-0.000000 0.999999 0.000000 0.000001
0.000000 0.990816 0.000387 0.008797
0.000000 0.000000 0.849644 0.150356
0.000000 0.999999 0.000000 0.000001
-0.000000 0.998916 0.000054 0.001030
-0.000000 0.000000 0.635536 0.364464
0.000000 0.999997 0.000000 0.000003
0.000000 0.928703 0.029722 0.041574
0.000000 0.997228 0.000225 0.002546
-0.000000 0.999758 0.000000 0.000242
-0.000000 0.999992 0.000000 0.000008
0.000000 0.956135 0.024773 0.019092
-0.000000 0.999647 0.000003 0.000350
-0.000000 0.000002 0.562772 0.437226
-0.000000 -0.000000 0.931650 0.068350
0.000000 0.979624 0.002243 0.018132
0.000000 0.000000 0.508562 0.491438
-0.000000 0.985271 0.004903 0.009826
0.000000 0.939543 0.001051 0.059406
0.000000 0.999967 0.000001 0.000032
-0.000000 0.862857 0.100773 0.036370
-0.000000 0.907041 0.001180 0.091779
-0.000000 0.997565 0.000485 0.001950
0.000000 0.985160 0.000522 0.014318
0.000000 0.000004 0.150460 0.849536
-0.000000 0.990298 0.000532 0.009171
0.000000 0.999999 0.000000 0.000001
-0.000000 0.986263 0.000956 0.012781
0.000000 0.999308 0.000026 0.000666
-0.000000 0.000000 0.653607 0.346393
0.000000 0.999670 0.000007 0.000323
-0.000000 0.992789 0.000230 0.006981
0.000000 0.990494 0.000718 0.008788
-0.000000 0.997884 0.000036 0.002079
0.000000 0.001209 0.275296 0.723495
0.000000 0.999661 0.000005 0.000335
0.000000 0.252406 0.235137 0.512457
-0.000000 0.999790 0.000000 0.000210
-0.000000 0.995941 0.000287 0.003772
-0.000000 0.000009 0.496381 0.503610
0.000000 0.989227 0.000764 0.010009
-0.000000 0.500046 0.126721 0.373233
-0.000000 0.998979 0.000197 0.000824
-0.000000 0.923885 0.004026 0.072089
0.000000 0.998039 0.000038 0.001923
-0.000000 0.984340 0.000865 0.014795
0.000000 0.999950 0.000000 0.000050
-0.000000 -0.000000 0.997677 0.002323
0.000000 0.999787 0.000002 0.000211
0.000000 0.005363 0.662551 0.332085
0.000000 0.999998 0.000000 0.000002
-0.000000 0.990689 0.000236 0.009075
0.000000 0.000000 0.464474 0.535526
0.000000 0.999261 0.000135 0.000604
0.000000 0.000427 0.211022 0.788551
0.000000 0.000191 0.036187 0.963622
-0.000000 0.000000 0.248474 0.751526
0.000000 0.000001 0.417953 0.582046
0.000000 0.000000 0.415227 0.584773
0.000000 0.999925 0.000000 0.000074
0.000000 0.999997 0.000000 0.000003
0.000000 0.295563 0.219239 0.485198
-0.000000 0.946971 0.032400 0.020630
0.000000 0.999767 0.000002 0.000231
-0.000000 0.114864 0.426636 0.458500
-0.000000 0.000000 0.929264 0.070736
-0.000000 0.999960 0.000000 0.000039
0.000000 0.955058 0.012884 0.032058
0.000000 0.900683 0.025289 0.074028
-0.000000 0.998827 0.000046 0.001127
-0.000000 0.926512 0.011140 0.062348
0.000000 0.997707 0.000090 0.002203
-0.000000 0.969684 0.013830 0.016487
0.000000 0.992196 0.000520 0.007284
0.000000 0.001174 0.760802 0.238024
0.000000 1.000000 0.000000 0.000000
0.000000 0.997158 0.000115 0.002728
-0.000000 0.985779 0.004430 0.009791
0.000000 0.000000 0.274512 0.725488
-0.000000 0.998066 0.000006 0.001928
-0.000000 0.000037 0.684432 0.315531
0.000000 0.991166 0.000368 0.008465
-0.000000 0.999997 0.000000 0.000003
-0.000000 0.896854 0.014201 0.088945
-0.000000 0.997757 0.000075 0.002168
-0.000000 0.998805 0.000028 0.001167
0.000000 0.005064 0.543057 0.451880
0.000000 0.000035 0.480244 0.519721
-0.000000 0.839820 0.007615 0.152565
0.000000 0.986777 0.003398 0.009825
-0.000000 0.999953 0.000004 0.000043
0.000000 0.190641 0.251546 0.557814
0.000000 0.000000 0.164662 0.835338
-0.000000 0.999998 0.000000 0.000002
-0.000000 0.955831 0.006966 0.037203
-0.000000 0.981073 0.001642 0.017286
0.000000 0.290442 0.013574 0.695984
0.000000 0.999832 0.000006 0.000162
-0.000000 0.000001 0.618109 0.381890
-0.000000 0.987123 0.004846 0.008031
-0.000000 0.999992 0.000000 0.000008
0.000000 0.572376 0.201645 0.225979
0.000000 0.895854 0.018491 0.085655
0.000000 0.000009 0.371114 0.628876
0.000000 0.018725 0.035403 0.945872
0.000000 0.000000 0.444804 0.555196
-0.000000 0.992095 0.000306 0.007599
-0.000000 0.999999 0.000000 0.000001
-0.000000 0.995913 0.000887 0.003200
-0.000000 0.000002 0.313234 0.686764
0.000000 0.000000 0.691175 0.308825
-0.000000 0.000002 0.731315 0.268683
-0.000000 0.999570 0.000067 0.000363
0.000000 0.999574 0.000022 0.000403
0.000000 0.000000 0.912020 0.087980
0.000000 0.000002 0.543958 0.456040
-0.000000 0.000000 0.829575 0.170425
0.000000 0.000000 0.329128 0.670872
0.000000 0.000000 0.845468 0.154532
-0.000000 0.000158 0.343834 0.656009
0.000000 0.999984 0.000000 0.000016
0.000000 0.985361 0.001265 0.013374
0.000000 0.991997 0.000030 0.007974
-0.000000 0.999344 0.000044 0.000612
-0.000000 0.999902 0.000001 0.000098
-0.000000 0.999934 0.000000 0.000066
-0.000000 0.999775 0.000002 0.000223
-0.000000 0.032140 0.517360 0.450499
0.000000 0.998962 0.000179 0.000859
-0.000000 0.000000 0.970809 0.029191
0.000000 0.088950 0.594020 0.317030
-0.000000 0.999899 0.000005 0.000096
-0.000000 1.000000 0.000000 0.000000
-0.000000 0.829825 0.070661 0.099514
0.000000 0.507043 0.219035 0.273922
0.000000 0.999968 0.000000 0.000032
-0.000000 0.966036 0.003080 0.030884
-0.000000 0.999090 0.000045 0.000865
-0.000000 0.999958 0.000000 0.000042
0.000000 0.493077 0.394646 0.112278
0.000000 0.997695 0.000125 0.002180
-0.000000 0.004584 0.729439 0.265977
-0.000000 0.999844 0.000003 0.000153
0.000000 0.994978 0.000104 0.004918
0.000000 0.000000 0.967774 0.032226
-0.000000 0.976258 0.000976 0.022766
-0.000000 0.972811 0.002698 0.024490
0.000000 0.000002 0.596037 0.403960
0.000000 0.000000 0.860363 0.139637
-0.000000 0.999999 0.000000 0.000001
0.000000 0.999950 0.000001 0.000049
0.000000 0.985614 0.000862 0.013525
0.000000 0.997203 0.000331 0.002466
0.000000 0.999975 0.000000 0.000025
-0.000000 0.465112 0.423347 0.111541
-0.000000 0.999846 0.000000 0.000154
-0.000000 0.999514 0.000002 0.000484
0.000000 0.970156 0.004147 0.025697
-0.000000 0.999835 0.000015 0.000149
-0.000000 0.078017 0.245722 0.676261
-0.000000 0.645374 0.059494 0.295132
-0.000000 0.999634 0.000005 0.000361
0.000000 0.998259 0.000121 0.001621
-0.000000 0.518849 0.218178 0.262973
0.000000 0.000000 0.202695 0.797305
0.000000 0.991473 0.000198 0.008328
-0.000000 0.999699 0.000005 0.000296
0.000000 0.999621 0.000007 0.000373
0.000000 0.053200 0.018231 0.928568
0.000000 0.999520 0.000013 0.000467
0.000000 0.000000 0.433464 0.566536
0.000000 0.115922 0.583866 0.300212
-0.000000 0.060377 0.483770 0.455853
0.000000 0.996468 0.000095 0.003437
-0.000000 0.850352 0.024187 0.125461
0.000000 0.964040 0.020670 0.015290
-0.000000 0.999048 0.000053 0.000899
0.000000 0.000000 0.478197 0.521803
0.000000 0.999915 0.000000 0.000085
0.000000 0.996937 0.000339 0.002725
0.000000 0.852457 0.039492 0.108051
-0.000000 0.000000 0.695894 0.304106
0.000000 0.999021 0.000121 0.000858
0.000000 0.999971 0.000002 0.000028
-0.000000 0.000000 0.182640 0.817360
-0.000000 0.000128 0.839537 0.160335
0.000000 0.989253 0.003200 0.007547
-0.000000 0.999995 0.000000 0.000005
-0.000000 0.992099 0.000555 0.007346
0.000000 0.997456 0.000122 0.002422
-0.000000 0.146181 0.482001 0.371818
0.000000 0.999868 0.000001 0.000131
0.000000 0.516557 0.239316 0.244127
0.000000 0.998442 0.000100 0.001458
0.000000 0.000000 0.864623 0.135377
0.000000 0.968419 0.013989 0.017593
0.000000 0.276415 0.356288 0.367297
-0.000000 0.995603 0.000362 0.004035
-0.000000 0.986949 0.000389 0.012662
-0.000000 0.999717 0.000002 0.000280
0.000000 0.966351 0.006630 0.027018
0.000000 0.000000 0.751916 0.248084
0.000000 0.966334 0.005554 0.028112
-0.000000 0.008009 0.057920 0.934071
0.000000 0.895989 0.027529 0.076482
0.000000 0.992696 0.000166 0.007138
-0.000000 0.000006 0.107159 0.892835
-0.000000 0.000046 0.242969 0.756985
-0.000000 0.000001 0.181264 0.818735
-0.000000 0.000001 0.168151 0.831847
-0.000000 0.005291 0.485531 0.509178
0.000000 0.999628 0.000003 0.000369
0.000000 0.625849 0.093238 0.280913
-0.000000 0.952952 0.006583 0.040466
0.000000 0.000000 0.692798 0.307202
0.000000 0.963080 0.012935 0.023985
0.000000 0.999778 0.000002 0.000220
-0.000000 0.985726 0.004513 0.009761
0.000000 0.983739 0.002426 0.013835
-0.000000 0.999571 0.000004 0.000426
0.000000 0.000000 0.903266 0.096734
-0.000000 0.998955 0.000022 0.001022
-0.000000 1.000000 0.000000 0.000000
-0.000000 0.999742 0.000004 0.000254
0.000000 0.000003 0.734213 0.265784
0.000000 0.916792 0.014779 0.068429
-0.000000 0.998719 0.000018 0.001262
0.000000 0.999997 0.000000 0.000003
-0.000000 0.998258 0.000035 0.001707
0.000000 0.935852 0.025899 0.038249
-0.000000 0.000845 0.566854 0.432301
0.000000 0.998704 0.000165 0.001131
0.000000 0.699695 0.223167 0.077138
-0.000000 0.999923 0.000001 0.000076
0.000000 0.998213 0.000012 0.001776
0.000000 0.915229 0.023192 0.061580
0.000000 0.000003 0.481808 0.518189
-0.000000 0.000000 0.585690 0.414310
0.000000 0.702184 0.129605 0.168211
-0.000000 0.997023 0.000088 0.002889
-0.000000 -0.000000 0.964086 0.035914
0.000000 0.000000 0.895896 0.104104
-0.000000 0.991322 0.000568 0.008110
-0.000000 0.999877 0.000007 0.000115
-0.000000 0.999234 0.000011 0.000755
-0.000000 0.106119 0.439533 0.454348
-0.000000 0.998297 0.000008 0.001695
-0.000000 0.999324 0.000012 0.000664
0.000000 0.000055 0.117524 0.882422
0.000000 0.998837 0.000036 0.001127
0.000000 0.982286 0.001478 0.016237
0.000000 0.999990 0.000000 0.000010
-0.000000 0.998925 0.000016 0.001059
-0.000000 0.999809 0.000002 0.000190
0.000000 0.999907 0.000001 0.000091
-0.000000 0.001182 0.027692 0.971126
0.000000 0.000010 0.249054 0.750937
0.000000 0.453505 0.198018 0.348477
0.000000 0.005342 0.623604 0.371055
-0.000000 0.000001 0.560419 0.439580
-0.000000 0.991714 0.000509 0.007777
0.000000 0.032915 0.036819 0.930266
0.000000 0.000039 0.485597 0.514364
0.000000 0.996324 0.000144 0.003532
-0.000000 0.991830 0.002454 0.005716
0.000000 0.904985 0.025598 0.069417
-0.000000 0.959346 0.004743 0.035910
0.000000 0.999955 0.000000 0.000045
-0.000000 0.999975 0.000000 0.000025
-0.000000 1.000000 0.000000 0.000000
-0.000000 0.999159 0.000019 0.000822
0.000000 0.978376 0.006749 0.014875
-0.000000 0.000000 0.661078 0.338922
-0.000000 0.999874 0.000000 0.000125
0.000000 0.993985 0.000157 0.005858
0.000000 0.000000 0.836491 0.163509
0.000000 0.999973 0.000000 0.000027
-0.000000 0.992076 0.000216 0.007708
-0.000000 0.986057 0.001658 0.012285
-0.000000 0.999992 0.000000 0.000008
-0.000000 0.000000 0.111704 0.888296
-0.000000 0.000075 0.482772 0.517152
0.000000 0.981921 0.001189 0.016890
-0.000000 0.999737 0.000046 0.000217
0.000000 0.986250 0.000387 0.013364
-0.000000 0.999894 0.000000 0.000106
-0.000000 0.999614 0.000003 0.000383
-0.000000 0.626770 0.126841 0.246388
0.000000 0.994654 0.000171 0.005175
-0.000000 0.999733 0.000009 0.000258
0.000000 0.999004 0.000003 0.000993
-0.000000 0.998964 0.000035 0.001002
0.000000 0.999998 0.000000 0.000002
-0.000000 0.916717 0.012957 0.070326
0.000000 0.000003 0.057927 0.942069
0.000000 0.000000 0.227834 0.772166
-0.000000 0.999873 0.000000 0.000126
0.000000 0.002590 0.740227 0.257183
-0.000000 0.634775 0.029242 0.335983
0.000000 0.969726 0.003355 0.026919
-0.000000 0.907431 0.015454 0.077115
-0.000000 0.001713 0.515439 0.482849
0.000000 1.000000 0.000000 0.000000
-0.000000 0.000024 0.048671 0.951305
-0.000000 0.938974 0.032456 0.028570
-0.000000 0.763113 0.052918 0.183969
0.000000 0.999853 0.000002 0.000146
0.000000 0.999942 0.000003 0.000055
-0.000000 0.996873 0.000054 0.003073
0.000000 0.998916 0.000016 0.001068
-0.000000 0.999890 0.000001 0.000109
0.000000 0.000001 0.856527 0.143471
0.000000 0.000000 0.813728 0.186272
0.000000 0.993031 0.000320 0.006649
-0.000000 0.979388 0.004416 0.016196
-0.000000 0.999999 0.000000 0.000001
-0.000000 0.035021 0.139399 0.825580
-0.000000 0.922656 0.012430 0.064914
-0.000000 0.990866 0.000803 0.008331
-0.000000 0.979229 0.000874 0.019896
0.000000 0.000000 0.869692 0.130308
-0.000000 0.000000 0.458046 0.541954
-0.000000 0.000000 0.501799 0.498201
0.000000 0.999645 0.000006 0.000350
0.000000 0.999981 0.000000 0.000019
-0.000000 0.973551 0.000495 0.025954
0.000000 0.000000 0.874793 0.125207
-0.000000 0.958211 0.001730 0.040058
0.000000 0.000001 0.859681 0.140318
0.000000 0.010427 0.056252 0.933321
0.000000 0.215739 0.367260 0.417001
-0.000000 0.999990 0.000000 0.000010
0.000000 0.000005 0.234679 0.765316
-0.000000 0.973125 0.009631 0.017244
0.000000 0.927491 0.003193 0.069316
0.000000 0.999972 0.000000 0.000028
0.000000 0.999944 0.000000 0.000056
-0.000000 0.999913 0.000004 0.000084
0.000000 0.096514 0.412491 0.490995
0.000000 1.000000 0.000000 0.000000
-0.000000 0.000000 0.910033 0.089967
0.000000 0.957246 0.001390 0.041364
0.000000 1.000000 0.000000 0.000000
0.000000 0.999756 0.000002 0.000241
-0.000000 0.000000 0.410781 0.589218
-0.000000 0.000000 0.523958 0.476042
0.000000 0.092942 0.608781 0.298277
0.000000 0.398705 0.261273 0.340023
-0.000000 0.000186 0.525920 0.473895
-0.000000 0.993778 0.000977 0.005245
0.000000 0.000000 0.099545 0.900455
-0.000000 0.000005 0.420407 0.579588
-0.000000 0.999994 0.000000 0.000006
-0.000000 0.968044 0.006888 0.025068
-0.000000 0.000012 0.789831 0.210157
0.000000 0.000000 0.702527 0.297473
-0.000000 0.991852 0.000220 0.007928
-0.000000 0.000000 0.507587 0.492413
