0.000792 0.005440 0.003299 0.001517 0.005849 0.000075 -0.000000 0.983028
0.024163 0.366196 0.248306 0.199320 0.025635 0.027717 0.107463 0.001201
0.000687 0.007446 0.011468 0.562123 0.001286 0.000586 0.416166 0.000238
0.003644 0.040734 0.023136 0.775875 0.009832 0.000156 0.138300 0.008322
0.546105 0.069358 0.255192 0.064730 0.000721 0.000000 0.059503 0.004390
0.022733 0.011769 0.034104 0.032541 0.012863 0.845423 0.035797 0.004768
0.000114 0.081725 0.025952 0.051176 0.004970 0.000125 0.000000 0.835939
0.198921 0.438825 0.132099 0.092055 0.003671 0.054478 0.064764 0.015188
0.000326 0.178928 0.040538 0.029011 0.000379 0.736913 0.012093 0.001813
0.002453 0.675034 0.288480 0.003997 0.000644 0.009162 0.018535 0.001695
0.003039 0.004998 0.004337 0.006312 0.931455 0.000319 0.000405 0.049135
0.005033 0.599640 0.167186 0.183155 0.000384 0.001626 0.042893 0.000081
0.010951 0.016650 0.004323 0.004497 0.007248 0.953330 0.000535 0.002466
0.834778 0.037015 0.015819 0.005076 0.011278 0.029572 0.052195 0.014267
0.000790 0.013301 0.025108 0.863558 0.000464 0.005111 0.090799 0.000868
0.050737 0.032926 0.052793 0.492289 0.009477 0.029050 0.289642 0.043087
0.001394 0.801806 0.164768 0.023557 0.003048 0.003692 0.000325 0.001409
0.003878 0.600487 0.167059 0.183657 0.000370 0.001598 0.042874 0.000078
0.008750 0.007343 0.012431 0.520754 0.003594 0.001083 0.445380 0.000665
0.007491 0.112703 0.776186 0.003646 0.032869 0.003426 0.063678 0.000000
0.000417 0.032995 0.021221 0.873857 0.002221 0.010798 0.057359 0.001132
0.054570 0.008619 0.008246 0.224340 0.003369 0.000115 0.700717 0.000023
0.001280 0.009442 0.004777 0.549874 0.000250 0.000015 0.434361 0.000002
0.000898 0.054133 0.081981 0.337320 0.003286 0.428932 0.092231 0.001219
0.815187 0.020583 0.120805 0.010206 0.000895 0.000000 0.026875 0.005448
0.000088 0.728938 0.246121 0.005152 0.000119 0.002976 0.016293 0.000313
0.050347 0.056357 0.080720 0.681116 0.030566 0.000000 0.081029 0.019864
0.002964 0.230130 0.587386 0.154596 0.000000 0.005173 0.017711 0.002039
0.000472 0.022977 0.009128 0.638120 0.000488 0.000405 0.328144 0.000265
0.286928 0.116337 0.384633 0.117247 0.000554 0.000000 0.090930 0.003372
0.044547 0.023692 0.017828 0.298454 0.008598 0.003665 0.598544 0.004673
0.000855 0.382143 0.069879 0.109380 0.036336 0.398730 0.000000 0.002677
0.000151 0.769769 0.184457 0.015168 0.017921 0.007236 0.003284 0.002013
0.000070 0.729352 0.245796 0.005161 0.000115 0.002929 0.016276 0.000303
0.012095 0.034635 0.026586 0.809311 0.010830 0.030803 0.070225 0.005515
0.000579 0.095368 0.118178 0.290302 0.102929 0.015684 0.237212 0.139748
0.000380 0.629395 0.325164 0.012820 0.000182 0.000022 0.031916 0.000122
0.001480 0.122816 0.029823 0.019035 0.000581 0.814678 0.008814 0.002774
0.010868 0.014754 0.027188 0.030100 0.595786 0.011259 0.022719 0.287324
0.006962 0.572271 0.369234 0.001796 0.001644 0.020954 0.022810 0.004329
0.003461 0.026503 0.011432 0.001912 0.000926 0.948158 0.003184 0.004424
0.002056 0.356055 0.066243 0.100826 0.044263 0.427297 0.000000 0.003261
0.003460 0.026531 0.011438 0.001918 0.000926 0.948118 0.003186 0.004423
0.018897 0.016543 0.023426 0.032254 0.319704 0.004579 0.000078 0.584518
0.003039 0.004998 0.004337 0.006313 0.931455 0.000319 0.000405 0.049135
0.002344 0.080807 0.021802 0.011567 0.000731 0.872898 0.006358 0.003493
0.821366 0.019463 0.117719 0.008954 0.000899 0.000000 0.026126 0.005472
0.003233 0.023022 0.009673 0.616843 0.000996 0.000609 0.345083 0.000542
0.001869 0.481313 0.379434 0.022561 0.000000 0.001881 0.111583 0.001360
0.000173 0.864116 0.095609 0.015396 0.000455 0.000036 0.023952 0.000264
0.000868 0.025376 0.012218 0.924382 0.002229 0.003213 0.031389 0.000325
0.028431 0.463609 0.457758 0.004193 0.002361 0.000143 0.041927 0.001579
0.052336 0.008653 0.008101 0.237987 0.003238 0.000111 0.689551 0.000022
0.009078 0.025058 0.033106 0.016778 0.735792 0.000000 0.006594 0.173594
0.003461 0.026503 0.011432 0.001912 0.000926 0.948158 0.003184 0.004424
0.000784 0.006331 0.003563 0.002097 0.005839 0.000075 0.000000 0.981310
0.001288 0.419297 0.174255 0.115810 0.001074 0.034630 0.251083 0.002563
0.907966 0.029718 0.001416 0.008954 0.034478 0.000408 0.000699 0.016360
0.001199 0.025422 0.012297 0.923401 0.002412 0.003347 0.031572 0.000351
0.030853 0.007058 0.015069 0.407347 0.009923 0.002445 0.525468 0.001837
0.054572 0.008619 0.008247 0.224329 0.003369 0.000115 0.700726 0.000023
0.028182 0.465082 0.456580 0.004270 0.002341 0.000142 0.041838 0.001566
0.000098 0.771752 0.184138 0.015247 0.016628 0.006988 0.003280 0.001868
0.001102 0.567917 0.365916 0.024592 0.024983 0.007848 0.005420 0.002221
0.855176 0.022892 0.044424 0.007126 0.000668 0.036693 0.024732 0.008290
0.834791 0.037009 0.015818 0.005074 0.011278 0.029572 0.052191 0.014268
0.002690 0.100141 0.075134 0.436350 0.134995 0.003429 0.000269 0.246992
0.080745 0.109183 0.145163 0.047246 0.012625 0.183744 0.411943 0.009352
0.016742 0.028234 0.029465 0.054874 0.866380 0.000004 0.004179 0.000123
0.000140 0.670816 0.280089 0.017679 0.001130 0.009905 0.013189 0.007051
0.855151 0.022899 0.044431 0.007131 0.000668 0.036693 0.024736 0.008290
0.075291 0.154698 0.490331 0.160132 0.000417 0.000000 0.116592 0.002540
0.059473 0.045794 0.047119 0.401256 0.097786 0.001067 0.264765 0.082741
0.000049 0.462503 0.339791 0.118522 0.000000 0.001412 0.076134 0.001590
0.090347 0.420168 0.163842 0.159787 0.033324 0.000420 0.112082 0.020031
0.016008 0.097737 0.817380 0.002598 0.011560 0.003753 0.043166 0.007799
0.000386 0.463413 0.459116 0.024077 0.008201 0.031855 0.010944 0.002008
0.000512 0.805136 0.163280 0.023848 0.002451 0.003317 0.000322 0.001133
0.000720 0.005130 0.015900 0.938325 0.000423 0.000128 0.038853 0.000521
0.000211 0.726129 0.248328 0.005092 0.000146 0.003298 0.016410 0.000385
0.000598 0.861282 0.097568 0.015122 0.000648 0.000043 0.024363 0.000376
0.873767 0.063834 0.016455 0.009812 0.018898 0.002305 0.000000 0.014929
0.399309 0.182660 0.153017 0.085179 0.069433 0.042702 0.064451 0.003250
0.000720 0.007446 0.011472 0.561950 0.001296 0.000588 0.416288 0.000240
0.018845 0.573860 0.156017 0.128801 0.001611 0.036656 0.077544 0.006668
0.000562 0.804946 0.163365 0.023832 0.002485 0.003339 0.000323 0.001149
0.000428 0.063624 0.028922 0.180856 0.686571 0.000457 0.002891 0.036249
0.054572 0.008619 0.008247 0.224329 0.003369 0.000115 0.700727 0.000023
0.017695 0.007227 0.013499 0.474856 0.006156 0.001634 0.477793 0.001139
0.000667 0.033030 0.021336 0.872473 0.002405 0.011227 0.057635 0.001226
0.000792 0.005427 0.003295 0.001509 0.005850 0.000075 -0.000000 0.983053
0.069455 0.279479 0.510019 0.123429 0.010405 0.001051 0.003005 0.003157
0.000634 0.386945 0.070548 0.110955 0.034876 0.393471 0.000000 0.002570
0.000553 0.009453 0.004730 0.554311 0.000207 0.000014 0.430730 0.000001
0.907966 0.029718 0.001416 0.008954 0.034478 0.000408 0.000699 0.016360
0.001048 0.135134 0.090802 0.395865 0.363541 0.000003 0.013555 0.000052
0.003039 0.004998 0.004337 0.006312 0.931455 0.000319 0.000405 0.049135
0.000140 0.670831 0.280083 0.017679 0.001129 0.009902 0.013189 0.007046
0.000095 0.771844 0.184124 0.015251 0.016568 0.006976 0.003280 0.001861
0.004882 0.025929 0.013175 0.912476 0.004455 0.004835 0.033600 0.000649
0.009634 0.368741 0.428651 0.007356 0.137336 0.030107 0.005972 0.012204
0.000000 0.213401 0.096967 0.079755 0.001379 0.443209 0.162748 0.002540
0.000762 0.008882 0.004321 0.003758 0.005810 0.000077 -0.000000 0.976391
0.003017 0.005475 0.004537 0.007732 0.929464 0.000320 0.000425 0.049030
0.053304 0.158684 0.501312 0.164587 0.000403 0.000000 0.119258 0.002453
0.003063 0.479431 0.379992 0.022399 0.000000 0.001962 0.111663 0.001489
0.010951 0.016650 0.004323 0.004497 0.007248 0.953330 0.000535 0.002466
0.014367 0.769318 0.161158 0.006228 0.006930 0.000282 0.037704 0.004014
0.000390 0.151834 0.788605 0.004007 0.000102 0.000766 0.053495 0.000801
0.000698 0.005129 0.015891 0.938382 0.000420 0.000127 0.038835 0.000518
0.067215 0.006590 0.019410 0.220784 0.020334 0.004686 0.657218 0.003763
0.841974 0.028174 0.098168 0.005555 0.018901 0.000959 0.000540 0.005730
0.001332 0.013347 0.025469 0.860725 0.000549 0.005591 0.091963 0.001025
0.000606 0.025340 0.012155 0.925159 0.002083 0.003108 0.031245 0.000304
0.044534 0.008774 0.007593 0.285650 0.002782 0.000096 0.650552 0.000019
0.018897 0.016543 0.023426 0.032254 0.319704 0.004579 0.000078 0.584519
0.000553 0.804983 0.163348 0.023835 0.002479 0.003334 0.000322 0.001146
0.032751 0.007033 0.015296 0.397608 0.010466 0.002562 0.532345 0.001937
0.000713 0.007446 0.011471 0.561987 0.001293 0.000588 0.416262 0.000240
0.000670 0.034896 0.012852 0.503867 0.001708 0.001858 0.444044 0.000105
0.000162 0.864191 0.095557 0.015403 0.000449 0.000036 0.023941 0.000261
0.003038 0.005004 0.004340 0.006331 0.931429 0.000319 0.000405 0.049134
0.001417 0.009440 0.004786 0.549034 0.000258 0.000016 0.435048 0.000002
0.053856 0.563864 0.172549 0.161969 0.001001 0.002831 0.043718 0.000212
0.000792 0.005434 0.003297 0.001514 0.005849 0.000075 0.000000 0.983039
0.016016 0.097701 0.817403 0.002594 0.011565 0.003754 0.043165 0.007802
0.000000 0.044180 0.038428 0.007324 0.005185 0.835168 0.060173 0.009542
0.048642 0.008710 0.007860 0.260556 0.003022 0.000104 0.671084 0.000021
0.000493 0.805206 0.163249 0.023854 0.002439 0.003309 0.000322 0.001127
0.004418 0.006779 0.019623 0.015068 0.850654 0.006019 0.001049 0.096391
0.000074 0.729243 0.245881 0.005158 0.000116 0.002941 0.016280 0.000306
0.194545 0.226227 0.232499 0.157421 0.000457 0.044694 0.138476 0.005680
0.000373 0.033555 0.025207 0.911980 0.001077 0.000000 0.027107 0.000701
0.834791 0.037009 0.015818 0.005074 0.011278 0.029572 0.052191 0.014268
0.907779 0.029826 0.001418 0.009030 0.034477 0.000408 0.000701 0.016359
0.022733 0.011769 0.034104 0.032544 0.012863 0.845421 0.035798 0.004768
0.000129 0.864412 0.095405 0.015424 0.000434 0.000035 0.023909 0.000252
0.014573 0.767937 0.162113 0.006094 0.007024 0.000286 0.037904 0.004068
0.000302 0.024589 0.020594 0.828868 0.000389 0.002381 0.121107 0.001770
0.059262 0.029201 0.020561 0.187176 0.025356 0.013996 0.662890 0.001558
0.013461 0.050583 0.042288 0.126162 0.761256 0.000004 0.006139 0.000108
0.001688 0.004404 0.015588 0.911670 0.002258 0.001236 0.061961 0.001196
0.000299 0.024589 0.020592 0.828888 0.000388 0.002379 0.121097 0.001767
0.000527 0.025329 0.012136 0.925395 0.002039 0.003076 0.031201 0.000297
0.067217 0.006590 0.019410 0.220775 0.020334 0.004686 0.657225 0.003764
0.842365 0.028046 0.097960 0.005495 0.018905 0.000959 0.000538 0.005731
0.855176 0.022892 0.044424 0.007126 0.000668 0.036693 0.024732 0.008290
0.000508 0.009454 0.004727 0.554584 0.000205 0.000014 0.430507 0.000001
0.003039 0.004998 0.004337 0.006312 0.931455 0.000319 0.000405 0.049135
0.000787 0.006023 0.003472 0.001897 0.005843 0.000075 0.000000 0.981904
0.000191 0.185493 0.041791 0.030178 0.000356 0.727814 0.012477 0.001700
0.000074 0.729248 0.245877 0.005158 0.000116 0.002940 0.016280 0.000306
0.000997 0.050855 0.023567 0.142840 0.739908 0.000427 0.002349 0.039056
0.000230 0.175633 0.767525 0.010513 0.001142 0.000741 0.043445 0.000771
0.001868 0.450330 0.459386 0.022975 0.012407 0.039092 0.010906 0.003037
0.001345 0.371492 0.068394 0.105888 0.039572 0.410393 0.000000 0.002916
0.000597 0.007448 0.011457 0.562585 0.001260 0.000581 0.415840 0.000233
0.000792 0.005427 0.003295 0.001509 0.005850 0.000075 0.000000 0.983053
0.000096 0.083655 0.026525 0.052432 0.004947 0.000126 0.000000 0.832218
0.012170 0.000681 0.031825 0.015351 0.071277 0.000000 0.023562 0.845134
0.000847 0.711634 0.259719 0.004781 0.000287 0.004962 0.017013 0.000757
0.008498 0.034135 0.013882 0.461555 0.004867 0.003480 0.473284 0.000299
0.059477 0.348919 0.239336 0.188575 0.029758 0.029127 0.103414 0.001394
0.003461 0.026503 0.011432 0.001912 0.000926 0.948158 0.003184 0.004424
0.035140 0.045651 0.048036 0.075926 0.385918 0.007795 0.260872 0.140662
0.000614 0.007447 0.011459 0.562496 0.001265 0.000582 0.415902 0.000234
0.000597 0.007448 0.011457 0.562582 0.001260 0.000581 0.415841 0.000233
0.844784 0.039040 0.056617 0.007786 0.006619 0.021216 0.005257 0.018681
0.009254 0.021799 0.030988 0.012313 0.743986 0.000000 0.006135 0.175526
0.098518 0.058663 0.069190 0.505226 0.024851 0.049042 0.182108 0.012403
0.001045 0.034859 0.012901 0.501840 0.001859 0.001936 0.445445 0.000114
0.076583 0.055300 0.059716 0.581883 0.019512 0.038955 0.158312 0.009739
0.005605 0.109490 0.137641 0.011727 0.039420 0.675133 0.016847 0.004137
0.907877 0.029770 0.001417 0.008990 0.034478 0.000408 0.000700 0.016359
0.000788 0.022982 0.009190 0.635687 0.000546 0.000428 0.330081 0.000297
0.000268 0.014910 0.113974 0.295739 0.235058 0.023105 0.275591 0.041356
0.006227 0.552074 0.322267 0.011024 0.007872 0.036895 0.014569 0.049072
0.000357 0.022975 0.009105 0.639012 0.000467 0.000396 0.327434 0.000254
0.050737 0.032926 0.052793 0.492289 0.009477 0.029050 0.289642 0.043087
0.000173 0.136361 0.099072 0.333833 0.020120 0.008933 0.012491 0.389018
0.018658 0.017775 0.024188 0.038210 0.316982 0.004562 0.000081 0.579543
0.000134 0.864378 0.095427 0.015421 0.000437 0.000035 0.023914 0.000253
0.011510 0.449025 0.358870 0.005249 0.013724 0.060317 0.015766 0.085539
0.671787 0.166294 0.004612 0.105088 0.033437 0.000506 0.002407 0.015870
0.000245 0.201677 0.117347 0.153086 0.001733 0.386490 0.138127 0.001295
0.210761 0.429946 0.130526 0.089639 0.003806 0.055650 0.063923 0.015748
0.000654 0.007447 0.011464 0.562291 0.001277 0.000584 0.416047 0.000236
0.000371 0.761676 0.185760 0.014845 0.023197 0.008247 0.003299 0.002605
0.855175 0.022892 0.044425 0.007126 0.000668 0.036693 0.024732 0.008290
0.007481 0.499318 0.227976 0.004377 0.194223 0.041035 0.003789 0.021800
0.000185 0.062688 0.021308 0.855144 0.000971 0.005395 0.054263 0.000047
0.136824 0.349947 0.078799 0.107606 0.006810 0.033038 0.278354 0.008622
0.000751 0.010043 0.004666 0.004514 0.005796 0.000078 -0.000000 0.974152
0.000792 0.005427 0.003295 0.001509 0.005850 0.000075 0.000000 0.983053
0.000420 0.013270 0.024863 0.865492 0.000407 0.004784 0.090004 0.000761
0.000345 0.022975 0.009103 0.639101 0.000465 0.000396 0.327364 0.000253
0.000833 0.007445 0.011486 0.561371 0.001328 0.000595 0.416696 0.000246
0.000632 0.024644 0.020805 0.826664 0.000448 0.002556 0.122211 0.002040
0.067529 0.381015 0.085051 0.117786 0.006367 0.033382 0.300808 0.008062
0.000600 0.099811 0.028697 0.787182 0.003842 0.016097 0.062146 0.001625
0.001225 0.033944 0.026154 0.908043 0.001580 0.000000 0.028027 0.001027
0.000792 0.005427 0.003295 0.001509 0.005850 0.000075 -0.000000 0.983053
0.000977 0.171943 0.769887 0.010138 0.001636 0.000883 0.043432 0.001104
0.834791 0.037009 0.015818 0.005074 0.011278 0.029572 0.052191 0.014268
0.005383 0.067372 0.027317 0.811163 0.004827 0.015717 0.067987 0.000234
0.003039 0.004998 0.004337 0.006312 0.931455 0.000319 0.000405 0.049135
0.050737 0.032926 0.052793 0.492289 0.009477 0.029050 0.289642 0.043087
0.000432 0.099783 0.028608 0.788313 0.003647 0.015699 0.061978 0.001542
0.873767 0.063834 0.016455 0.009812 0.018898 0.002305 0.000000 0.014929
0.001913 0.015623 0.011208 0.006580 0.002166 0.917764 0.005021 0.039724
0.000411 0.629210 0.325312 0.012810 0.000184 0.000022 0.031927 0.000123
0.834791 0.037009 0.015818 0.005074 0.011278 0.029572 0.052191 0.014268
0.821366 0.019463 0.117719 0.008954 0.000899 0.000000 0.026126 0.005472
0.002941 0.007186 0.005255 0.012827 0.922315 0.000324 0.000497 0.048654
0.001338 0.022991 0.009298 0.631452 0.000647 0.000469 0.333452 0.000352
0.000806 0.626876 0.327179 0.012689 0.000215 0.000023 0.032068 0.000144
0.821366 0.019463 0.117719 0.008954 0.000899 0.000000 0.026126 0.005472
0.010815 0.481246 0.304156 0.166072 0.019193 0.001900 0.013078 0.003541
0.003458 0.026627 0.011456 0.001935 0.000926 0.947986 0.003192 0.004421
0.572620 0.158596 0.082464 0.015799 0.007947 0.091464 0.038243 0.032868
0.054340 0.158496 0.500794 0.164377 0.000403 0.000000 0.119132 0.002457
0.005151 0.030839 0.036099 0.024475 0.238946 0.004337 0.014920 0.645234
0.000869 0.859467 0.098823 0.014946 0.000772 0.000048 0.024626 0.000447
0.000777 0.007101 0.003792 0.002598 0.005830 0.000076 -0.000000 0.979826
0.678267 0.044442 0.120907 0.016791 0.064713 0.050265 0.004228 0.020386
0.000692 0.161145 0.037142 0.025849 0.000443 0.761558 0.011054 0.002117
0.309379 0.376621 0.200617 0.051089 0.004228 0.009138 0.048033 0.000895
0.494594 0.141178 0.283366 0.058559 0.015080 0.001001 0.001648 0.004573
0.000708 0.004379 0.015267 0.915040 0.001770 0.001086 0.060813 0.000937
0.000241 0.033495 0.025061 0.912586 0.001000 0.000000 0.026966 0.000650
0.000195 0.669757 0.280465 0.017619 0.001190 0.010146 0.013202 0.007426
0.002140 0.480886 0.379560 0.022525 0.000000 0.001899 0.111601 0.001389
0.000146 0.247364 0.256070 0.235412 0.001472 0.000011 0.254142 0.005384
0.018154 0.018613 0.023945 0.024185 0.911636 0.000004 0.003335 0.000129
0.023500 0.217481 0.379978 0.055217 0.106607 0.109676 0.107501 0.000040
0.000234 0.175611 0.767539 0.010511 0.001145 0.000742 0.043445 0.000773
0.000383 0.022976 0.009110 0.638805 0.000472 0.000398 0.327599 0.000257
0.034074 0.093224 0.060485 0.568422 0.026112 0.072684 0.143733 0.001266
0.005108 0.004491 0.016708 0.899913 0.003961 0.001757 0.065966 0.002096
0.010915 0.017017 0.004365 0.004739 0.007234 0.952727 0.000541 0.002461
0.008243 0.044787 0.007596 0.023110 0.006121 0.907080 0.000980 0.002083
0.001913 0.015619 0.011207 0.006575 0.002166 0.917774 0.005020 0.039725
0.855145 0.022901 0.044433 0.007133 0.000668 0.036693 0.024737 0.008290
0.000792 0.005427 0.003295 0.001509 0.005850 0.000075 0.000000 0.983053
0.000310 0.179706 0.040686 0.029149 0.000376 0.735834 0.012139 0.001799
0.001033 0.040498 0.022014 0.793397 0.005718 0.000114 0.132386 0.004842
0.000453 0.005120 0.015803 0.938988 0.000391 0.000123 0.038640 0.000482
0.000792 0.005427 0.003295 0.001509 0.005850 0.000075 -0.000000 0.983053
0.000922 0.009447 0.004754 0.552056 0.000229 0.000015 0.432575 0.000002
0.855176 0.022892 0.044424 0.007126 0.000668 0.036693 0.024732 0.008290
0.003039 0.004998 0.004337 0.006312 0.931455 0.000319 0.000405 0.049135
0.011546 0.054460 0.046879 0.215540 0.235926 0.004057 0.000165 0.431427
0.004418 0.006779 0.019623 0.015068 0.850654 0.006019 0.001049 0.096391
0.000312 0.575563 0.407381 0.012878 0.000741 0.002660 0.000252 0.000213
0.000186 0.062689 0.021309 0.855133 0.000972 0.005398 0.054266 0.000047
0.225655 0.310119 0.070783 0.094557 0.007379 0.032597 0.249570 0.009341
0.907966 0.029718 0.001416 0.008954 0.034478 0.000408 0.000699 0.016360
0.000656 0.804593 0.163522 0.023801 0.002549 0.003378 0.000323 0.001178
0.000624 0.049892 0.047601 0.851140 0.001435 0.002227 0.045847 0.001235
0.032087 0.026513 0.013187 0.046022 0.584929 0.000000 0.209774 0.087487
0.000792 0.005427 0.003295 0.001509 0.005850 0.000075 0.000000 0.983053
0.001282 0.007439 0.011539 0.559069 0.001456 0.000623 0.418322 0.000270
0.000135 0.864374 0.095431 0.015421 0.000437 0.000035 0.023914 0.000253
0.140802 0.348163 0.078440 0.107022 0.006836 0.033018 0.277065 0.008655
0.016069 0.597818 0.074353 0.268216 0.028118 0.015238 0.000000 0.000188
0.001873 0.481307 0.379435 0.022561 0.000000 0.001881 0.111583 0.001360
0.078886 0.261826 0.265426 0.183734 0.000420 0.046095 0.158389 0.005223
0.000000 0.044180 0.038428 0.007324 0.005185 0.835168 0.060173 0.009542
0.050559 0.032896 0.052679 0.493477 0.009444 0.028956 0.289047 0.042941
0.018897 0.016543 0.023426 0.032254 0.319704 0.004579 0.000078 0.584519
0.259436 0.206255 0.214025 0.142658 0.000478 0.043908 0.127303 0.005937
0.009634 0.368741 0.428650 0.007356 0.137336 0.030106 0.005972 0.012204
0.000431 0.721116 0.252268 0.004984 0.000195 0.003874 0.016619 0.000514
0.000454 0.005120 0.015803 0.938988 0.000391 0.000123 0.038640 0.000482
0.000346 0.022975 0.009103 0.639095 0.000465 0.000396 0.327368 0.000253
0.184924 0.447832 0.011201 0.303260 0.031290 0.000706 0.005927 0.014859
0.850777 0.024245 0.045677 0.008126 0.000666 0.036746 0.025489 0.008273
0.005872 0.084506 0.071754 0.098217 0.586330 0.000000 0.014959 0.138360
0.003199 0.009412 0.004902 0.538149 0.000362 0.000019 0.443954 0.000003
0.000792 0.005437 0.003298 0.001515 0.005849 0.000075 0.000000 0.983035
0.067217 0.006590 0.019410 0.220775 0.020334 0.004686 0.657225 0.003764
0.819230 0.019850 0.118786 0.009387 0.000898 0.000000 0.026385 0.005464
0.000205 0.767782 0.184777 0.015089 0.019216 0.007484 0.003288 0.002159
0.002033 0.633899 0.293202 0.015610 0.003226 0.018296 0.013618 0.020115
0.000205 0.134813 0.098094 0.329743 0.020450 0.008948 0.012365 0.395382
0.001245 0.022990 0.009280 0.632166 0.000630 0.000462 0.332884 0.000343
0.000384 0.022976 0.009110 0.638802 0.000472 0.000398 0.327601 0.000257
0.001039 0.457643 0.459235 0.023591 0.010056 0.035047 0.010927 0.002462
0.000842 0.005887 0.143782 0.299326 0.033887 0.000000 0.114101 0.402175
0.308444 0.377306 0.200514 0.051495 0.004217 0.009115 0.048017 0.000893
0.781398 0.127069 0.024069 0.033135 0.017881 0.002321 0.000000 0.014127
0.000276 0.724641 0.249498 0.005060 0.000161 0.003469 0.016472 0.000424
0.018154 0.018613 0.023945 0.024185 0.911636 0.000004 0.003335 0.000129
0.855176 0.022892 0.044424 0.007126 0.000668 0.036693 0.024732 0.008290
0.004006 0.025808 0.012966 0.915075 0.003969 0.004481 0.033118 0.000578
0.000582 0.572323 0.410068 0.012709 0.000889 0.002920 0.000253 0.000255
0.309379 0.376621 0.200617 0.051089 0.004228 0.009138 0.048033 0.000895
0.002319 0.007425 0.011663 0.553747 0.001753 0.000687 0.422081 0.000325
0.010950 0.016653 0.004323 0.004499 0.007248 0.953325 0.000535 0.002466
0.834791 0.037009 0.015818 0.005074 0.011278 0.029572 0.052191 0.014268
0.000000 0.069193 0.047081 0.018030 0.004623 0.777232 0.075335 0.008507
0.855176 0.022892 0.044424 0.007126 0.000668 0.036693 0.024732 0.008290
0.012409 0.172024 0.340862 0.072623 0.018559 0.000071 0.315616 0.067835
0.000124 0.590753 0.358724 0.026568 0.012102 0.005296 0.005357 0.001076
0.003328 0.100277 0.030145 0.768807 0.007016 0.022576 0.064885 0.002966
0.000477 0.663394 0.303918 0.009952 0.000830 0.000000 0.020381 0.001049
0.000792 0.005427 0.003295 0.001509 0.005850 0.000075 -0.000000 0.983053
0.000674 0.007447 0.011467 0.562186 0.001282 0.000585 0.416121 0.000238
0.000517 0.022978 0.009136 0.637776 0.000496 0.000408 0.328419 0.000270
0.000459 0.004372 0.015186 0.915897 0.001646 0.001048 0.060521 0.000872
0.000070 0.729334 0.245809 0.005160 0.000115 0.002931 0.016277 0.000303
0.000864 0.381942 0.069851 0.109315 0.036397 0.398950 0.000000 0.002682
0.000070 0.729336 0.245808 0.005160 0.000115 0.002930 0.016277 0.000303
0.001913 0.015657 0.011219 0.006615 0.002165 0.917689 0.005026 0.039715
0.741923 0.033863 0.157395 0.025052 0.000848 0.000000 0.035759 0.005160
0.053331 0.158679 0.501298 0.164581 0.000403 0.000000 0.119255 0.002453
0.834790 0.037010 0.015818 0.005075 0.011278 0.029572 0.052191 0.014268
0.003460 0.026503 0.011432 0.001913 0.000926 0.948157 0.003184 0.004424
0.000471 0.062671 0.028522 0.178017 0.690555 0.000455 0.002851 0.036459
0.059253 0.029202 0.020560 0.187227 0.025352 0.013994 0.662854 0.001557
0.001617 0.036940 0.017732 0.101410 0.798033 0.000394 0.001759 0.042114
0.221440 0.217949 0.224842 0.151303 0.000466 0.044368 0.133845 0.005786
0.012826 0.779607 0.154044 0.007223 0.006227 0.000255 0.036212 0.003607
0.855176 0.022892 0.044424 0.007126 0.000668 0.036693 0.024732 0.008290
0.008690 0.013969 0.030360 0.822245 0.001690 0.012112 0.107778 0.003156
0.000092 0.771969 0.184103 0.015256 0.016487 0.006961 0.003280 0.001852
0.000781 0.006732 0.003682 0.002358 0.005835 0.000076 -0.000000 0.980537
0.000135 0.727863 0.246966 0.005129 0.000129 0.003099 0.016338 0.000341
0.313301 0.270822 0.062874 0.081682 0.007940 0.032162 0.221170 0.010050
0.873767 0.063834 0.016455 0.009812 0.018898 0.002305 0.000000 0.014929
0.003039 0.004998 0.004337 0.006312 0.931455 0.000319 0.000405 0.049135
0.047824 0.626562 0.243084 0.008243 0.034479 0.023436 0.000448 0.015925
0.855176 0.022892 0.044424 0.007126 0.000668 0.036693 0.024732 0.008290
0.096927 0.008597 0.050800 0.699208 0.011969 0.001880 0.115880 0.014740
0.000686 0.034894 0.012854 0.503779 0.001714 0.001861 0.444105 0.000105
0.000429 0.099782 0.028606 0.788330 0.003644 0.015692 0.061975 0.001541
0.003062 0.045891 0.015135 0.005359 0.000857 0.921287 0.004318 0.004091
0.063240 0.436817 0.168662 0.167148 0.030099 0.000404 0.115536 0.018094
0.037968 0.174171 0.073818 0.029717 0.032093 0.524858 0.077240 0.050136
0.001720 0.033178 0.021820 0.866654 0.003182 0.013031 0.058795 0.001621
0.000345 0.022975 0.009103 0.639098 0.000465 0.000396 0.327366 0.000253
0.000785 0.006192 0.003522 0.002007 0.005841 0.000075 0.000000 0.981578
0.001390 0.013352 0.025507 0.860419 0.000558 0.005643 0.092089 0.001042
0.000686 0.005129 0.015887 0.938410 0.000419 0.000127 0.038826 0.000516
0.008074 0.439880 0.471297 0.052090 0.000365 0.000150 0.027471 0.000674
0.002674 0.034701 0.013115 0.493039 0.002516 0.002273 0.451527 0.000155
0.000238 0.033494 0.025057 0.912602 0.000998 0.000000 0.026962 0.000649
0.025445 0.420244 0.476780 0.047927 0.000640 0.000208 0.027576 0.001180
0.309379 0.376621 0.200617 0.051089 0.004228 0.009138 0.048033 0.000895
0.000512 0.004374 0.015203 0.915715 0.001672 0.001056 0.060583 0.000886
0.003891 0.033483 0.022817 0.854655 0.004782 0.016750 0.061187 0.002436
0.003025 0.005307 0.004467 0.007234 0.930162 0.000320 0.000418 0.049067
0.866346 0.025080 0.086053 0.012875 0.000768 0.002753 0.000778 0.005346
0.907922 0.029744 0.001416 0.008972 0.034478 0.000408 0.000700 0.016360
0.000570 0.009453 0.004731 0.554208 0.000208 0.000014 0.430814 0.000001
0.000070 0.729351 0.245797 0.005161 0.000115 0.002929 0.016276 0.000303
0.000375 0.463507 0.459114 0.024085 0.008171 0.031803 0.010944 0.002001
0.000359 0.862879 0.096464 0.015276 0.000539 0.000039 0.024131 0.000312
0.000077 0.729177 0.245933 0.005157 0.000117 0.002949 0.016283 0.000307
0.094637 0.116745 0.362763 0.019965 0.000000 0.003627 0.392529 0.009736
0.000151 0.864263 0.095507 0.015410 0.000445 0.000036 0.023931 0.000258
0.107684 0.325335 0.227091 0.173908 0.035386 0.031053 0.097887 0.001657
0.282798 0.210077 0.396280 0.090876 0.012751 0.001026 0.002324 0.003868
0.000470 0.009454 0.004724 0.554816 0.000203 0.000014 0.430317 0.000001
0.000402 0.094495 0.036288 0.088343 0.001054 0.742709 0.017366 0.019342
0.400773 0.146569 0.279920 0.162867 0.000551 0.002794 0.002690 0.003837
0.000172 0.864123 0.095604 0.015396 0.000454 0.000036 0.023951 0.000263
0.000483 0.805245 0.163231 0.023858 0.002432 0.003305 0.000322 0.001124
0.009179 0.051329 0.053894 0.822111 0.004256 0.004331 0.051242 0.003659
0.000356 0.351430 0.325590 0.193932 0.009923 0.020153 0.098612 0.000004
0.000132 0.864395 0.095416 0.015423 0.000436 0.000035 0.023911 0.000253
0.000178 0.670092 0.280346 0.017638 0.001171 0.010070 0.013198 0.007307
0.000576 0.033017 0.021294 0.872976 0.002338 0.011071 0.057535 0.001192
0.003461 0.026503 0.011432 0.001912 0.000926 0.948158 0.003184 0.004424
0.018897 0.016543 0.023426 0.032254 0.319704 0.004579 0.000078 0.584519
0.000413 0.013269 0.024858 0.865531 0.000406 0.004777 0.089988 0.000759
0.004235 0.009377 0.023132 0.028927 0.832685 0.006033 0.001253 0.094357
0.011509 0.449048 0.358862 0.005251 0.013722 0.060312 0.015766 0.085531
0.842017 0.028160 0.098146 0.005548 0.018901 0.000959 0.000540 0.005730
0.001913 0.015659 0.011220 0.006617 0.002165 0.917685 0.005026 0.039715
0.000423 0.032996 0.021224 0.873820 0.002226 0.010810 0.057367 0.001134
0.000752 0.022982 0.009183 0.635968 0.000539 0.000426 0.329857 0.000293
0.000364 0.013265 0.024826 0.865783 0.000398 0.004734 0.089885 0.000745
0.005151 0.030842 0.036100 0.024480 0.238943 0.004337 0.014920 0.645227
0.334797 0.163785 0.307393 0.184122 0.000520 0.002799 0.002961 0.003623
0.000595 0.034903 0.012842 0.504274 0.001678 0.001843 0.443763 0.000103
0.000161 0.577365 0.405887 0.012972 0.000659 0.002516 0.000251 0.000189
0.000184 0.062688 0.021307 0.855147 0.000971 0.005394 0.054261 0.000047
0.003457 0.026655 0.011461 0.001939 0.000926 0.947947 0.003193 0.004421
0.000993 0.024704 0.021035 0.824256 0.000513 0.002746 0.123417 0.002336
0.103367 0.591243 0.079960 0.204340 0.010417 0.002435 0.000000 0.008237
0.000484 0.805240 0.163233 0.023857 0.002432 0.003305 0.000322 0.001125
0.000302 0.033523 0.025128 0.912307 0.001035 0.000000 0.027031 0.000673
0.000792 0.005427 0.003295 0.001509 0.005850 0.000075 0.000000 0.983053
0.000163 0.769339 0.184527 0.015151 0.018201 0.007290 0.003285 0.002045
0.000492 0.573407 0.409169 0.012765 0.000840 0.002833 0.000253 0.000241
0.000610 0.009452 0.004734 0.553963 0.000211 0.000014 0.431015 0.000001
0.012304 0.480197 0.303801 0.165607 0.019517 0.001913 0.013061 0.003601
0.851936 0.023889 0.045347 0.007863 0.000667 0.036732 0.025290 0.008278
0.000643 0.123768 0.016782 0.075359 0.002956 0.777258 0.002227 0.001007
0.564064 0.172517 0.041069 0.034336 0.147048 0.039984 0.000000 0.000983
0.000303 0.629847 0.324803 0.012843 0.000176 0.000021 0.031888 0.000118
0.045325 0.023705 0.017982 0.292455 0.008741 0.003723 0.603319 0.004751
0.003040 0.044024 0.027951 0.838906 0.001614 0.005134 0.078526 0.000806
0.000825 0.054274 0.082141 0.338336 0.003254 0.427544 0.092419 0.001207
0.018897 0.016543 0.023426 0.032254 0.319704 0.004579 0.000078 0.584519
0.830433 0.038963 0.016211 0.005714 0.011250 0.029593 0.053603 0.014232
0.002306 0.005187 0.016475 0.934384 0.000613 0.000157 0.040123 0.000756
0.000533 0.009453 0.004729 0.554435 0.000206 0.000014 0.430629 0.000001
0.002062 0.651976 0.312359 0.009506 0.001449 0.000000 0.020819 0.001830
0.003133 0.229011 0.276725 0.195756 0.005634 0.000026 0.269117 0.020597
0.122606 0.515135 0.067882 0.222747 0.051239 0.020049 0.000000 0.000343
0.167441 0.137995 0.444308 0.141459 0.000476 0.000000 0.105418 0.002902
0.369194 0.245762 0.057831 0.073471 0.008298 0.031884 0.203059 0.010502
0.821240 0.019486 0.117782 0.008979 0.000899 0.000000 0.026141 0.005472
0.000451 0.024614 0.020689 0.827872 0.000416 0.002460 0.121606 0.001892
0.424828 0.091341 0.315762 0.089305 0.000643 0.000000 0.074209 0.003914
0.010943 0.016734 0.004332 0.004552 0.007245 0.953192 0.000536 0.002465
0.016016 0.097701 0.817403 0.002594 0.011565 0.003754 0.043165 0.007802
0.002470 0.024948 0.021978 0.814398 0.000780 0.003528 0.128353 0.003546
0.000345 0.022975 0.009103 0.639101 0.000465 0.000396 0.327363 0.000253
0.023924 0.023358 0.013757 0.457385 0.004803 0.002140 0.472023 0.002611
0.000605 0.007447 0.011458 0.562542 0.001263 0.000581 0.415870 0.000234
0.821366 0.019463 0.117719 0.008954 0.000899 0.000000 0.026126 0.005472
0.000302 0.024589 0.020594 0.828866 0.000389 0.002381 0.121108 0.001770
0.003039 0.004998 0.004337 0.006312 0.931455 0.000319 0.000405 0.049135
0.027327 0.219247 0.316833 0.105492 0.019736 0.209987 0.017926 0.083453
0.000205 0.767787 0.184776 0.015089 0.019213 0.007484 0.003288 0.002158
0.000251 0.863598 0.095967 0.015346 0.000490 0.000037 0.024027 0.000284
0.003039 0.004998 0.004337 0.006312 0.931455 0.000319 0.000405 0.049135
0.123618 0.289440 0.436386 0.006022 0.000000 0.010210 0.119741 0.014583
0.000792 0.005427 0.003295 0.001509 0.005850 0.000075 0.000000 0.983053
0.010936 0.016801 0.004340 0.004596 0.007242 0.953082 0.000538 0.002464
0.005065 0.518704 0.454543 0.009906 0.003342 0.007208 0.000274 0.000958
0.000000 0.052182 0.041197 0.010750 0.005005 0.816631 0.065024 0.009210
0.034906 0.429249 0.394887 0.018073 0.000000 0.004141 0.113796 0.004948
0.864254 0.054996 0.002007 0.026746 0.034285 0.000426 0.001016 0.016269
0.018068 0.019199 0.024281 0.026055 0.908877 0.000004 0.003386 0.000129
0.000613 0.164957 0.037870 0.026527 0.000429 0.756275 0.011277 0.002052
0.000200 0.135027 0.098229 0.330310 0.020404 0.008946 0.012382 0.394500
0.000763 0.005131 0.015915 0.938219 0.000428 0.000128 0.038887 0.000528
0.018897 0.016543 0.023426 0.032254 0.319704 0.004579 0.000078 0.584519
0.014599 0.767765 0.162232 0.006078 0.007036 0.000286 0.037929 0.004075
0.000792 0.005427 0.003295 0.001509 0.005850 0.000075 -0.000000 0.983053
0.830467 0.038948 0.016208 0.005709 0.011250 0.029593 0.053592 0.014233
0.001965 0.799652 0.165731 0.023369 0.003435 0.003935 0.000326 0.001587
0.572019 0.159047 0.082544 0.015922 0.007940 0.091404 0.038285 0.032840
0.000607 0.007447 0.011459 0.562529 0.001263 0.000581 0.415879 0.000234
0.000354 0.013264 0.024819 0.865836 0.000397 0.004725 0.089863 0.000742
0.000456 0.183360 0.112823 0.326802 0.087407 0.002990 0.049938 0.236225
0.000752 0.033728 0.025628 0.910229 0.001301 0.000000 0.027516 0.000846
0.000353 0.862916 0.096439 0.015280 0.000537 0.000039 0.024126 0.000311
0.000449 0.492439 0.351090 0.122654 0.001705 0.002394 0.025801 0.003469
0.564062 0.172518 0.041069 0.034337 0.147047 0.039984 0.000000 0.000983
0.001189 0.005147 0.016070 0.937161 0.000479 0.000136 0.039228 0.000590
0.000331 0.863065 0.096336 0.015294 0.000526 0.000039 0.024104 0.000305
0.572620 0.158596 0.082464 0.015799 0.007947 0.091464 0.038243 0.032868
0.853569 0.028414 0.091374 0.016992 0.000762 0.002754 0.000831 0.005305
0.000459 0.005120 0.015805 0.938975 0.000392 0.000123 0.038644 0.000483
0.001987 0.434991 0.157036 0.320453 0.021241 0.009079 0.048781 0.006432
0.010949 0.016665 0.004324 0.004506 0.007248 0.953305 0.000535 0.002466
0.067568 0.042425 0.052069 0.502724 0.051721 0.125824 0.131334 0.026334
0.067191 0.006590 0.019407 0.220909 0.020327 0.004685 0.657130 0.003762
0.000891 0.112000 0.068644 0.330427 0.065524 0.002601 0.396008 0.023904
0.000091 0.771985 0.184101 0.015257 0.016477 0.006959 0.003280 0.001851
0.855176 0.022892 0.044424 0.007126 0.000668 0.036693 0.024732 0.008290
0.000648 0.123715 0.016776 0.075324 0.002959 0.777345 0.002226 0.001008
0.001232 0.199973 0.142331 0.183373 0.001333 0.038671 0.432099 0.000989
0.854917 0.022971 0.044498 0.007184 0.000668 0.036696 0.024777 0.008289
0.001588 0.037580 0.018001 0.103318 0.795357 0.000396 0.001786 0.041974
0.198625 0.237459 0.441155 0.103720 0.011825 0.001036 0.002593 0.003587
0.866346 0.025080 0.086053 0.012875 0.000768 0.002753 0.000778 0.005346
0.821366 0.019463 0.117719 0.008954 0.000899 0.000000 0.026126 0.005472
0.000744 0.349181 0.326503 0.191603 0.011546 0.021656 0.098761 0.000004
0.014429 0.406707 0.547439 0.004053 0.008465 0.016166 0.000316 0.002426
0.000470 0.009454 0.004724 0.554818 0.000203 0.000014 0.430315 0.000001
0.000829 0.348692 0.326702 0.191097 0.011899 0.021983 0.098794 0.000004
0.000753 0.033042 0.021376 0.871998 0.002469 0.011375 0.057730 0.001258
0.001663 0.064020 0.023017 0.842638 0.002067 0.008330 0.058165 0.000100
0.000101 0.083092 0.026358 0.052065 0.004954 0.000126 0.000000 0.833304
0.000467 0.013274 0.024894 0.865246 0.000414 0.004825 0.090105 0.000774
0.001606 0.113763 0.015619 0.068740 0.003357 0.793704 0.002069 0.001143
0.907607 0.029926 0.001421 0.009100 0.034476 0.000408 0.000702 0.016359
0.000071 0.729329 0.245813 0.005160 0.000115 0.002931 0.016277 0.000303
0.000792 0.005427 0.003295 0.001509 0.005850 0.000075 -0.000000 0.983053
0.001328 0.025439 0.012327 0.923017 0.002484 0.003399 0.031643 0.000362
0.821366 0.019463 0.117719 0.008954 0.000899 0.000000 0.026126 0.005472
0.842365 0.028047 0.097960 0.005495 0.018905 0.000959 0.000538 0.005731
0.039463 0.016571 0.050815 0.661319 0.006464 0.039381 0.173917 0.012070
0.004418 0.006779 0.019623 0.015068 0.850654 0.006019 0.001049 0.096391
0.000736 0.011791 0.005184 0.005651 0.005776 0.000079 0.000000 0.970783
0.000792 0.005454 0.003303 0.001526 0.005849 0.000075 0.000000 0.983001
0.866346 0.025080 0.086053 0.012875 0.000768 0.002753 0.000778 0.005346
0.007029 0.515988 0.225294 0.005042 0.183356 0.038952 0.003758 0.020580
0.124632 0.347148 0.279521 0.220283 0.002114 0.005623 0.005633 0.015046
0.002176 0.033242 0.022029 0.864132 0.003518 0.013812 0.059298 0.001792
0.866346 0.025080 0.086053 0.012875 0.000768 0.002753 0.000778 0.005346
0.025183 0.244460 0.463628 0.005634 0.078588 0.152970 0.010310 0.019227
0.004123 0.791506 0.169371 0.022657 0.004896 0.004853 0.000332 0.002262
0.003015 0.543225 0.434204 0.011188 0.002220 0.005247 0.000264 0.000636
0.003900 0.009401 0.004948 0.533863 0.000403 0.000020 0.447461 0.000003
0.000416 0.032995 0.021221 0.873862 0.002220 0.010797 0.057358 0.001131
0.045319 0.023705 0.017981 0.292500 0.008740 0.003722 0.603284 0.004750
0.855176 0.022892 0.044424 0.007126 0.000668 0.036693 0.024732 0.008290
0.000640 0.123799 0.016786 0.075380 0.002955 0.777206 0.002228 0.001006
0.000633 0.173640 0.768801 0.010310 0.001409 0.000818 0.043438 0.000951
0.017037 0.026137 0.029360 0.078630 0.298506 0.004447 0.000100 0.545782
0.000000 0.044270 0.038460 0.007363 0.005183 0.834958 0.060228 0.009538
0.000430 0.099782 0.028607 0.788326 0.003644 0.015694 0.061976 0.001541
0.000280 0.062774 0.021418 0.854337 0.001042 0.005584 0.054514 0.000051
0.005413 0.004499 0.016808 0.898865 0.004112 0.001804 0.066324 0.002177
0.002316 0.122932 0.082425 0.207022 0.147446 0.003523 0.036064 0.398272
0.001837 0.050095 0.048494 0.847022 0.001835 0.002526 0.046612 0.001579
0.000298 0.024589 0.020591 0.828897 0.000388 0.002379 0.121093 0.001766
0.000792 0.005427 0.003295 0.001509 0.005850 0.000075 -0.000000 0.983052
0.003082 0.050305 0.049409 0.842799 0.002245 0.002832 0.047397 0.001931
0.028431 0.463609 0.457758 0.004193 0.002361 0.000143 0.041927 0.001579
0.000660 0.123583 0.016761 0.075237 0.002964 0.777561 0.002224 0.001009
0.001085 0.007441 0.011516 0.560081 0.001400 0.000611 0.417608 0.000259
0.032037 0.026617 0.013204 0.046516 0.584163 0.000000 0.210090 0.087372
0.000877 0.091007 0.023768 0.351284 0.111302 0.000000 0.405099 0.016663
0.135337 0.215833 0.390449 0.248381 0.000427 0.002817 0.003780 0.002977
0.001066 0.004388 0.015384 0.913810 0.001948 0.001141 0.061232 0.001032
0.007481 0.499300 0.227979 0.004377 0.194235 0.041038 0.003789 0.021801
0.003039 0.004998 0.004337 0.006313 0.931455 0.000319 0.000405 0.049135
0.001812 0.009434 0.004812 0.546622 0.000281 0.000016 0.437021 0.000002
0.000355 0.013264 0.024819 0.865832 0.000397 0.004726 0.089864 0.000742
0.000431 0.099783 0.028607 0.788321 0.003645 0.015696 0.061977 0.001542
0.000432 0.398750 0.282200 0.286089 0.020271 0.000000 0.012258 0.000000
0.002362 0.446337 0.469494 0.053459 0.000275 0.000130 0.027436 0.000507
0.000792 0.005427 0.003295 0.001509 0.005850 0.000075 0.000000 0.983053
0.463680 0.162074 0.196129 0.024806 0.117881 0.005837 0.007867 0.021727
0.001096 0.108367 0.080221 0.476111 0.116821 0.003316 0.000287 0.213781
0.293341 0.195819 0.204373 0.134945 0.000489 0.043498 0.121466 0.006071
0.000097 0.771761 0.184137 0.015248 0.016622 0.006987 0.003280 0.001867
0.001160 0.025416 0.012287 0.923515 0.002391 0.003332 0.031550 0.000348
0.000678 0.034895 0.012853 0.503823 0.001711 0.001860 0.444075 0.000105
0.842365 0.028046 0.097960 0.005495 0.018905 0.000959 0.000538 0.005731
0.000208 0.134651 0.097991 0.329316 0.020485 0.008950 0.012352 0.396048
0.000091 0.771999 0.184099 0.015257 0.016467 0.006957 0.003280 0.001850
0.010948 0.016680 0.004326 0.004516 0.007247 0.953281 0.000536 0.002466
0.028014 0.417340 0.477591 0.047311 0.000680 0.000217 0.027592 0.001255
0.855176 0.022892 0.044424 0.007126 0.000668 0.036693 0.024732 0.008290
0.000687 0.123303 0.016728 0.075051 0.002975 0.778022 0.002220 0.001013
0.002699 0.043971 0.027803 0.840100 0.001530 0.004977 0.078155 0.000764
0.003039 0.004999 0.004338 0.006317 0.931449 0.000319 0.000405 0.049135
0.000106 0.109949 0.041203 0.104364 0.000836 0.708409 0.019784 0.015349
0.001121 0.033094 0.021545 0.869961 0.002741 0.012006 0.058136 0.001396
0.000339 0.024595 0.020617 0.828623 0.000395 0.002400 0.121230 0.001800
0.099303 0.038943 0.035691 0.632397 0.056816 0.042966 0.085612 0.008271
0.000183 0.152984 0.787772 0.004058 0.000088 0.000717 0.053502 0.000694
0.011510 0.449025 0.358870 0.005249 0.013724 0.060317 0.015766 0.085539
0.000792 0.005427 0.003295 0.001509 0.005850 0.000075 0.000000 0.983053
0.678511 0.044356 0.120807 0.016710 0.064730 0.050272 0.004224 0.020391
0.022030 0.394385 0.305024 0.256676 0.001357 0.004684 0.006181 0.009663
