0.000183 0.982037 0.015667 0.000283 0.001758 0.000072
0.006070 0.616420 0.269441 0.004085 0.080070 0.023914
0.875499 0.007602 0.103769 0.006820 0.005833 0.000476
0.760306 0.086293 0.087892 0.059177 0.005064 0.001268
0.000298 0.973151 0.025446 0.000417 0.000572 0.000116
0.000201 0.980671 0.017170 0.000303 0.001576 0.000079
0.139822 0.178259 0.000000 0.636255 0.016141 0.029524
0.859749 0.010925 0.101903 0.007207 0.019748 0.000468
0.000019 0.994793 0.001628 0.000090 0.003462 0.000007
0.002830 0.020795 0.102953 0.872080 0.001282 0.000060
0.028575 0.000000 0.043374 0.011013 0.000599 0.916439
0.175902 0.105524 0.000000 0.678929 0.002507 0.037138
0.957494 0.012500 0.028379 0.001199 0.000042 0.000386
0.942116 0.018836 0.027923 0.001266 0.009479 0.000380
0.000661 0.059766 0.020807 0.894362 0.001084 0.023319
0.704597 0.071385 0.132967 0.004355 0.086604 0.000092
0.000662 0.059594 0.020829 0.894796 0.000776 0.023343
0.043936 0.262350 0.474796 0.130565 0.060209 0.028144
0.000238 0.977821 0.020307 0.000346 0.001195 0.000093
0.111267 0.052228 0.691055 0.125788 0.000056 0.019606
0.028300 0.000000 0.042956 0.010920 0.010226 0.907599
0.000262 0.975930 0.022388 0.000375 0.000943 0.000102
0.002861 0.019655 0.104067 0.872812 0.000544 0.000061
0.740578 0.044610 0.193885 0.016606 0.000146 0.004175
0.203492 0.118144 0.054699 0.337707 0.026332 0.259626
0.002580 0.030110 0.093854 0.866096 0.007305 0.000055
0.957288 0.012585 0.028373 0.001200 0.000168 0.000386
0.051229 0.339529 0.273977 0.037931 0.288006 0.009326
0.000640 0.065158 0.020138 0.880781 0.010716 0.022568
0.957527 0.012487 0.028380 0.001199 0.000022 0.000386
0.000929 0.330746 0.151150 0.016993 0.474127 0.026055
0.000352 0.968923 0.030100 0.000481 0.000007 0.000138
0.045047 0.002896 0.846059 0.001199 0.102588 0.002212
0.000274 0.974954 0.023463 0.000390 0.000812 0.000107
0.357541 0.004180 0.621845 0.005148 0.001976 0.009310
0.003606 0.000000 0.005473 0.002626 0.872605 0.115691
0.000262 0.975887 0.022436 0.000375 0.000937 0.000103
0.936604 0.021107 0.027760 0.001290 0.012861 0.000377
0.000318 0.971590 0.027164 0.000440 0.000363 0.000124
0.000244 0.977286 0.020896 0.000354 0.001124 0.000096
0.957420 0.012531 0.028377 0.001199 0.000087 0.000386
0.000660 0.060075 0.020769 0.893586 0.001634 0.023276
0.280295 0.533588 0.096409 0.033577 0.052196 0.003935
0.639201 0.231617 0.105218 0.011926 0.002836 0.009202
0.046964 0.891032 0.018977 0.034898 0.006596 0.001532
0.028589 0.000000 0.043395 0.011017 0.000126 0.916873
0.104919 0.785136 0.042395 0.062918 0.001209 0.003423
0.512646 0.352178 0.079370 0.000720 0.053082 0.002004
0.103664 0.787429 0.041888 0.062311 0.001326 0.003382
0.111319 0.051946 0.691373 0.125744 0.000004 0.019615
0.000269 0.975388 0.022985 0.000383 0.000870 0.000105
0.000315 0.971771 0.026966 0.000438 0.000387 0.000123
0.000050 0.992399 0.004263 0.000126 0.003142 0.000020
0.000250 0.976820 0.021409 0.000361 0.001062 0.000098
0.000240 0.977645 0.020501 0.000349 0.001172 0.000094
0.643218 0.229661 0.105879 0.011977 0.000005 0.009260
0.000219 0.001015 0.066478 0.077218 0.843960 0.011111
0.028338 0.000000 0.043014 0.010933 0.008879 0.908835
0.754651 0.056079 0.142412 0.004368 0.042391 0.000099
0.000073 0.990582 0.006263 0.000154 0.002900 0.000029
0.000323 0.971203 0.027590 0.000446 0.000311 0.000126
0.008645 0.004672 0.697082 0.127204 0.112450 0.049948
0.826540 0.012826 0.117663 0.024718 0.017525 0.000727
0.000239 0.977690 0.020451 0.000348 0.001178 0.000094
0.881983 0.006234 0.104538 0.006661 0.000105 0.000480
0.000182 0.982103 0.015595 0.000282 0.001767 0.000071
0.954276 0.013826 0.028284 0.001213 0.002017 0.000385
0.005267 0.613546 0.376457 0.004279 0.000004 0.000448
0.008622 0.093762 0.056413 0.818578 0.010515 0.012111
0.259690 0.299994 0.007702 0.004240 0.428269 0.000105
0.274119 0.477445 0.239156 0.008220 0.000000 0.001060
0.000012 0.995367 0.000997 0.000082 0.003539 0.000005
0.647092 0.155022 0.155709 0.014049 0.026018 0.002110
0.000384 0.129986 0.012083 0.717466 0.126537 0.013544
0.366427 0.365190 0.129185 0.063385 0.074503 0.001310
0.708694 0.177997 0.109721 0.000803 0.000015 0.002770
0.956150 0.013054 0.028339 0.001205 0.000867 0.000385
0.635384 0.233475 0.104590 0.011878 0.005525 0.009147
0.175225 0.596877 0.142725 0.080762 0.000875 0.003536
0.878916 0.006881 0.104174 0.006736 0.002814 0.000478
0.000352 0.968916 0.030108 0.000481 0.000006 0.000138
0.000289 0.973793 0.024739 0.000407 0.000657 0.000113
0.622231 0.094996 0.219360 0.061047 0.000142 0.002224
0.288439 0.005841 0.501664 0.004573 0.191972 0.007511
0.006763 0.000942 0.338629 0.355786 0.059841 0.238039
0.027172 0.000000 0.942022 0.014387 0.011506 0.004913
0.000209 0.980022 0.017884 0.000313 0.001489 0.000082
0.685926 0.198225 0.106196 0.000794 0.006177 0.002681
0.000663 0.059393 0.020854 0.895304 0.000416 0.023371
0.000074 0.990536 0.006313 0.000154 0.002894 0.000029
0.000643 0.064508 0.020218 0.882416 0.009555 0.022659
0.585541 0.006374 0.344070 0.036242 0.018484 0.009289
0.307075 0.005393 0.534073 0.004728 0.140735 0.007996
0.586819 0.132400 0.206877 0.061370 0.010436 0.002097
0.028118 0.000000 0.042680 0.010859 0.016559 0.901784
0.869298 0.008911 0.103035 0.006972 0.011312 0.000473
0.028592 0.000000 0.043399 0.011018 0.000029 0.916962
0.002992 0.229485 0.486685 0.030176 0.166803 0.083858
0.000147 0.984818 0.012606 0.000241 0.002130 0.000058
0.477869 0.116761 0.323746 0.033117 0.041347 0.007159
0.789248 0.017706 0.112355 0.025342 0.054655 0.000695
0.000224 0.978844 0.019181 0.000331 0.001332 0.000088
0.744369 0.059223 0.140472 0.004366 0.051473 0.000098
0.000157 0.984104 0.013393 0.000252 0.002034 0.000061
0.441676 0.010442 0.197468 0.149718 0.000490 0.200205
0.071213 0.044167 0.710956 0.000000 0.115276 0.058388
0.000301 0.972912 0.025709 0.000420 0.000540 0.000118
0.000321 0.145810 0.010117 0.677603 0.154808 0.011341
0.036530 0.026579 0.771678 0.019179 0.145262 0.000772
0.000157 0.984112 0.013383 0.000251 0.002036 0.000061
0.028137 0.000000 0.042708 0.010865 0.015918 0.902372
0.000318 0.971604 0.027149 0.000440 0.000365 0.000124
0.028583 0.000000 0.043386 0.011015 0.000327 0.916689
0.000068 0.000843 0.020499 0.036407 0.938756 0.003427
0.000058 0.991775 0.004950 0.000136 0.003059 0.000023
0.000654 0.061546 0.020586 0.889879 0.004263 0.023071
0.342360 0.107016 0.492067 0.007751 0.050781 0.000024
0.000324 0.971082 0.027724 0.000448 0.000295 0.000127
0.000281 0.001085 0.085227 0.093859 0.805304 0.014244
0.005273 0.005056 0.803205 0.005525 0.137584 0.043357
0.028211 0.000000 0.042821 0.010890 0.013328 0.904750
0.000664 0.059162 0.020883 0.895886 0.000003 0.023403
0.036458 0.004161 0.684749 0.001117 0.271725 0.001790
0.708326 0.070245 0.133670 0.004356 0.083310 0.000093
0.000334 0.970297 0.028587 0.000460 0.000190 0.000131
0.000131 0.986103 0.011192 0.000221 0.002301 0.000051
0.255729 0.274187 0.193776 0.109109 0.159215 0.007983
0.721898 0.064201 0.188995 0.017265 0.003570 0.004070
0.032934 0.004112 0.014725 0.017727 0.915568 0.014933
0.000239 0.977744 0.020391 0.000347 0.001185 0.000093
0.349008 0.194117 0.264454 0.126799 0.054728 0.010894
0.002787 0.022403 0.101382 0.871047 0.002322 0.000059
0.937878 0.020582 0.027798 0.001285 0.012080 0.000378
0.957108 0.012659 0.028368 0.001201 0.000279 0.000386
0.192541 0.077665 0.232781 0.007406 0.489338 0.000268
0.000072 0.990651 0.006186 0.000153 0.002909 0.000028
0.155609 0.467108 0.025616 0.005845 0.343581 0.002241
0.325414 0.380356 0.283907 0.009065 0.000000 0.001258
0.939722 0.019822 0.027852 0.001277 0.010948 0.000379
0.000299 0.973054 0.025554 0.000418 0.000559 0.000117
0.150459 0.005932 0.067269 0.055678 0.652458 0.068204
0.256524 0.123469 0.472044 0.140393 0.007570 0.000000
0.000087 0.989528 0.007423 0.000170 0.002759 0.000034
0.373873 0.017612 0.572234 0.006680 0.024596 0.005005
0.000249 0.976932 0.021285 0.000360 0.001077 0.000097
0.004404 0.000000 0.006685 0.002894 0.844732 0.141286
0.064509 0.858975 0.026066 0.043381 0.004965 0.002104
0.703117 0.182952 0.108857 0.000801 0.001524 0.002749
0.000260 0.976061 0.022244 0.000373 0.000960 0.000102
0.003621 0.000000 0.139491 0.794548 0.006649 0.055691
0.801686 0.041696 0.151287 0.004381 0.000845 0.000105
0.000143 0.985136 0.012256 0.000236 0.002172 0.000056
0.672902 0.132254 0.161920 0.014003 0.016726 0.002194
0.041196 0.003463 0.773725 0.001162 0.178431 0.002023
0.000208 0.980117 0.017780 0.000312 0.001502 0.000081
0.113382 0.172710 0.606355 0.054338 0.032581 0.020635
0.954842 0.013593 0.028301 0.001211 0.001669 0.000385
0.176814 0.000000 0.798640 0.010820 0.003327 0.010400
0.026190 0.000000 0.911185 0.008598 0.054026 0.000002
0.000433 0.117585 0.013624 0.748706 0.104382 0.015270
0.000035 0.993559 0.002987 0.000109 0.003297 0.000014
0.115608 0.765606 0.046714 0.068086 0.000216 0.003771
0.000562 0.084849 0.017691 0.831175 0.045896 0.019827
0.000318 0.971559 0.027199 0.000441 0.000359 0.000125
0.389402 0.353260 0.064100 0.008785 0.178848 0.005606
0.000287 0.154611 0.009023 0.655432 0.170531 0.010116
0.000587 0.078659 0.018460 0.846770 0.034836 0.020689
0.936912 0.020980 0.027769 0.001289 0.012673 0.000378
0.141319 0.663776 0.115108 0.068629 0.008316 0.002852
0.000317 0.971659 0.027088 0.000439 0.000372 0.000124
0.025320 0.000000 0.038433 0.009919 0.114280 0.812047
0.359882 0.487905 0.055719 0.000654 0.094433 0.001407
0.000131 0.986111 0.011183 0.000221 0.002303 0.000051
0.843866 0.059315 0.025012 0.001694 0.069773 0.000340
0.000267 0.975512 0.022848 0.000381 0.000887 0.000105
0.000820 0.000000 0.001245 0.001690 0.969882 0.026363
0.025436 0.000000 0.884964 0.008546 0.081052 0.000001
0.747011 0.000972 0.199166 0.003106 0.043873 0.005872
0.000242 0.977450 0.020715 0.000352 0.001146 0.000095
0.028424 0.000000 0.043144 0.010962 0.005900 0.911572
0.000307 0.000460 0.015395 0.038385 0.934623 0.010829
0.028562 0.000000 0.043354 0.011008 0.001064 0.916012
0.008075 0.000000 0.012257 0.004127 0.716522 0.259019
0.005996 0.000000 0.020039 0.871500 0.000715 0.101750
0.000662 0.059645 0.020823 0.894668 0.000867 0.023336
0.000033 0.993686 0.002846 0.000107 0.003314 0.000013
0.193213 0.120911 0.183008 0.259019 0.003508 0.240341
0.000349 0.969172 0.029826 0.000477 0.000040 0.000137
0.182535 0.092152 -0.000000 0.686775 0.000000 0.038538
0.000298 0.973129 0.025471 0.000417 0.000569 0.000117
0.000000 0.066113 0.813024 0.090486 0.000196 0.030182
0.000168 0.983223 0.014361 0.000265 0.001917 0.000066
0.007185 0.000000 0.926768 0.057674 0.000011 0.008362
0.005736 0.003690 0.002565 0.008944 0.976459 0.002605
0.455827 0.090487 0.394953 0.002755 0.050299 0.005679
0.802456 0.041461 0.151433 0.004381 0.000164 0.000105
0.576360 0.216849 0.150899 0.022395 0.030247 0.003251
0.000100 0.988537 0.008513 0.000185 0.002627 0.000039
0.027485 0.000000 0.041718 0.010646 0.038692 0.881458
0.043691 0.003095 0.820584 0.001186 0.129299 0.002145
0.167517 0.006196 0.074895 0.061187 0.614269 0.075936
0.000656 0.061161 0.020634 0.890848 0.003576 0.023125
0.423997 0.430940 0.065645 0.000682 0.077078 0.001658
0.000664 0.059191 0.020879 0.895812 0.000056 0.023399
0.110114 0.181482 0.588877 0.053475 0.046013 0.020040
0.000208 0.980081 0.017819 0.000312 0.001497 0.000082
0.026987 0.000000 0.938897 0.008654 0.025461 0.000002
0.009357 0.004020 0.754531 0.132278 0.045751 0.054063
0.595758 0.252772 0.098067 0.011380 0.033446 0.008577
0.331176 0.118684 0.475993 0.007733 0.066391 0.000023
0.018079 0.003882 0.008083 0.012930 0.948826 0.008200
0.000331 0.970554 0.028305 0.000456 0.000225 0.000130
0.027480 0.000000 0.041711 0.010645 0.038860 0.881305
0.028592 0.000000 0.043398 0.011018 0.000036 0.916956
0.957553 0.012476 0.028381 0.001199 0.000005 0.000386
0.275500 0.000000 0.308397 0.006324 0.404953 0.004826
0.749329 0.096185 0.086623 0.059869 0.006744 0.001250
0.938848 0.020182 0.027827 0.001280 0.011484 0.000378
0.000208 0.980134 0.017761 0.000311 0.001504 0.000081
0.008832 0.000000 0.013407 0.004381 0.690077 0.283303
0.000211 0.979906 0.018012 0.000315 0.001474 0.000082
0.000218 0.979350 0.018625 0.000323 0.001399 0.000085
0.000346 0.969419 0.029554 0.000473 0.000073 0.000135
0.000584 0.079215 0.018391 0.845367 0.035830 0.020612
0.000644 0.064083 0.020271 0.883488 0.008795 0.022718
0.007615 0.757700 0.194072 0.004127 0.025333 0.011153
0.439048 0.329084 0.072272 0.009409 0.143867 0.006321
0.027514 0.000000 0.953884 0.013567 0.000060 0.004975
0.000231 0.978333 0.019744 0.000339 0.001264 0.000090
0.946117 0.017188 0.028042 0.001249 0.007024 0.000381
0.552582 0.008499 0.324704 0.036407 0.069042 0.008767
0.045499 0.004306 0.020342 0.021784 0.887440 0.020628
0.098506 0.796855 0.039803 0.059817 0.001805 0.003213
0.005848 0.966161 0.002363 0.015020 0.010418 0.000191
0.027672 0.000000 0.042002 0.010709 0.032164 0.887454
0.000114 0.987394 0.009771 0.000202 0.002474 0.000045
0.741141 0.044019 0.194032 0.016586 0.000043 0.004179
0.000663 0.059192 0.020879 0.895810 0.000057 0.023399
0.002322 0.000611 0.116264 0.137434 0.661636 0.081733
0.188646 0.080960 0.000000 0.587862 0.005444 0.137087
0.000058 0.991800 0.004922 0.000135 0.003062 0.000023
0.000280 0.974551 0.023905 0.000396 0.000759 0.000109
0.880240 0.006602 0.104331 0.006704 0.001644 0.000479
0.000288 0.973914 0.024607 0.000405 0.000673 0.000113
0.000051 0.000824 0.015431 0.031908 0.949207 0.002580
0.308582 0.059881 0.373068 0.009415 0.248623 0.000430
0.027453 0.000000 0.951762 0.013714 0.002107 0.004964
0.716806 0.093527 0.172483 0.013925 0.000921 0.002337
0.035829 0.911378 0.014478 0.029515 0.007631 0.001169
0.382921 0.015139 0.586081 0.006661 0.004072 0.005126
0.031505 0.004891 0.591717 0.001070 0.369270 0.001547
0.000345 0.969496 0.029469 0.000472 0.000083 0.000135
0.039045 0.004134 0.710033 0.166439 0.055929 0.024420
0.607756 0.110285 0.214258 0.061179 0.004350 0.002172
0.058029 0.200242 0.552013 0.101333 0.081755 0.006628
0.000241 0.977587 0.020565 0.000350 0.001164 0.000094
0.000212 0.979837 0.018088 0.000316 0.001465 0.000083
0.741192 0.043965 0.194045 0.016585 0.000034 0.004179
0.562747 0.193081 0.193552 0.038842 0.003882 0.007897
0.078359 0.069342 0.745393 0.097716 0.000242 0.008948
0.953758 0.014039 0.028268 0.001215 0.002334 0.000384
0.605005 0.270121 0.093668 0.000759 0.028082 0.002365
0.621838 0.095411 0.219222 0.061050 0.000256 0.002222
0.000051 0.992345 0.004322 0.000127 0.003135 0.000020
0.000106 0.988009 0.009094 0.000193 0.002556 0.000042
0.007066 0.000000 0.911486 0.073113 0.000110 0.008225
0.006928 0.020579 0.341202 0.052965 0.097469 0.480856
0.079947 0.830765 0.032304 0.050845 0.003530 0.002608
0.587794 0.256650 0.096756 0.011280 0.039058 0.008462
0.751777 0.000925 0.200437 0.003091 0.037860 0.005909
0.049894 0.002181 0.937083 0.001245 0.007147 0.002449
0.565985 0.154406 0.199533 0.061561 0.016492 0.002023
0.036705 0.909777 0.014832 0.029939 0.007550 0.001198
0.000590 0.077779 0.018569 0.848985 0.033265 0.020811
0.755072 0.000893 0.201315 0.003081 0.033703 0.005935
0.237241 0.060961 0.063770 0.334999 0.000373 0.302656
0.276317 0.006132 0.480581 0.004472 0.225303 0.007195
0.000143 0.985128 0.012265 0.000236 0.002171 0.000056
0.000663 0.059304 0.020865 0.895526 0.000258 0.023383
0.000951 0.000174 0.964616 0.002380 0.031073 0.000806
0.939312 0.019991 0.027840 0.001278 0.011200 0.000378
0.561608 0.007917 0.330007 0.036362 0.055197 0.008910
0.860205 0.010829 0.101957 0.007196 0.019345 0.000468
0.747311 0.000969 0.199246 0.003105 0.043494 0.005874
0.191596 0.000000 0.663071 0.027326 0.111145 0.006862
0.647899 0.141815 0.169625 0.019873 0.017134 0.003654
0.007743 0.016577 0.381347 0.056201 0.000713 0.537418
0.007568 0.003970 0.965737 0.005975 0.004321 0.012429
0.791927 0.057795 0.091547 0.057183 0.000227 0.001321
0.719314 0.066912 0.188318 0.017356 0.004044 0.004056
0.152220 0.153265 0.000000 0.650919 0.011456 0.032140
0.000147 0.984849 0.012572 0.000240 0.002134 0.000058
0.000042 0.992980 0.003624 0.000118 0.003220 0.000017
0.115825 0.765208 0.046801 0.068191 0.000195 0.003778
0.506859 0.216858 0.178690 0.062101 0.033680 0.001812
0.000171 0.983001 0.014606 0.000268 0.001887 0.000067
0.028492 0.000000 0.043248 0.010985 0.003506 0.913769
0.006373 0.613577 0.282920 0.004249 0.067770 0.025111
0.000235 0.167608 0.007408 0.622690 0.193752 0.008306
0.000655 0.061219 0.020627 0.890703 0.003678 0.023117
0.002493 0.649912 0.110647 0.002147 0.224979 0.009822
0.000223 0.978921 0.019097 0.000330 0.001342 0.000087
0.000154 0.984312 0.013163 0.000248 0.002062 0.000060
0.000618 0.070643 0.019456 0.866961 0.020516 0.021805
0.298208 0.431850 0.260172 0.008617 0.000000 0.001153
0.000284 0.974210 0.024281 0.000401 0.000713 0.000111
0.000252 0.976662 0.021582 0.000364 0.001041 0.000099
0.789980 0.017610 0.112459 0.025330 0.053925 0.000695
0.053016 0.193765 0.572915 0.144795 0.001551 0.033958
0.000606 0.073856 0.019057 0.858869 0.026255 0.021358
0.000097 0.202705 0.003048 0.534273 0.256456 0.003421
0.636670 0.241988 0.098570 0.000773 0.019511 0.002489
0.567492 0.007538 0.333465 0.036332 0.046171 0.009003
0.026995 0.000000 0.939204 0.008654 0.025145 0.000002
0.957486 0.012504 0.028379 0.001199 0.000047 0.000386
0.079787 0.831058 0.032240 0.050768 0.003545 0.002603
0.002883 0.018826 0.104876 0.873345 0.000009 0.000061
0.000047 0.992628 0.004011 0.000123 0.003173 0.000018
0.672702 0.081138 0.126948 0.004346 0.114778 0.000088
0.000336 0.970159 0.028739 0.000462 0.000172 0.000132
0.000596 0.076334 0.018749 0.852627 0.030682 0.021013
0.000498 0.101132 0.015668 0.790156 0.074986 0.017561
0.002879 0.018968 0.104738 0.873254 0.000100 0.000061
0.043247 0.012425 0.913570 0.018426 0.011417 0.000914
0.287295 0.232669 0.460957 0.015337 0.000014 0.003728
0.000000 0.016992 0.013775 0.000000 0.966386 0.002847
0.000305 0.972562 0.026095 0.000426 0.000493 0.000119
0.802162 0.041551 0.151377 0.004381 0.000424 0.000105
0.950427 0.015412 0.028170 0.001230 0.004379 0.000383
0.383101 0.356328 0.063063 0.008706 0.183287 0.005516
0.655542 0.147568 0.157742 0.014034 0.022976 0.002138
0.017364 0.000000 0.026357 0.007247 0.392112 0.556919
0.955221 0.013437 0.028312 0.001209 0.001436 0.000385
0.003274 0.000000 0.010943 0.685143 0.245064 0.055576
0.000237 0.977896 0.020224 0.000345 0.001205 0.000093
0.000616 0.000000 0.000936 0.001622 0.976994 0.019832
0.013369 0.952418 0.005402 0.018656 0.009719 0.000436
0.028162 0.004038 0.012591 0.016186 0.926253 0.012770
0.106066 0.192346 0.567232 0.052407 0.062646 0.019304
0.839953 0.011071 0.119572 0.024493 0.004171 0.000739
0.000650 0.062720 0.020441 0.886923 0.006360 0.022908
0.001316 0.901944 0.094091 0.001790 0.000746 0.000112
0.015752 0.000000 0.023910 0.006706 0.448414 0.505218
0.583504 0.168058 0.200690 0.039229 0.000331 0.008188
0.462641 0.000000 0.517879 0.008898 0.002480 0.008103
0.000000 0.094445 0.775977 0.092310 0.008459 0.028808
0.000060 0.991614 0.005127 0.000138 0.003038 0.000023
0.877648 0.045397 0.026013 0.001547 0.049041 0.000354
0.581283 0.138248 0.204925 0.061421 0.012046 0.002078
0.203018 0.504277 0.235235 0.024599 0.022641 0.010230
0.000043 0.992931 0.003677 0.000118 0.003213 0.000017
0.000290 0.153787 0.009126 0.657507 0.169059 0.010230
0.716179 0.070200 0.187498 0.017466 0.004618 0.004038
0.737489 0.061327 0.139173 0.004364 0.057550 0.000097
0.000014 0.995173 0.001210 0.000085 0.003513 0.000006
0.956725 0.012817 0.028356 0.001203 0.000513 0.000385
0.047456 0.364465 -0.000000 0.527005 0.051044 0.010030
0.114588 0.767470 0.046301 0.067593 0.000311 0.003738
0.007494 0.603087 0.332657 0.004856 0.022381 0.029525
0.635235 0.092595 0.119878 0.004336 0.147872 0.000083
0.225827 0.031673 0.711642 0.013392 0.005166 0.012300
0.047452 0.235793 0.512790 0.136075 0.037496 0.030395
0.624760 0.095798 0.117901 0.004334 0.157125 0.000082
0.914126 0.030368 0.027094 0.001388 0.026655 0.000368
0.000950 0.000177 0.963175 0.002386 0.032509 0.000804
0.689959 0.097701 0.180635 0.018391 0.009424 0.003890
0.736172 0.061730 0.138925 0.004363 0.058713 0.000096
0.000658 0.060527 0.020713 0.892447 0.002442 0.023213
0.654280 0.086771 0.123472 0.004342 0.131049 0.000086
0.718141 0.092349 0.172805 0.013923 0.000440 0.002342
0.000029 0.994003 0.002497 0.000102 0.003357 0.000011
0.007413 0.000000 0.011253 0.003905 0.739628 0.237801
0.000664 0.059167 0.020882 0.895872 0.000013 0.023402
0.000306 0.972474 0.026192 0.000427 0.000481 0.000120
0.956728 0.012816 0.028356 0.001203 0.000512 0.000385
0.275282 0.264316 0.441684 0.015109 0.000037 0.003572
0.203470 0.092048 0.192724 0.257889 0.000776 0.253093
0.002698 0.217286 0.017652 0.498614 0.259958 0.003791
0.005520 0.004398 0.840714 0.005534 0.098454 0.045380
0.011058 0.679465 0.281837 0.005474 0.005968 0.016196
0.214952 0.000000 0.626897 0.097270 0.000025 0.060856
0.000175 0.982656 0.014986 0.000273 0.001841 0.000069
0.000000 0.043177 0.863466 0.000000 0.079829 0.013528
0.948821 0.016074 0.028122 0.001237 0.005364 0.000382
0.957551 0.012477 0.028381 0.001199 0.000006 0.000386
0.499607 0.053011 0.432882 0.002671 0.005606 0.006223
0.095782 0.801831 0.038703 0.058501 0.002058 0.003124
0.527855 0.194682 0.186091 0.061909 0.027577 0.001887
0.039309 0.020723 0.830388 0.018867 0.089882 0.000831
0.000165 0.983456 0.014105 0.000261 0.001948 0.000065
0.000165 0.983439 0.014123 0.000262 0.001946 0.000065
0.182528 0.092166 0.000000 0.686767 0.000003 0.038537
0.697805 0.187671 0.108035 0.000799 0.002962 0.002728
0.590839 0.255167 0.097257 0.011318 0.036912 0.008506
0.006357 0.000000 0.009649 0.003550 0.776530 0.203915
0.077176 0.161289 0.421705 0.046391 0.290501 0.002937
0.000063 0.991389 0.005374 0.000142 0.003007 0.000025
0.000241 0.977535 0.020622 0.000351 0.001157 0.000094
0.000247 0.977055 0.021150 0.000358 0.001093 0.000097
0.275403 0.044521 0.421530 0.006889 0.247969 0.003688
0.952803 0.014433 0.028240 0.001220 0.002920 0.000384
0.000630 0.067768 0.019813 0.874205 0.015379 0.022205
0.493976 0.057831 0.428004 0.002682 0.011354 0.006153
0.083260 0.824711 0.033643 0.052447 0.003222 0.002716
0.023135 0.000000 0.035116 0.009185 0.190605 0.741959
0.788143 0.045838 0.148732 0.004377 0.012807 0.000103
0.722923 0.001207 0.192745 0.003179 0.074264 0.005683
0.000015 0.995119 0.001270 0.000085 0.003506 0.000006
0.000661 0.059908 0.020790 0.894006 0.001336 0.023299
0.000216 0.979476 0.018485 0.000321 0.001416 0.000085
0.000617 0.070886 0.019426 0.866350 0.020950 0.021771
0.376726 0.071164 0.541457 0.007806 0.002820 0.000027
0.235930 0.063183 0.063417 0.335104 0.001381 0.300985
0.000297 0.973234 0.025355 0.000415 0.000583 0.000116
0.195377 0.000000 0.676157 0.027546 0.093923 0.006998
0.059768 0.824683 0.048684 0.039447 0.026211 0.001207
0.000610 0.072807 0.019187 0.861512 0.024381 0.021504
0.000939 0.000200 0.952183 0.002431 0.043451 0.000795
0.505076 0.048329 0.437621 0.002660 0.000022 0.006292
0.160669 0.014497 -0.000000 0.751749 0.008532 0.064553
0.868605 0.009057 0.102953 0.006989 0.011924 0.000473
0.000066 0.991144 0.005644 0.000145 0.002975 0.000026
0.044242 0.260043 0.478096 0.131043 0.058236 0.028339
0.007407 0.018228 0.364790 0.054866 0.040618 0.514090
0.000548 0.088330 0.017259 0.822405 0.052115 0.019343
0.000085 0.989658 0.007280 0.000168 0.002776 0.000033
0.952569 0.014529 0.028233 0.001221 0.003064 0.000384
0.170687 0.605830 0.139028 0.079138 0.001871 0.003445
0.000252 0.976729 0.021509 0.000363 0.001049 0.000098
0.689016 0.076149 0.130026 0.004351 0.100367 0.000090
0.675705 0.049755 0.080095 0.011725 0.182352 0.000368
0.000241 0.977545 0.020610 0.000350 0.001158 0.000094
0.041458 0.003775 0.753911 0.172847 0.002080 0.025929
0.000557 0.086150 0.017529 0.827897 0.048220 0.019646
0.612234 0.263698 0.094787 0.000762 0.026125 0.002393
0.881747 0.006284 0.104510 0.006667 0.000313 0.000480
0.004164 0.000000 0.006321 0.002813 0.853099 0.133603
0.626863 0.237625 0.103187 0.011771 0.011529 0.009024
0.143866 0.658751 0.117182 0.069540 0.007757 0.002904
0.000048 0.992557 0.004089 0.000124 0.003164 0.000019
0.000236 0.977955 0.020159 0.000344 0.001213 0.000092
0.000257 0.976329 0.021949 0.000369 0.000996 0.000100
0.957048 0.012684 0.028366 0.001201 0.000315 0.000386
0.000664 0.059162 0.020883 0.895885 0.000004 0.023403
0.734580 0.109477 0.084919 0.060799 0.009000 0.001225
0.618934 0.241486 0.101882 0.011672 0.017116 0.008910
0.000173 0.982819 0.014807 0.000271 0.001863 0.000068
0.377785 0.070060 0.542979 0.007807 0.001343 0.000027
0.001300 0.077778 0.047293 0.835472 0.038129 0.000028
0.006582 0.136295 0.043067 0.708406 0.096404 0.009246
0.499804 0.101664 0.338607 0.033566 0.018871 0.007488
0.000205 0.980345 0.017529 0.000308 0.001532 0.000080
0.030077 0.005465 0.546950 0.142623 0.256072 0.018812
0.939385 0.019961 0.027842 0.001278 0.011155 0.000379
0.028490 0.000000 0.043245 0.010984 0.003566 0.913714
0.567645 0.007528 0.333554 0.036331 0.045936 0.009006
0.180268 0.096721 0.000000 0.684094 0.000857 0.038060
0.175834 0.105661 0.000000 0.678849 0.002533 0.037124
0.001212 0.000000 0.001840 0.001822 0.956186 0.038940
0.000343 0.969663 0.029285 0.000469 0.000106 0.000134
0.246705 0.146047 0.453976 0.142797 0.010475 0.000000
0.000607 0.073487 0.019103 0.859798 0.025596 0.021409
0.956213 0.013028 0.028341 0.001205 0.000828 0.000385
0.517914 0.268968 0.124628 0.014279 0.072522 0.001689
0.000218 0.979344 0.018631 0.000323 0.001399 0.000085
0.000349 0.969190 0.029806 0.000476 0.000043 0.000136
0.007387 0.604088 0.327912 0.004798 0.026712 0.029104
0.016400 0.000000 0.024893 0.006923 0.425796 0.525988
0.001452 0.199316 0.000000 0.088618 0.365237 0.345377
0.686794 0.197454 0.106330 0.000794 0.005943 0.002685
0.718378 0.092141 0.172861 0.013922 0.000355 0.002343
0.000162 0.983710 0.013826 0.000257 0.001982 0.000063
0.000210 0.979986 0.017925 0.000314 0.001484 0.000082
0.000306 0.972488 0.026176 0.000427 0.000483 0.000120
0.711839 0.074752 0.186362 0.017619 0.005414 0.004014
0.007138 0.000000 0.920754 0.063749 0.000050 0.008308
0.122631 0.005501 0.054827 0.046692 0.714759 0.055590
0.000344 0.140090 0.010828 0.692014 0.144588 0.012137
0.027363 0.000000 0.948647 0.013929 0.005113 0.004947
0.000159 0.983898 0.013619 0.000255 0.002007 0.000062
0.000611 0.072564 0.019217 0.862123 0.023947 0.021537
0.000077 0.990325 0.006545 0.000158 0.002865 0.000030
0.000114 0.987442 0.009719 0.000201 0.002480 0.000044
0.502362 0.298252 0.082694 0.010206 0.099255 0.007232
0.097624 0.005114 0.043647 0.038617 0.770743 0.044256
0.003170 0.766637 0.226568 0.002958 0.000398 0.000270
0.000278 0.974680 0.023764 0.000394 0.000776 0.000109
0.087176 0.817556 0.035225 0.054340 0.002858 0.002844
0.043252 0.012416 0.913667 0.018426 0.011326 0.000914
0.444980 0.139398 0.301466 0.032445 0.075044 0.006667
0.019405 0.050896 0.690654 0.238342 0.000000 0.000702
0.949122 0.015950 0.028131 0.001236 0.005179 0.000382
0.000374 0.132426 0.011780 0.711320 0.130896 0.013204
0.000094 0.988975 0.008031 0.000178 0.002685 0.000037
0.000645 0.063933 0.020290 0.883867 0.008527 0.022739
0.000661 0.059805 0.020803 0.894264 0.001153 0.023314
0.621463 0.095807 0.219090 0.061054 0.000365 0.002221
0.129792 0.686519 0.105719 0.064504 0.010845 0.002620
0.002258 0.000606 0.113079 0.134306 0.670256 0.079494
0.000201 0.980685 0.017154 0.000303 0.001578 0.000079
0.004866 0.820135 0.124030 0.003052 0.040788 0.007129
0.004121 0.000000 0.013771 0.743088 0.169088 0.069933
0.957193 0.012624 0.028370 0.001200 0.000226 0.000386
0.016364 0.003855 0.007317 0.012376 0.952666 0.007422
0.092419 0.177612 0.561303 0.144191 0.007151 0.017325
0.000326 0.970941 0.027878 0.000450 0.000276 0.000128
0.936835 0.021012 0.027767 0.001289 0.012719 0.000377
0.329290 0.008701 0.147222 0.113427 0.252096 0.149264
0.247107 0.338543 0.396478 0.014575 0.000090 0.003207
0.000010 0.995481 0.000871 0.000080 0.003554 0.000004
0.000555 0.086560 0.017478 0.826864 0.048953 0.019589
0.000658 0.060504 0.020716 0.892503 0.002402 0.023216
0.014612 0.000000 0.022180 0.006323 0.488222 0.468663
0.332268 0.208486 0.251770 0.123624 0.073479 0.010372
0.099877 0.208957 0.534134 0.050773 0.088082 0.018177
0.278200 0.201771 0.052505 0.004241 0.463246 0.000036
0.020398 0.006903 0.370936 0.116919 0.472085 0.012760
0.006948 0.000956 0.347916 0.364906 0.034708 0.244567
0.000045 0.992777 0.003847 0.000121 0.003193 0.000018
0.000037 0.993390 0.003172 0.000111 0.003275 0.000015
0.031881 0.004095 0.014254 0.017387 0.917927 0.014456
0.000350 0.969107 0.029897 0.000478 0.000031 0.000137
0.000146 0.984948 0.012463 0.000239 0.002147 0.000057
0.000241 0.166198 0.007584 0.626243 0.191232 0.008503
0.880301 0.006589 0.104339 0.006702 0.001590 0.000479
0.158420 0.015216 -0.000000 0.748352 0.014362 0.063649
0.000373 0.132718 0.011743 0.710584 0.131418 0.013163
0.003312 0.000000 0.127573 0.800581 0.017597 0.050936
0.000023 0.994459 0.001995 0.000095 0.003418 0.000009
0.026201 0.000000 0.911584 0.008599 0.053614 0.000002
0.000170 0.983098 0.014500 0.000267 0.001900 0.000066
0.002652 0.027420 0.096482 0.867824 0.005566 0.000056
0.000045 0.992807 0.003814 0.000120 0.003197 0.000017
0.946834 0.016892 0.028063 0.001246 0.006583 0.000382
0.310351 0.191940 0.058572 0.004250 0.434847 0.000041
0.000346 0.969384 0.029593 0.000474 0.000068 0.000135
0.004445 0.569102 0.418590 0.004495 0.001898 0.001471
0.159347 0.138898 -0.000000 0.659349 0.008763 0.033644
0.224091 0.072830 0.270923 0.007952 0.423892 0.000312
0.955066 0.013500 0.028307 0.001210 0.001531 0.000385
0.711557 0.098158 0.171220 0.013935 0.002811 0.002320
0.000287 0.973959 0.024557 0.000405 0.000680 0.000112
0.000259 0.976192 0.022099 0.000371 0.000978 0.000101
0.003082 0.000667 0.154337 0.174820 0.558599 0.108495
0.955805 0.013196 0.028329 0.001207 0.001078 0.000385
0.000221 0.979114 0.018884 0.000327 0.001368 0.000086
0.334050 0.022592 0.196301 0.037503 0.404252 0.005302
0.000215 0.979540 0.018415 0.000320 0.001425 0.000084
0.000482 0.105119 0.015173 0.780112 0.082109 0.017006
0.001225 0.002156 0.371870 0.348285 0.214317 0.062147
0.210164 0.495233 0.243515 0.025260 0.015239 0.010590
0.000319 0.971519 0.027243 0.000441 0.000354 0.000125
0.000641 0.064783 0.020184 0.881725 0.010046 0.022621
0.029847 0.004064 0.013345 0.016730 0.922480 0.013534
0.003347 0.000000 0.128927 0.799896 0.016354 0.051476
0.004012 0.607183 0.377830 0.004166 0.005482 0.001327
0.083967 0.000000 0.910420 0.003734 0.001242 0.000638
0.954298 0.013817 0.028284 0.001213 0.002003 0.000385
0.479322 0.070375 0.415308 0.002710 0.026314 0.005971
0.000034 0.993606 0.002935 0.000108 0.003304 0.000013
0.028428 0.000000 0.043150 0.010963 0.005746 0.911712
0.180486 0.454994 0.029711 0.006157 0.326053 0.002599
0.562451 0.264603 0.065022 0.071653 0.035333 0.000938
0.622432 0.094784 0.219431 0.061045 0.000084 0.002225
0.000240 0.977616 0.020532 0.000349 0.001168 0.000094
0.049825 0.162785 0.723427 0.015323 0.039916 0.008726
0.024259 0.000000 0.036823 0.009563 0.151327 0.778028
0.785107 0.046766 0.148159 0.004376 0.015489 0.000103
0.000136 0.985738 0.011594 0.000227 0.002253 0.000053
0.000421 0.001244 0.127798 0.131645 0.717534 0.021358
0.957285 0.012586 0.028373 0.001200 0.000170 0.000386
0.110782 0.054905 0.688040 0.126205 0.000547 0.019520
0.000243 0.977414 0.020755 0.000352 0.001141 0.000095
0.049183 0.886979 0.019873 0.035971 0.006390 0.001605
0.000272 0.975134 0.023264 0.000387 0.000836 0.000106
0.381885 0.015422 0.584495 0.006663 0.006423 0.005112
0.000252 0.976702 0.021538 0.000363 0.001046 0.000099
0.155763 0.066155 0.651994 0.018724 0.083595 0.023768
0.000300 0.972964 0.025653 0.000420 0.000547 0.000117
0.088549 0.815049 0.035780 0.055003 0.002731 0.002889
0.946938 0.016849 0.028066 0.001245 0.006519 0.000382
0.000341 0.969782 0.029154 0.000468 0.000122 0.000133
0.026508 0.000000 0.922256 0.008620 0.042614 0.000002
0.715615 0.070792 0.187350 0.017486 0.004722 0.004035
0.956275 0.013002 0.028343 0.001204 0.000790 0.000385
0.000664 0.059170 0.020882 0.895864 0.000019 0.023402
0.955698 0.013240 0.028326 0.001207 0.001144 0.000385
0.006951 0.608174 0.308538 0.004562 0.044392 0.027384
0.206961 0.047187 0.652193 0.013371 0.069014 0.011273
0.151213 0.071454 0.632947 0.018620 0.102692 0.023074
0.764397 0.053099 0.144251 0.004371 0.033782 0.000100
0.474290 0.074683 0.410948 0.002720 0.031451 0.005908
0.935076 0.021736 0.027715 0.001297 0.013799 0.000377
0.000205 0.980373 0.017498 0.000308 0.001536 0.000080
0.031063 0.004083 0.013888 0.017123 0.919758 0.014085
0.745267 0.099846 0.086154 0.060125 0.007365 0.001243
0.205055 0.048754 0.646188 0.013369 0.075464 0.011170
0.000554 0.087026 0.017421 0.825690 0.049786 0.019524
0.371582 0.000000 0.563467 0.014051 0.001437 0.049463
0.487448 0.305515 0.080239 0.010018 0.109763 0.007018
0.009261 0.000000 0.014058 0.004525 0.675095 0.297060
0.165683 0.054605 0.693514 0.018950 0.041967 0.025281
0.155502 0.016149 0.000000 0.743943 0.021928 0.062477
0.011340 0.673064 0.289019 0.005585 0.004384 0.016609
0.954842 0.013593 0.028301 0.001211 0.001669 0.000385
0.274617 0.006173 0.477623 0.004458 0.229978 0.007151
0.000351 0.968972 0.030045 0.000480 0.000013 0.000138
0.000199 0.980794 0.017035 0.000301 0.001592 0.000078
0.000232 0.978231 0.019855 0.000340 0.001250 0.000091
0.565611 0.154801 0.199401 0.061564 0.016601 0.002022
0.344397 0.000000 0.522245 0.013540 0.073974 0.045845
0.308515 0.412340 0.269164 0.008787 0.000000 0.001193
0.000051 0.992295 0.004378 0.000128 0.003128 0.000020
0.934882 0.021816 0.027709 0.001298 0.013918 0.000377
0.008227 0.743789 0.209677 0.004367 0.021890 0.012050
0.000954 0.000169 0.966948 0.002370 0.028752 0.000808
0.000042 0.993038 0.003560 0.000117 0.003228 0.000016
0.000234 0.978079 0.020023 0.000342 0.001230 0.000092
0.877053 0.007274 0.103954 0.006782 0.004460 0.000477
0.265035 0.494638 0.231231 0.008071 0.000000 0.001025
0.514206 0.000000 0.402292 0.007489 0.067880 0.008133
0.616791 0.100742 0.217442 0.061097 0.001724 0.002204
0.943926 0.018090 0.027977 0.001258 0.008368 0.000380
0.000350 0.969060 0.029949 0.000478 0.000025 0.000137
0.000152 0.984503 0.012953 0.000245 0.002088 0.000059
0.575995 0.177110 0.198108 0.039089 0.001615 0.008083
0.002883 0.018816 0.104886 0.873351 0.000002 0.000061
0.000276 0.974842 0.023586 0.000391 0.000797 0.000108
0.089932 0.812522 0.036339 0.055672 0.002602 0.002934
0.000651 0.062322 0.020490 0.887925 0.005649 0.022963
0.000637 0.065953 0.020039 0.878777 0.012137 0.022458
0.781747 0.000633 0.208427 0.003000 0.000048 0.006145
0.957371 0.012551 0.028375 0.001200 0.000117 0.000386
0.735193 0.050257 0.192475 0.016796 0.001133 0.004145
0.050181 0.159833 0.728601 0.015357 0.037241 0.008788
0.000330 0.970649 0.028200 0.000454 0.000237 0.000129
0.000234 0.000455 0.011724 0.034780 0.944559 0.008248
0.474692 0.074338 0.411297 0.002719 0.031041 0.005913
0.462174 0.317822 0.076078 0.009700 0.127571 0.006654
0.084045 0.000000 0.911259 0.003550 0.000509 0.000638
0.001730 0.657048 0.076814 0.001734 0.255854 0.006819
0.009315 0.004058 0.751139 0.131978 0.049689 0.053820
0.892809 0.039150 0.026462 0.001481 0.039738 0.000360
0.000626 0.068672 0.019701 0.871928 0.016994 0.022079
0.011023 0.289989 0.587954 0.007199 0.097588 0.006247
0.936522 0.021141 0.027758 0.001291 0.012912 0.000377
0.701656 0.106891 0.168838 0.013952 0.006375 0.002288
0.212446 0.102974 0.057105 0.336988 0.019445 0.271042
0.000290 0.973709 0.024833 0.000408 0.000646 0.000114
0.954128 0.013887 0.028279 0.001214 0.002108 0.000384
0.000017 0.994914 0.001495 0.000088 0.003478 0.000007
0.689253 0.117831 0.165854 0.013974 0.010840 0.002248
0.015941 0.109350 0.850214 0.007131 0.008334 0.009031
0.046987 0.002610 0.882490 0.001218 0.064389 0.002307
0.000663 0.059194 0.020879 0.895806 0.000060 0.023399
0.000560 0.085491 0.017611 0.829556 0.047044 0.019738
0.160258 0.060922 0.670805 0.018827 0.064735 0.024453
0.713261 0.068736 0.134602 0.004357 0.078952 0.000093
0.358811 0.052183 0.433791 0.010284 0.144429 0.000500
0.415068 0.159919 0.078332 0.004278 0.342349 0.000054
0.078090 0.834159 0.031554 0.049947 0.003703 0.002547
0.002702 0.722418 0.254488 0.003172 0.016326 0.000894
0.000661 0.059755 0.020809 0.894391 0.001063 0.023321
0.001010 0.000000 0.001534 0.001754 0.963235 0.032466
0.005240 0.000000 0.007954 0.003175 0.815535 0.168096
0.000162 0.983702 0.013834 0.000258 0.001981 0.000063
0.000166 0.983360 0.014211 0.000263 0.001935 0.000065
0.101576 0.204397 0.543221 0.051221 0.081098 0.018487
0.075552 0.838796 0.030528 0.048720 0.003939 0.002465
0.000040 0.993182 0.003402 0.000115 0.003247 0.000016
0.001097 0.000519 0.054942 0.077219 0.827594 0.038628
0.492965 0.058696 0.427128 0.002684 0.012386 0.006141
0.000026 0.994243 0.002233 0.000099 0.003389 0.000010
0.173209 0.110952 0.000000 0.675744 0.003524 0.036570
0.000275 0.000000 0.000919 0.479769 0.514348 0.004690
0.000072 0.990644 0.006194 0.000153 0.002908 0.000028
0.048427 0.002397 0.909538 0.001231 0.036028 0.002377
0.005480 0.000000 0.008318 0.003255 0.807158 0.175790
0.106749 0.077146 0.662992 0.129670 0.004633 0.018810
0.027460 0.000000 0.955382 0.008687 0.008470 0.000002
0.000714 0.000491 0.035778 0.058400 0.879461 0.025156
0.315414 0.058834 0.381327 0.009533 0.234452 0.000440
0.165637 0.615794 0.134915 0.077331 0.002979 0.003343
0.007702 0.016781 0.379306 0.056036 0.005632 0.534543
0.017361 0.000000 0.026352 0.007246 0.392225 0.556815
0.000244 0.977314 0.020865 0.000354 0.001128 0.000096
0.009238 0.000000 0.014023 0.004518 0.675897 0.296324
0.000101 0.988395 0.008669 0.000187 0.002608 0.000040
0.000006 0.995820 0.000497 0.000075 0.003599 0.000002
0.523576 0.287922 0.086186 0.010472 0.084306 0.007538
0.000257 0.976343 0.021934 0.000369 0.000998 0.000100
0.000022 0.994542 0.001905 0.000094 0.003429 0.000009
0.000159 0.187010 0.004998 0.573813 0.228415 0.005606
0.019176 0.055955 0.682506 0.241670 0.000000 0.000694
0.000254 0.976576 0.021677 0.000365 0.001029 0.000099
0.942481 0.018686 0.027934 0.001265 0.009255 0.000380
0.834241 0.011819 0.118759 0.024589 0.009858 0.000734
0.571435 0.148649 0.201454 0.061511 0.014908 0.002042
0.000298 0.973149 0.025449 0.000417 0.000571 0.000116
0.000345 0.969451 0.029519 0.000473 0.000077 0.000135
0.000037 0.993433 0.003125 0.000111 0.003280 0.000014
0.743467 0.059499 0.140302 0.004365 0.052270 0.000097
0.117549 0.762060 0.047498 0.069024 0.000035 0.003834
0.503813 0.049411 0.436526 0.002663 0.001312 0.006276
0.107883 0.070891 0.670036 0.128696 0.003484 0.019010
0.011937 0.010267 0.780838 0.143061 0.013926 0.039971
0.000640 0.065146 0.020139 0.880809 0.010695 0.022570
0.000358 0.136466 0.011278 0.701143 0.138113 0.012642
0.000527 0.093731 0.016587 0.808799 0.061764 0.018591
0.942613 0.018631 0.027938 0.001264 0.009174 0.000380
0.164034 0.129449 0.000000 0.664892 0.006992 0.034633
0.000219 0.171890 0.006877 0.611904 0.201401 0.007710
0.353744 0.000000 0.536419 0.013716 0.049032 0.047089
0.000107 0.987968 0.009139 0.000193 0.002551 0.000042
0.037473 0.311173 0.404950 0.120435 0.101965 0.024004
0.000044 0.992845 0.003772 0.000120 0.003202 0.000017
0.000299 0.973019 0.025592 0.000419 0.000554 0.000117
0.493445 0.276628 0.169717 0.037550 0.015736 0.006925
0.002874 0.019175 0.104535 0.873121 0.000234 0.000061
0.220277 0.579354 0.192183 0.007334 0.000000 0.000852
0.351804 0.021603 0.567092 0.005763 0.048649 0.005089
0.000551 0.087604 0.017349 0.824235 0.050818 0.019444
0.772972 0.000719 0.206087 0.003027 0.011119 0.006076
0.000663 0.059368 0.020857 0.895367 0.000371 0.023374
0.074742 0.092630 0.710989 0.098359 0.014744 0.008536
0.674213 0.131098 0.162235 0.014001 0.016254 0.002199
0.819086 0.013802 0.116602 0.024843 0.024947 0.000721
0.000378 0.131461 0.011900 0.713751 0.129172 0.013338
0.010271 0.000000 0.015590 0.004864 0.639840 0.329434
0.564044 0.268216 0.092847 0.010981 0.055793 0.008120
0.953534 0.014132 0.028262 0.001216 0.002472 0.000384
0.000133 0.985907 0.011408 0.000224 0.002275 0.000052
0.103737 0.198597 0.554776 0.051792 0.072218 0.018880
0.929245 0.024139 0.027542 0.001322 0.017377 0.000374
0.156419 0.633983 0.127407 0.074032 0.005002 0.003157
0.206382 0.083856 0.195481 0.257569 0.000000 0.256712
0.017425 0.000000 0.026449 0.007267 0.390005 0.558854
0.000110 0.987761 0.009368 0.000196 0.002523 0.000043
0.114292 0.768010 0.046182 0.067450 0.000338 0.003728
0.363052 0.009224 0.162317 0.124329 0.176511 0.164567
