0.000184 0.981931 0.015784 0.000284 0.001744 0.000072
0.006112 0.616790 0.271690 0.004112 0.077150 0.024146
0.875588 0.007595 0.103922 0.006827 0.005590 0.000478
0.760933 0.085642 0.088085 0.059155 0.004913 0.001272
0.000298 0.973133 0.025491 0.000417 0.000544 0.000117
0.000200 0.980724 0.017116 0.000302 0.001580 0.000078
0.141053 0.175989 -0.000000 0.637344 0.015749 0.029864
0.860286 0.010798 0.102107 0.007193 0.019147 0.000469
0.000019 0.994747 0.001644 0.000090 0.003493 0.000008
0.002826 0.020783 0.102957 0.872181 0.001193 0.000060
0.028507 0.000000 0.043329 0.011019 0.000432 0.916712
0.175925 0.105104 0.000000 0.679405 0.002323 0.037243
0.957341 0.012624 0.028413 0.001203 0.000032 0.000387
0.942527 0.018690 0.027974 0.001265 0.009163 0.000381
0.000659 0.060091 0.020777 0.894243 0.000914 0.023316
0.705632 0.071048 0.133345 0.004354 0.085528 0.000093
0.000660 0.059949 0.020795 0.894604 0.000657 0.023336
0.043843 0.262822 0.474437 0.130439 0.060300 0.028159
0.000237 0.977826 0.020313 0.000346 0.001184 0.000093
0.111064 0.052617 0.690737 0.125915 0.000045 0.019623
0.028278 0.000000 0.042981 0.010942 0.008466 0.909334
0.000262 0.975921 0.022415 0.000375 0.000924 0.000103
0.002855 0.019689 0.104013 0.872904 0.000478 0.000061
0.740111 0.044912 0.194028 0.016638 0.000125 0.004184
0.203615 0.117659 0.054807 0.337266 0.026170 0.260483
0.002584 0.029921 0.094139 0.866143 0.007158 0.000055
0.957170 0.012694 0.028408 0.001203 0.000137 0.000387
0.051037 0.338895 0.273326 0.037672 0.289753 0.009316
0.000640 0.065041 0.020165 0.881667 0.009859 0.022629
0.957366 0.012614 0.028414 0.001202 0.000016 0.000387
0.000934 0.328953 0.152068 0.016874 0.474923 0.026248
0.000349 0.969187 0.029845 0.000477 0.000005 0.000137
0.045017 0.002899 0.846653 0.001199 0.102015 0.002216
0.000275 0.974918 0.023522 0.000390 0.000787 0.000108
0.357351 0.004217 0.622367 0.005160 0.001576 0.009330
0.003582 0.000000 0.005445 0.002593 0.873123 0.115256
0.000262 0.975879 0.022462 0.000376 0.000918 0.000103
0.936465 0.021172 0.027794 0.001291 0.012899 0.000378
0.000318 0.971564 0.027223 0.000441 0.000330 0.000125
0.000244 0.977297 0.020897 0.000354 0.001112 0.000096
0.957278 0.012650 0.028412 0.001203 0.000071 0.000387
0.000658 0.060348 0.020745 0.893589 0.001379 0.023280
0.283168 0.529778 0.097531 0.033454 0.052082 0.003986
0.638124 0.233127 0.105185 0.011938 0.002415 0.009211
0.047037 0.890894 0.019033 0.034880 0.006618 0.001539
0.028517 0.000000 0.043344 0.011023 0.000093 0.917023
0.105158 0.784624 0.042549 0.063113 0.001116 0.003440
0.513056 0.351561 0.079542 0.000719 0.053111 0.002011
0.103694 0.787300 0.041957 0.062402 0.001255 0.003392
0.111104 0.052392 0.690989 0.125881 0.000003 0.019630
0.000270 0.975259 0.023146 0.000385 0.000834 0.000106
0.000316 0.971743 0.027025 0.000438 0.000354 0.000124
0.000050 0.992357 0.004281 0.000126 0.003167 0.000020
0.000250 0.976825 0.021418 0.000361 0.001047 0.000098
0.000242 0.977495 0.020678 0.000351 0.001139 0.000095
0.641516 0.231493 0.105744 0.011982 0.000005 0.009260
0.000219 0.001012 0.066469 0.076954 0.844222 0.011124
0.028307 0.000000 0.043026 0.010952 0.007423 0.910292
0.754396 0.056274 0.142559 0.004373 0.042299 0.000099
0.000073 0.990535 0.006291 0.000154 0.002918 0.000029
0.000322 0.971241 0.027578 0.000446 0.000286 0.000126
0.008674 0.004648 0.700364 0.127508 0.108557 0.050249
0.827441 0.012758 0.117953 0.024746 0.016372 0.000730
0.000239 0.977699 0.020453 0.000348 0.001167 0.000094
0.881798 0.006295 0.104659 0.006679 0.000088 0.000481
0.000184 0.981987 0.015723 0.000283 0.001752 0.000072
0.954363 0.013843 0.028325 0.001215 0.001867 0.000386
0.005234 0.615416 0.374636 0.004264 0.000003 0.000447
0.008612 0.093933 0.056427 0.819173 0.009724 0.012130
0.262330 0.297218 0.007791 0.004155 0.428400 0.000107
0.273499 0.478287 0.238942 0.008211 0.000000 0.001061
0.000012 0.995325 0.001006 0.000081 0.003572 0.000005
0.648021 0.154086 0.156147 0.014045 0.025583 0.002119
0.000387 0.129441 0.012195 0.718066 0.126224 0.013688
0.366476 0.364783 0.129380 0.063044 0.075003 0.001314
0.707253 0.179511 0.109648 0.000804 0.000011 0.002772
0.956146 0.013113 0.028378 0.001208 0.000768 0.000386
0.634901 0.234679 0.104654 0.011897 0.004704 0.009165
0.174590 0.598057 0.142402 0.080654 0.000764 0.003533
0.878956 0.006890 0.104322 0.006747 0.002606 0.000480
0.000349 0.969181 0.029851 0.000477 0.000005 0.000137
0.000291 0.973677 0.024891 0.000409 0.000618 0.000114
0.621400 0.095753 0.219368 0.061139 0.000114 0.002227
0.288058 0.005852 0.501687 0.004571 0.192311 0.007521
0.006790 0.000952 0.340482 0.358148 0.053969 0.239658
0.027137 0.000000 0.942089 0.014384 0.011470 0.004920
0.000211 0.979881 0.018046 0.000315 0.001464 0.000083
0.686526 0.197875 0.106435 0.000795 0.005678 0.002691
0.000661 0.059768 0.020817 0.895063 0.000330 0.023361
0.000074 0.990519 0.006309 0.000154 0.002916 0.000029
0.000642 0.064413 0.020242 0.883263 0.008724 0.022716
0.586083 0.006361 0.344861 0.036305 0.017068 0.009323
0.307142 0.005401 0.534923 0.004733 0.139782 0.008019
0.586271 0.132825 0.206967 0.061401 0.010434 0.002101
0.028125 0.000000 0.042749 0.010890 0.013812 0.904425
0.869614 0.008845 0.103214 0.006970 0.010883 0.000474
0.028518 0.000000 0.043347 0.011023 0.000029 0.917082
0.003006 0.228693 0.489588 0.030264 0.163978 0.084470
0.000148 0.984751 0.012673 0.000241 0.002129 0.000058
0.478635 0.116304 0.324710 0.033163 0.039998 0.007190
0.789675 0.017654 0.112570 0.025340 0.054064 0.000697
0.000227 0.978624 0.019433 0.000334 0.001293 0.000089
0.744165 0.059373 0.140626 0.004369 0.051368 0.000098
0.000159 0.983870 0.013645 0.000255 0.002009 0.000063
0.441129 0.010539 0.197494 0.149986 0.000354 0.200497
0.071109 0.044305 0.710893 0.000000 0.115233 0.058460
0.000301 0.972902 0.025747 0.000421 0.000512 0.000118
0.000322 0.145942 0.010153 0.676148 0.156039 0.011397
0.036490 0.026495 0.771891 0.019118 0.145233 0.000773
0.000159 0.983874 0.013640 0.000254 0.002009 0.000063
0.028141 0.000000 0.042773 0.010895 0.013262 0.904930
0.000318 0.971602 0.027180 0.000441 0.000335 0.000125
0.028513 0.000000 0.043338 0.011021 0.000236 0.916892
0.000067 0.000837 0.020487 0.036031 0.939148 0.003430
0.000058 0.991745 0.004956 0.000135 0.003083 0.000023
0.000653 0.061712 0.020577 0.890125 0.003843 0.023091
0.341929 0.107269 0.492122 0.007749 0.050907 0.000024
0.000324 0.971101 0.027733 0.000448 0.000267 0.000127
0.000285 0.001088 0.086551 0.094827 0.802766 0.014485
0.005274 0.005030 0.804382 0.005516 0.136321 0.043478
0.028203 0.000000 0.042867 0.010917 0.011085 0.906928
0.000661 0.059587 0.020840 0.895524 0.000003 0.023386
0.036436 0.004146 0.685270 0.001114 0.271240 0.001794
0.708610 0.070146 0.133908 0.004355 0.082888 0.000093
0.000333 0.970393 0.028514 0.000459 0.000170 0.000131
0.000131 0.986052 0.011237 0.000221 0.002307 0.000052
0.256850 0.272848 0.194892 0.109129 0.158241 0.008040
0.721601 0.064315 0.189176 0.017276 0.003552 0.004080
0.032806 0.004085 0.014688 0.017568 0.915938 0.014915
0.000238 0.977765 0.020380 0.000347 0.001176 0.000093
0.348904 0.194337 0.264737 0.126885 0.054217 0.010921
0.002785 0.022330 0.101464 0.871159 0.002202 0.000059
0.937717 0.020660 0.027831 0.001286 0.012127 0.000379
0.957009 0.012760 0.028404 0.001204 0.000237 0.000387
0.191618 0.077429 0.231983 0.007354 0.491347 0.000268
0.000072 0.990632 0.006183 0.000152 0.002931 0.000028
0.155451 0.465593 0.025625 0.005797 0.345289 0.002245
0.325162 0.380430 0.284077 0.009071 0.000000 0.001261
0.939672 0.019859 0.027889 0.001278 0.010922 0.000380
0.000299 0.973070 0.025561 0.000418 0.000535 0.000117
0.149967 0.005937 0.067141 0.055563 0.653227 0.068165
0.256621 0.122819 0.472870 0.140198 0.007492 0.000000
0.000087 0.989512 0.007420 0.000169 0.002779 0.000034
0.374178 0.017537 0.573486 0.006688 0.023089 0.005023
0.000249 0.976940 0.021291 0.000360 0.001063 0.000098
0.004408 0.000000 0.006701 0.002872 0.844208 0.141810
0.064739 0.858527 0.026195 0.043479 0.004943 0.002118
0.702386 0.183824 0.108893 0.000802 0.001342 0.002753
0.000262 0.975899 0.022440 0.000375 0.000921 0.000103
0.003623 0.000000 0.139738 0.794404 0.006372 0.055864
0.801315 0.042058 0.151425 0.004391 0.000705 0.000105
0.000144 0.985080 0.012309 0.000236 0.002174 0.000056
0.672487 0.132565 0.162042 0.014010 0.016697 0.002199
0.041258 0.003446 0.775962 0.001162 0.176141 0.002031
0.000207 0.980150 0.017749 0.000311 0.001501 0.000081
0.113460 0.172650 0.607607 0.054429 0.031148 0.020705
0.954918 0.013616 0.028342 0.001213 0.001525 0.000386
0.176708 0.000000 0.799257 0.010842 0.002771 0.010421
0.026191 0.000000 0.912483 0.008606 0.052718 0.000002
0.000435 0.117301 0.013697 0.748906 0.104287 0.015373
0.000036 0.993471 0.003052 0.000109 0.003319 0.000014
0.115004 0.766620 0.046533 0.067896 0.000184 0.003762
0.000561 0.085130 0.017679 0.830633 0.046158 0.019840
0.000318 0.971562 0.027225 0.000441 0.000329 0.000125
0.391297 0.352004 0.064500 0.008798 0.177752 0.005649
0.000287 0.154879 0.009047 0.653443 0.172187 0.010156
0.000586 0.078664 0.018479 0.847059 0.034474 0.020737
0.936772 0.021047 0.027803 0.001290 0.012709 0.000378
0.142104 0.662140 0.115906 0.068962 0.008011 0.002876
0.000317 0.971665 0.027111 0.000440 0.000343 0.000124
0.025439 0.000000 0.038666 0.009982 0.107855 0.818058
0.359856 0.487290 0.055792 0.000651 0.095001 0.001411
0.000131 0.986069 0.011218 0.000221 0.002309 0.000051
0.843230 0.059350 0.025028 0.001687 0.070364 0.000341
0.000267 0.975488 0.022893 0.000382 0.000865 0.000105
0.000822 0.000000 0.001249 0.001660 0.969783 0.026486
0.025477 0.000000 0.887598 0.008552 0.078371 0.000001
0.747584 0.000967 0.199593 0.003106 0.042859 0.005892
0.000242 0.977465 0.020712 0.000352 0.001135 0.000095
0.028385 0.000000 0.043144 0.010978 0.004694 0.912798
0.000307 0.000457 0.015378 0.037891 0.935137 0.010831
0.028496 0.000000 0.043313 0.011016 0.000821 0.916355
0.008094 0.000000 0.012303 0.004118 0.715160 0.260325
0.005980 0.000000 0.020013 0.871685 0.000569 0.101753
0.000660 0.059996 0.020789 0.894485 0.000742 0.023329
0.000034 0.993569 0.002944 0.000108 0.003332 0.000014
0.193197 0.120281 0.183245 0.258885 0.003421 0.240971
0.000346 0.969386 0.029625 0.000474 0.000032 0.000136
0.181958 0.092839 -0.000000 0.686682 0.000000 0.038520
0.000298 0.973092 0.025537 0.000418 0.000538 0.000117
0.000000 0.066543 0.812537 0.090554 0.000161 0.030204
0.000169 0.983123 0.014469 0.000266 0.001907 0.000066
0.007175 0.000000 0.926809 0.057632 0.000011 0.008374
0.005889 0.003660 0.002637 0.008839 0.976293 0.002682
0.456137 0.089957 0.395764 0.002752 0.049692 0.005698
0.801972 0.041859 0.151549 0.004391 0.000123 0.000105
0.576229 0.216697 0.151071 0.022279 0.030465 0.003259
0.000100 0.988514 0.008521 0.000184 0.002642 0.000039
0.027547 0.000000 0.041870 0.010695 0.034042 0.885845
0.043703 0.003090 0.821935 0.001186 0.127934 0.002151
0.167516 0.006215 0.074998 0.061254 0.613877 0.076141
0.000655 0.061313 0.020626 0.891137 0.003123 0.023146
0.426069 0.428628 0.066057 0.000680 0.076896 0.001670
0.000661 0.059607 0.020837 0.895471 0.000040 0.023383
0.110418 0.180753 0.591315 0.053612 0.043752 0.020150
0.000208 0.980079 0.017827 0.000312 0.001492 0.000082
0.027007 0.000000 0.940904 0.008668 0.023419 0.000002
0.009377 0.004013 0.757174 0.132642 0.042470 0.054324
0.597482 0.252701 0.098486 0.011421 0.031285 0.008625
0.331525 0.118055 0.477149 0.007729 0.065518 0.000023
0.018258 0.003855 0.008175 0.012851 0.948558 0.008304
0.000330 0.970643 0.028238 0.000455 0.000204 0.000129
0.027553 0.000000 0.041880 0.010697 0.033820 0.886050
0.028518 0.000000 0.043347 0.011023 0.000033 0.917079
0.957387 0.012606 0.028415 0.001202 0.000004 0.000387
0.275875 0.000000 0.309241 0.006320 0.403719 0.004845
0.748875 0.096513 0.086690 0.059892 0.006778 0.001252
0.938664 0.020272 0.027859 0.001282 0.011544 0.000379
0.000207 0.980158 0.017740 0.000311 0.001502 0.000081
0.008806 0.000000 0.013385 0.004359 0.690222 0.283228
0.000210 0.979943 0.017978 0.000314 0.001473 0.000082
0.000217 0.979384 0.018594 0.000323 0.001397 0.000085
0.000343 0.969595 0.029395 0.000471 0.000061 0.000135
0.000584 0.079319 0.018398 0.845395 0.035658 0.020646
0.000643 0.064175 0.020272 0.883869 0.008293 0.022749
0.007610 0.757599 0.194215 0.004125 0.025274 0.011176
0.440840 0.328143 0.072666 0.009428 0.142559 0.006364
0.027477 0.000000 0.953907 0.013589 0.000046 0.004981
0.000230 0.978357 0.019727 0.000338 0.001257 0.000090
0.946577 0.017032 0.028094 0.001248 0.006667 0.000382
0.552260 0.008519 0.324960 0.036421 0.069054 0.008785
0.045213 0.004281 0.020242 0.021592 0.888118 0.020554
0.098868 0.796124 0.040005 0.060058 0.001711 0.003234
0.005936 0.966043 0.002402 0.014914 0.010509 0.000195
0.027725 0.000000 0.042141 0.010755 0.027808 0.891571
0.000114 0.987360 0.009794 0.000202 0.002485 0.000045
0.740598 0.044402 0.194156 0.016622 0.000035 0.004187
0.000661 0.059608 0.020837 0.895470 0.000041 0.023383
0.002331 0.000612 0.116872 0.137872 0.660044 0.082269
0.188580 0.080750 0.000000 0.588180 0.005081 0.137409
0.000058 0.991751 0.004949 0.000135 0.003084 0.000023
0.000281 0.974418 0.024073 0.000398 0.000719 0.000110
0.880245 0.006620 0.104475 0.006716 0.001464 0.000480
0.000289 0.973787 0.024769 0.000407 0.000633 0.000114
0.000051 0.000818 0.015421 0.031522 0.949606 0.002582
0.309163 0.059759 0.374282 0.009422 0.246942 0.000432
0.027422 0.000000 0.951987 0.013718 0.001902 0.004971
0.716239 0.094081 0.172583 0.013949 0.000807 0.002342
0.035786 0.911466 0.014480 0.029414 0.007684 0.001171
0.382780 0.015210 0.586669 0.006673 0.003530 0.005138
0.031590 0.004850 0.594143 0.001066 0.366795 0.001555
0.000343 0.969662 0.029321 0.000470 0.000070 0.000134
0.039169 0.004133 0.713258 0.167088 0.051790 0.024563
0.608093 0.109796 0.214671 0.061238 0.004023 0.002179
0.058238 0.198313 0.554763 0.100916 0.081101 0.006670
0.000240 0.977605 0.020557 0.000350 0.001154 0.000094
0.000211 0.979874 0.018054 0.000315 0.001464 0.000083
0.740645 0.044353 0.194168 0.016620 0.000026 0.004187
0.562646 0.193051 0.193783 0.038881 0.003723 0.007917
0.078208 0.069856 0.744978 0.097806 0.000197 0.008955
0.953866 0.014047 0.028310 0.001217 0.002174 0.000385
0.603983 0.271004 0.093638 0.000759 0.028248 0.002368
0.621068 0.096102 0.219251 0.061141 0.000211 0.002226
0.000051 0.992278 0.004368 0.000127 0.003156 0.000020
0.000106 0.987980 0.009110 0.000192 0.002570 0.000042
0.007058 0.000000 0.911716 0.072877 0.000110 0.008238
0.006919 0.020616 0.341236 0.052971 0.096717 0.481541
0.079684 0.831202 0.032242 0.050739 0.003528 0.002606
0.588950 0.256810 0.097080 0.011313 0.037346 0.008502
0.751677 0.000927 0.200685 0.003094 0.037692 0.005924
0.049874 0.002194 0.937998 0.001248 0.006231 0.002455
0.565652 0.154585 0.199689 0.061556 0.016491 0.002027
0.036866 0.909490 0.014917 0.029939 0.007581 0.001206
0.000590 0.077846 0.018580 0.849138 0.032995 0.020851
0.755068 0.000895 0.201591 0.003084 0.033412 0.005951
0.236718 0.061306 0.063716 0.335143 0.000312 0.302804
0.276381 0.006127 0.481352 0.004471 0.224451 0.007217
0.000144 0.985062 0.012329 0.000236 0.002171 0.000057
0.000661 0.059697 0.020826 0.895243 0.000203 0.023370
0.000951 0.000173 0.965237 0.002376 0.030456 0.000807
0.939169 0.020065 0.027874 0.001280 0.011232 0.000379
0.561629 0.007921 0.330472 0.036389 0.054655 0.008934
0.860025 0.010853 0.102076 0.007199 0.019378 0.000469
0.748402 0.000959 0.199811 0.003103 0.041826 0.005899
0.191480 0.000000 0.663581 0.027339 0.110724 0.006877
0.647630 0.141853 0.169787 0.019821 0.017246 0.003662
0.007727 0.016709 0.381046 0.056245 0.000567 0.537706
0.007561 0.003983 0.966227 0.005982 0.003795 0.012452
0.791444 0.058135 0.091617 0.057288 0.000193 0.001323
0.719408 0.066614 0.188602 0.017351 0.003958 0.004067
0.152522 0.152676 0.000000 0.651177 0.011334 0.032291
0.000148 0.984747 0.012677 0.000241 0.002128 0.000058
0.000043 0.992928 0.003651 0.000117 0.003245 0.000017
0.115206 0.766253 0.046615 0.067994 0.000165 0.003768
0.506993 0.216490 0.178982 0.061994 0.033723 0.001817
0.000172 0.982905 0.014710 0.000269 0.001877 0.000067
0.028442 0.000000 0.043231 0.010998 0.002696 0.914633
0.006388 0.614338 0.283962 0.004262 0.065813 0.025236
0.000236 0.167881 0.007438 0.620414 0.195681 0.008351
0.000654 0.061379 0.020618 0.890970 0.003242 0.023137
0.002489 0.648967 0.110627 0.002139 0.225945 0.009833
0.000223 0.978957 0.019065 0.000329 0.001338 0.000087
0.000155 0.984183 0.013299 0.000250 0.002052 0.000061
0.000619 0.070258 0.019519 0.868414 0.019285 0.021904
0.299288 0.429439 0.261472 0.008640 0.000000 0.001160
0.000284 0.974182 0.024334 0.000401 0.000687 0.000112
0.000252 0.976664 0.021595 0.000364 0.001026 0.000099
0.789467 0.017681 0.112540 0.025343 0.054272 0.000697
0.052880 0.194835 0.572223 0.144808 0.001293 0.033962
0.000607 0.073400 0.019130 0.860433 0.024962 0.021468
0.000101 0.202307 0.003178 0.532958 0.257885 0.003571
0.638225 0.240667 0.098947 0.000774 0.018886 0.002502
0.567269 0.007561 0.333791 0.036370 0.045985 0.009024
0.027014 0.000000 0.941138 0.008669 0.023177 0.000002
0.957335 0.012627 0.028413 0.001203 0.000036 0.000387
0.079523 0.831496 0.032177 0.050660 0.003543 0.002601
0.002874 0.018966 0.104710 0.873382 0.000006 0.000061
0.000047 0.992594 0.004020 0.000122 0.003199 0.000018
0.674205 0.080570 0.127406 0.004342 0.113388 0.000089
0.000335 0.970267 0.028654 0.000461 0.000153 0.000131
0.000595 0.076536 0.018742 0.852467 0.030628 0.021033
0.000500 0.100620 0.015762 0.791282 0.074147 0.017689
0.002871 0.019081 0.104600 0.873306 0.000081 0.000061
0.043226 0.012428 0.914387 0.018444 0.010599 0.000916
0.287227 0.232193 0.461480 0.015350 0.000013 0.003737
0.000000 0.016870 0.013751 0.000000 0.966534 0.002846
0.000306 0.972508 0.026181 0.000427 0.000458 0.000120
0.801713 0.041938 0.151500 0.004391 0.000353 0.000105
0.950574 0.015395 0.028213 0.001231 0.004203 0.000384
0.383609 0.355707 0.063233 0.008700 0.183213 0.005538
0.656532 0.146599 0.158197 0.014033 0.022492 0.002147
0.017320 0.000000 0.026327 0.007238 0.392107 0.557008
0.955261 0.013476 0.028352 0.001211 0.001314 0.000386
0.003284 0.000000 0.010989 0.683866 0.245977 0.055884
0.000236 0.977921 0.020209 0.000345 0.001197 0.000093
0.000616 0.000000 0.000937 0.001590 0.976974 0.019882
0.013455 0.952297 0.005444 0.018566 0.009798 0.000440
0.028058 0.004010 0.012562 0.016028 0.926584 0.012757
0.106405 0.191441 0.569824 0.052535 0.060378 0.019417
0.840170 0.011108 0.119767 0.024547 0.003667 0.000741
0.000649 0.062793 0.020443 0.887378 0.005797 0.022941
0.001315 0.901878 0.094161 0.001782 0.000752 0.000112
0.015711 0.000000 0.023881 0.006694 0.448453 0.505261
0.582500 0.169130 0.200620 0.039266 0.000288 0.008196
0.462523 0.000000 0.518457 0.008921 0.001976 0.008122
0.000000 0.094535 0.775929 0.092276 0.008415 0.028844
0.000060 0.991575 0.005144 0.000138 0.003060 0.000024
0.877202 0.045440 0.026036 0.001543 0.049425 0.000354
0.581092 0.138291 0.205139 0.061440 0.011955 0.002082
0.203298 0.504540 0.235883 0.024661 0.021346 0.010271
0.000043 0.992893 0.003689 0.000118 0.003240 0.000017
0.000290 0.154067 0.009148 0.655506 0.170721 0.010269
0.716478 0.069686 0.187834 0.017452 0.004500 0.004051
0.737038 0.061533 0.139279 0.004366 0.057687 0.000097
0.000014 0.995129 0.001223 0.000084 0.003545 0.000006
0.956659 0.012903 0.028393 0.001205 0.000452 0.000386
0.048073 0.364999 -0.000000 0.525192 0.051549 0.010188
0.114126 0.768227 0.046178 0.067470 0.000267 0.003733
0.007496 0.604499 0.333215 0.004866 0.020311 0.029613
0.639106 0.091204 0.120774 0.004329 0.144504 0.000084
0.225713 0.031781 0.712257 0.013412 0.004509 0.012327
0.047391 0.236129 0.512830 0.136081 0.037132 0.030438
0.624557 0.095612 0.118025 0.004323 0.157401 0.000082
0.914227 0.030279 0.027134 0.001386 0.026605 0.000369
0.000949 0.000177 0.963293 0.002384 0.032391 0.000806
0.690343 0.097081 0.180983 0.018351 0.009339 0.003903
0.735724 0.061931 0.139031 0.004366 0.058852 0.000097
0.000657 0.060743 0.020697 0.892586 0.002092 0.023225
0.655020 0.086382 0.123781 0.004335 0.130396 0.000086
0.717449 0.093016 0.172875 0.013947 0.000367 0.002346
0.000029 0.993959 0.002513 0.000102 0.003385 0.000012
0.007370 0.000000 0.011203 0.003874 0.740496 0.237057
0.000661 0.059590 0.020839 0.895515 0.000009 0.023385
0.000307 0.972403 0.026297 0.000428 0.000444 0.000121
0.956676 0.012896 0.028394 0.001205 0.000442 0.000387
0.275148 0.264047 0.442074 0.015115 0.000036 0.003580
0.203204 0.091978 0.192736 0.257924 0.000713 0.253444
0.002712 0.217163 0.017770 0.496739 0.261794 0.003822
0.005523 0.004372 0.842344 0.005531 0.096702 0.045528
0.011055 0.679526 0.282129 0.005480 0.005576 0.016235
0.214676 0.000000 0.626950 0.097412 0.000021 0.060941
0.000176 0.982591 0.015056 0.000274 0.001834 0.000069
0.000000 0.043241 0.866653 0.000000 0.076511 0.013596
0.948941 0.016064 0.028164 0.001238 0.005209 0.000383
0.957385 0.012606 0.028415 0.001202 0.000005 0.000387
0.499595 0.052964 0.433466 0.002674 0.005061 0.006240
0.096102 0.801182 0.038885 0.058714 0.001973 0.003143
0.528754 0.193525 0.186664 0.061831 0.027331 0.001895
0.039303 0.020621 0.831393 0.018837 0.089014 0.000833
0.000167 0.983286 0.014290 0.000263 0.001929 0.000066
0.000168 0.983233 0.014348 0.000264 0.001922 0.000066
0.181953 0.092849 0.000000 0.686677 0.000002 0.038519
0.697398 0.188242 0.108120 0.000800 0.002706 0.002734
0.592927 0.254894 0.097735 0.011363 0.034521 0.008559
0.006308 0.000000 0.009588 0.003515 0.777691 0.202898
0.077333 0.160053 0.423144 0.045793 0.290726 0.002951
0.000063 0.991367 0.005373 0.000141 0.003032 0.000025
0.000240 0.977601 0.020562 0.000350 0.001153 0.000094
0.000246 0.977122 0.021090 0.000357 0.001088 0.000097
0.275396 0.044259 0.422097 0.006852 0.247698 0.003697
0.952935 0.014428 0.028283 0.001221 0.002748 0.000385
0.000629 0.067718 0.019833 0.874867 0.014695 0.022257
0.494149 0.057600 0.428741 0.002684 0.010654 0.006172
0.083063 0.825023 0.033609 0.052380 0.003208 0.002717
0.023323 0.000000 0.035451 0.009267 0.181925 0.750034
0.788595 0.045912 0.149021 0.004386 0.011981 0.000104
0.723372 0.001200 0.193129 0.003175 0.073422 0.005702
0.000015 0.995066 0.001292 0.000085 0.003536 0.000006
0.000659 0.060209 0.020763 0.893943 0.001127 0.023299
0.000215 0.979525 0.018438 0.000320 0.001416 0.000085
0.000619 0.070489 0.019490 0.867829 0.019702 0.021872
0.376389 0.071541 0.541715 0.007817 0.002512 0.000027
0.235527 0.063333 0.063396 0.335219 0.001242 0.301282
0.000298 0.973129 0.025495 0.000417 0.000543 0.000117
0.195404 0.000000 0.677178 0.027575 0.092826 0.007018
0.059671 0.824755 0.048671 0.039293 0.026401 0.001208
0.000610 0.072768 0.019208 0.862039 0.023820 0.021556
0.000938 0.000200 0.952513 0.002427 0.043126 0.000797
0.504506 0.048783 0.437727 0.002665 0.000017 0.006301
0.160605 0.014492 -0.000000 0.752497 0.007705 0.064701
0.868424 0.009094 0.103072 0.006998 0.011937 0.000474
0.000066 0.991102 0.005665 0.000145 0.002996 0.000026
0.044313 0.259283 0.479527 0.131187 0.057229 0.028461
0.007418 0.018204 0.365808 0.054992 0.037370 0.516208
0.000551 0.087689 0.017362 0.824133 0.050781 0.019484
0.000086 0.989586 0.007338 0.000168 0.002789 0.000034
0.952695 0.014527 0.028276 0.001222 0.002896 0.000385
0.170358 0.606405 0.138951 0.079131 0.001708 0.003447
0.000253 0.976622 0.021641 0.000364 0.001020 0.000099
0.691379 0.075366 0.130651 0.004349 0.098164 0.000091
0.674927 0.049604 0.080112 0.011618 0.183371 0.000368
0.000243 0.977395 0.020788 0.000353 0.001125 0.000095
0.041409 0.003806 0.754038 0.173131 0.001649 0.025967
0.000556 0.086428 0.017518 0.827337 0.048502 0.019659
0.613333 0.262721 0.095088 0.000763 0.025692 0.002404
0.881601 0.006336 0.104636 0.006684 0.000263 0.000481
0.004142 0.000000 0.006295 0.002782 0.853540 0.133240
0.627103 0.238434 0.103368 0.011798 0.010243 0.009052
0.143816 0.658764 0.117302 0.069578 0.007630 0.002910
0.000048 0.992516 0.004105 0.000123 0.003188 0.000019
0.000235 0.977991 0.020131 0.000344 0.001207 0.000092
0.000258 0.976256 0.022046 0.000370 0.000970 0.000101
0.956943 0.012787 0.028402 0.001204 0.000277 0.000387
0.000661 0.059587 0.020840 0.895523 0.000003 0.023386
0.735098 0.108934 0.085095 0.060735 0.008909 0.001229
0.619661 0.242019 0.102142 0.011703 0.015530 0.008945
0.000174 0.982731 0.014902 0.000272 0.001853 0.000068
0.377366 0.070528 0.543121 0.007819 0.001140 0.000027
0.001316 0.077784 0.047951 0.834517 0.038404 0.000028
0.006610 0.135755 0.043308 0.709746 0.095271 0.009310
0.500443 0.101398 0.339505 0.033630 0.017507 0.007518
0.000204 0.980376 0.017500 0.000308 0.001532 0.000080
0.030104 0.005455 0.548190 0.142628 0.254744 0.018880
0.939255 0.020030 0.027877 0.001279 0.011179 0.000379
0.028440 0.000000 0.043228 0.010997 0.002779 0.914557
0.567715 0.007533 0.334053 0.036368 0.045300 0.009031
0.179938 0.096946 0.000000 0.684246 0.000778 0.038093
0.175709 0.105543 0.000000 0.679145 0.002406 0.037198
0.001226 0.000000 0.001864 0.001797 0.955616 0.039497
0.000341 0.969814 0.029153 0.000468 0.000091 0.000134
0.246763 0.145553 0.454706 0.142529 0.010449 0.000000
0.000607 0.073484 0.019120 0.860218 0.025115 0.021456
0.956222 0.013082 0.028380 0.001207 0.000722 0.000386
0.517611 0.268795 0.124726 0.014230 0.072946 0.001693
0.000220 0.979164 0.018837 0.000326 0.001367 0.000086
0.000346 0.969413 0.029595 0.000474 0.000036 0.000136
0.007392 0.605420 0.328601 0.004809 0.024574 0.029203
0.016326 0.000000 0.024816 0.006902 0.426911 0.525045
0.001448 0.198645 0.000000 0.088044 0.366532 0.345331
0.686705 0.197716 0.106462 0.000795 0.005630 0.002692
0.717663 0.092828 0.172926 0.013947 0.000289 0.002346
0.000163 0.983625 0.013915 0.000258 0.001975 0.000064
0.000209 0.980058 0.017851 0.000312 0.001489 0.000082
0.000307 0.972414 0.026285 0.000428 0.000446 0.000120
0.711479 0.074925 0.186523 0.017624 0.005426 0.004022
0.007130 0.000000 0.920939 0.063561 0.000049 0.008321
0.122969 0.005510 0.055054 0.046808 0.713765 0.055894
0.000344 0.140370 0.010843 0.690303 0.145971 0.012170
0.027333 0.000000 0.948889 0.013926 0.004897 0.004955
0.000160 0.983829 0.013690 0.000255 0.002003 0.000063
0.000611 0.072364 0.019258 0.863065 0.023089 0.021612
0.000076 0.990305 0.006545 0.000157 0.002887 0.000030
0.000114 0.987410 0.009739 0.000201 0.002492 0.000045
0.501288 0.299030 0.082630 0.010197 0.099618 0.007236
0.098255 0.005120 0.043990 0.038793 0.769180 0.044662
0.003184 0.765268 0.227916 0.002966 0.000395 0.000272
0.000278 0.974650 0.023818 0.000394 0.000751 0.000109
0.087082 0.817674 0.035236 0.054333 0.002827 0.002848
0.043239 0.012403 0.914647 0.018443 0.010353 0.000916
0.444680 0.139512 0.301676 0.032436 0.075016 0.006680
0.019402 0.050506 0.691500 0.237888 0.000000 0.000704
0.949203 0.015957 0.028172 0.001237 0.005048 0.000383
0.000376 0.132173 0.011857 0.711127 0.131159 0.013308
0.000094 0.988956 0.008033 0.000177 0.002703 0.000037
0.000644 0.063967 0.020298 0.884397 0.007917 0.022778
0.000659 0.060111 0.020775 0.894192 0.000950 0.023313
0.620734 0.096456 0.219133 0.061144 0.000310 0.002224
0.129421 0.687160 0.105561 0.064397 0.010841 0.002619
0.002271 0.000607 0.113866 0.134910 0.668193 0.080153
0.000200 0.980709 0.017132 0.000302 0.001577 0.000079
0.004926 0.818424 0.125724 0.003070 0.040620 0.007235
0.004126 0.000000 0.013809 0.742561 0.169284 0.070219
0.957091 0.012726 0.028406 0.001204 0.000186 0.000387
0.016525 0.003828 0.007399 0.012289 0.952444 0.007516
0.092349 0.177981 0.561649 0.144352 0.006310 0.017359
0.000326 0.970963 0.027885 0.000450 0.000248 0.000128
0.936718 0.021069 0.027802 0.001290 0.012743 0.000378
0.335425 0.008869 0.150171 0.115706 0.237375 0.152455
0.247508 0.336939 0.397667 0.014577 0.000089 0.003220
0.000010 0.995426 0.000895 0.000079 0.003586 0.000004
0.000557 0.086167 0.017550 0.828000 0.048030 0.019696
0.000657 0.060724 0.020699 0.892633 0.002059 0.023228
0.014634 0.000000 0.022243 0.006329 0.486169 0.470624
0.331650 0.209052 0.251646 0.123557 0.073714 0.010381
0.100020 0.208446 0.535631 0.050821 0.086830 0.018253
0.279205 0.200245 0.052767 0.004190 0.463556 0.000037
0.020420 0.006869 0.371849 0.116497 0.471558 0.012808
0.006974 0.000966 0.349682 0.367210 0.029033 0.246134
0.000046 0.992705 0.003897 0.000121 0.003214 0.000018
0.000038 0.993305 0.003235 0.000111 0.003296 0.000015
0.031747 0.004068 0.014213 0.017225 0.918313 0.014434
0.000347 0.969333 0.029684 0.000475 0.000025 0.000136
0.000146 0.984881 0.012529 0.000239 0.002147 0.000057
0.000243 0.166208 0.007645 0.624663 0.192658 0.008583
0.880310 0.006606 0.104483 0.006714 0.001406 0.000480
0.158364 0.015211 -0.000000 0.749024 0.013602 0.063799
0.000379 0.131484 0.011942 0.712877 0.129914 0.013404
0.003316 0.000000 0.127886 0.800173 0.017497 0.051129
0.000023 0.994415 0.002010 0.000095 0.003448 0.000009
0.026254 0.000000 0.914677 0.008611 0.050456 0.000002
0.000170 0.983017 0.014586 0.000267 0.001892 0.000067
0.002654 0.027296 0.096672 0.867878 0.005444 0.000057
0.000045 0.992753 0.003844 0.000120 0.003221 0.000018
0.947194 0.016779 0.028112 0.001246 0.006286 0.000383
0.317064 0.188775 0.059921 0.004205 0.429994 0.000042
0.000344 0.969565 0.029428 0.000471 0.000057 0.000135
0.004441 0.569052 0.418830 0.004498 0.001706 0.001473
0.159050 0.139407 -0.000000 0.659051 0.008821 0.033672
0.223519 0.072634 0.270603 0.007915 0.425016 0.000312
0.955137 0.013527 0.028348 0.001212 0.001390 0.000386
0.711371 0.098363 0.171410 0.013955 0.002575 0.002326
0.000289 0.973846 0.024705 0.000407 0.000641 0.000113
0.000258 0.976192 0.022116 0.000371 0.000961 0.000101
0.003078 0.000669 0.154342 0.174783 0.558485 0.108643
0.955810 0.013251 0.028368 0.001209 0.000976 0.000386
0.000220 0.979136 0.018868 0.000326 0.001363 0.000086
0.333671 0.022466 0.196347 0.037175 0.405031 0.005310
0.000214 0.979598 0.018358 0.000319 0.001426 0.000084
0.000483 0.104920 0.015230 0.780360 0.081915 0.017092
0.001247 0.002200 0.379171 0.355252 0.198679 0.063451
0.210402 0.495630 0.244126 0.025322 0.013890 0.010630
0.000319 0.971517 0.027275 0.000442 0.000323 0.000125
0.000641 0.064809 0.020193 0.882258 0.009439 0.022661
0.029728 0.004037 0.013310 0.016570 0.922838 0.013517
0.003351 0.000000 0.129246 0.799511 0.016221 0.051672
0.004013 0.606674 0.378507 0.004171 0.005303 0.001332
0.083865 0.000000 0.910564 0.003725 0.001207 0.000638
0.954391 0.013832 0.028326 0.001215 0.001850 0.000386
0.478975 0.070516 0.415577 0.002711 0.026238 0.005983
0.000034 0.993567 0.002945 0.000108 0.003332 0.000014
0.028381 0.000000 0.043139 0.010977 0.004829 0.912674
0.181083 0.453248 0.029850 0.006123 0.327081 0.002615
0.562728 0.264333 0.065144 0.071282 0.035572 0.000941
0.621567 0.095576 0.219427 0.061138 0.000065 0.002227
0.000240 0.977634 0.020526 0.000349 0.001158 0.000094
0.049762 0.162959 0.723511 0.015320 0.039710 0.008738
0.024400 0.000000 0.037087 0.009631 0.144223 0.784659
0.785930 0.046720 0.148518 0.004385 0.014344 0.000103
0.000136 0.985683 0.011645 0.000227 0.002256 0.000053
0.000420 0.001245 0.127755 0.131498 0.717703 0.021380
0.957169 0.012695 0.028408 0.001203 0.000138 0.000387
0.110627 0.055032 0.688022 0.126280 0.000493 0.019546
0.000242 0.977426 0.020755 0.000352 0.001129 0.000095
0.049819 0.885807 0.020158 0.036231 0.006355 0.001630
0.000274 0.975004 0.023427 0.000389 0.000799 0.000107
0.381818 0.015470 0.585195 0.006675 0.005717 0.005125
0.000252 0.976707 0.021548 0.000363 0.001031 0.000099
0.155529 0.066283 0.651908 0.018714 0.083769 0.023796
0.000300 0.972951 0.025692 0.000420 0.000519 0.000118
0.088480 0.815118 0.035801 0.055012 0.002695 0.002894
0.947241 0.016760 0.028114 0.001245 0.006257 0.000383
0.000339 0.969920 0.029037 0.000466 0.000105 0.000133
0.026512 0.000000 0.923654 0.008631 0.041201 0.000002
0.715298 0.070922 0.187524 0.017492 0.004719 0.004044
0.956251 0.013070 0.028381 0.001207 0.000704 0.000386
0.000661 0.059593 0.020839 0.895509 0.000013 0.023385
0.955727 0.013285 0.028366 0.001209 0.001027 0.000386
0.006967 0.609195 0.309706 0.004578 0.042029 0.027524
0.207223 0.046852 0.653913 0.013368 0.067326 0.011318
0.151190 0.071290 0.633722 0.018607 0.102058 0.023133
0.765525 0.052902 0.144662 0.004377 0.032433 0.000101
0.473836 0.074891 0.411119 0.002720 0.031515 0.005919
0.935472 0.021579 0.027765 0.001295 0.013511 0.000378
0.000204 0.980375 0.017501 0.000308 0.001532 0.000080
0.030835 0.004054 0.013805 0.016929 0.920357 0.014020
0.745663 0.099409 0.086318 0.060089 0.007275 0.001247
0.205214 0.048489 0.647576 0.013363 0.074149 0.011208
0.000553 0.087177 0.017425 0.825433 0.049856 0.019555
0.371314 0.000000 0.563833 0.014082 0.001210 0.049560
0.486479 0.306162 0.080189 0.010009 0.110138 0.007023
0.009243 0.000000 0.014048 0.004507 0.674944 0.297259
0.165698 0.054549 0.694528 0.018966 0.040908 0.025351
0.155688 0.016070 0.000000 0.744875 0.020646 0.062721
0.011337 0.673132 0.289329 0.005591 0.003963 0.016649
0.954967 0.013597 0.028343 0.001213 0.001496 0.000386
0.275485 0.006149 0.479791 0.004464 0.226919 0.007193
0.000348 0.969225 0.029803 0.000477 0.000010 0.000137
0.000199 0.980796 0.017036 0.000301 0.001589 0.000078
0.000232 0.978258 0.019836 0.000340 0.001243 0.000091
0.565254 0.155005 0.199548 0.061559 0.016608 0.002026
0.345702 0.000000 0.524944 0.013586 0.069625 0.046143
0.308488 0.412012 0.269510 0.008793 0.000000 0.001196
0.000051 0.992252 0.004396 0.000127 0.003153 0.000020
0.935297 0.021651 0.027759 0.001296 0.013618 0.000378
0.008207 0.744055 0.209466 0.004360 0.021857 0.012054
0.000952 0.000169 0.966948 0.002369 0.028753 0.000809
0.000042 0.992977 0.003596 0.000116 0.003251 0.000016
0.000234 0.978105 0.020005 0.000342 0.001222 0.000092
0.877142 0.007269 0.104107 0.006790 0.004213 0.000479
0.265021 0.494345 0.231536 0.008069 0.000000 0.001028
0.514306 0.000000 0.402922 0.007491 0.067125 0.008156
0.616549 0.100872 0.217655 0.061175 0.001539 0.002209
0.943920 0.018120 0.028015 0.001260 0.008304 0.000381
0.000347 0.969297 0.029723 0.000476 0.000020 0.000136
0.000152 0.984430 0.013027 0.000246 0.002085 0.000060
0.575717 0.177303 0.198284 0.039134 0.001462 0.008100
0.002875 0.018959 0.104717 0.873386 0.000002 0.000061
0.000278 0.974703 0.023759 0.000394 0.000758 0.000109
0.089893 0.812535 0.036373 0.055698 0.002561 0.002940
0.000650 0.062398 0.020492 0.888381 0.005083 0.022996
0.000637 0.065742 0.020078 0.879888 0.011124 0.022531
0.781509 0.000640 0.208649 0.003008 0.000035 0.006159
0.957242 0.012665 0.028411 0.001203 0.000093 0.000387
0.735031 0.050238 0.192697 0.016813 0.001066 0.004155
0.050089 0.160267 0.728258 0.015352 0.037239 0.008795
0.000329 0.970689 0.028188 0.000454 0.000210 0.000129
0.000234 0.000451 0.011756 0.034324 0.944952 0.008282
0.475053 0.073855 0.412175 0.002718 0.030265 0.005934
0.463278 0.317336 0.076365 0.009714 0.126619 0.006688
0.083942 0.000000 0.911399 0.003544 0.000475 0.000639
0.001732 0.655691 0.076971 0.001727 0.257037 0.006842
0.009324 0.004061 0.752888 0.132254 0.047456 0.054017
0.893214 0.038883 0.026511 0.001475 0.039556 0.000361
0.000627 0.068393 0.019750 0.873152 0.015915 0.022163
0.011022 0.288982 0.588725 0.007163 0.097844 0.006263
0.936376 0.021209 0.027791 0.001292 0.012954 0.000378
0.702079 0.106536 0.169172 0.013969 0.005949 0.002296
0.212362 0.102767 0.057161 0.336705 0.019337 0.271667
0.000292 0.973561 0.025020 0.000411 0.000602 0.000115
0.954247 0.013891 0.028322 0.001216 0.001939 0.000386
0.000018 0.994865 0.001514 0.000088 0.003509 0.000007
0.689853 0.117290 0.166226 0.013986 0.010390 0.002256
0.015942 0.108690 0.851465 0.007133 0.007714 0.009056
0.047017 0.002609 0.884273 0.001219 0.062567 0.002314
0.000661 0.059609 0.020837 0.895467 0.000043 0.023383
0.000560 0.085269 0.017661 0.830280 0.046408 0.019820
0.160102 0.061006 0.671076 0.018827 0.064493 0.024496
0.713289 0.068728 0.134792 0.004357 0.078740 0.000094
0.358821 0.052294 0.434398 0.010295 0.143690 0.000502
0.414086 0.159379 0.078254 0.004242 0.343984 0.000054
0.078872 0.832686 0.031914 0.050344 0.003605 0.002580
0.002710 0.721405 0.255537 0.003175 0.016274 0.000899
0.000659 0.060076 0.020779 0.894280 0.000887 0.023318
0.001009 0.000000 0.001534 0.001723 0.963214 0.032519
0.005205 0.000000 0.007911 0.003142 0.816322 0.167421
0.000163 0.983568 0.013978 0.000259 0.001968 0.000064
0.000167 0.983266 0.014311 0.000264 0.001926 0.000066
0.101381 0.204820 0.542921 0.051186 0.081191 0.018501
0.076063 0.837822 0.030777 0.048980 0.003871 0.002488
0.000040 0.993131 0.003427 0.000114 0.003272 0.000016
0.001093 0.000517 0.054791 0.076716 0.828310 0.038573
0.493206 0.058402 0.427923 0.002686 0.011622 0.006160
0.000026 0.994193 0.002255 0.000098 0.003417 0.000010
0.173325 0.110388 0.000000 0.676269 0.003324 0.036693
0.000280 0.000000 0.000937 0.474648 0.519345 0.004790
0.000073 0.990554 0.006270 0.000153 0.002921 0.000029
0.048495 0.002394 0.912061 0.001234 0.033429 0.002387
0.005463 0.000000 0.008303 0.003229 0.807288 0.175717
0.106747 0.076497 0.663891 0.129527 0.004478 0.018861
0.027451 0.000000 0.956376 0.008702 0.007469 0.000002
0.000712 0.000488 0.035715 0.057925 0.880015 0.025146
0.315700 0.058776 0.382197 0.009537 0.233349 0.000441
0.165805 0.615385 0.135238 0.077492 0.002724 0.003355
0.007692 0.016878 0.379320 0.056103 0.004737 0.535270
0.017318 0.000000 0.026323 0.007237 0.392196 0.556926
0.000246 0.977144 0.021066 0.000357 0.001091 0.000097
0.009282 0.000000 0.014108 0.004520 0.673566 0.298524
0.000101 0.988372 0.008677 0.000186 0.002623 0.000040
0.000006 0.995780 0.000504 0.000074 0.003634 0.000002
0.525376 0.287428 0.086601 0.010504 0.082507 0.007584
0.000256 0.976336 0.021957 0.000369 0.000981 0.000101
0.000022 0.994495 0.001922 0.000093 0.003458 0.000009
0.000160 0.187130 0.005056 0.571514 0.230462 0.005678
0.019174 0.055592 0.683368 0.241170 0.000000 0.000696
0.000254 0.976559 0.021712 0.000365 0.001011 0.000100
0.942425 0.018732 0.027971 0.001266 0.009225 0.000381
0.834768 0.011808 0.118997 0.024631 0.009059 0.000737
0.570743 0.149212 0.201486 0.061517 0.014995 0.002045
0.000299 0.973049 0.025584 0.000419 0.000532 0.000117
0.000343 0.969642 0.029343 0.000470 0.000067 0.000134
0.000037 0.993384 0.003148 0.000110 0.003307 0.000014
0.743223 0.059659 0.140448 0.004369 0.052203 0.000098
0.116639 0.763632 0.047195 0.068690 0.000029 0.003815
0.503436 0.049694 0.436799 0.002667 0.001115 0.006288
0.107737 0.071018 0.670051 0.128698 0.003460 0.019035
0.011923 0.010265 0.780989 0.143017 0.013775 0.040032
0.000640 0.065095 0.020158 0.881530 0.009956 0.022621
0.000359 0.136632 0.011305 0.699797 0.139218 0.012689
0.000529 0.093358 0.016660 0.809732 0.061024 0.018697
0.942577 0.018670 0.027975 0.001265 0.009132 0.000381
0.164346 0.128641 0.000000 0.665439 0.006781 0.034793
0.000221 0.171826 0.006950 0.610391 0.202809 0.007803
0.354382 0.000000 0.538123 0.013754 0.046440 0.047301
0.000108 0.987848 0.009256 0.000194 0.002552 0.000042
0.037573 0.309995 0.406587 0.120469 0.101242 0.024133
0.000044 0.992810 0.003781 0.000119 0.003229 0.000017
0.000300 0.972952 0.025691 0.000420 0.000519 0.000118
0.493816 0.275981 0.170078 0.037544 0.015633 0.006949
0.002867 0.019260 0.104427 0.873188 0.000198 0.000061
0.220665 0.578364 0.192785 0.007331 0.000000 0.000856
0.352761 0.021508 0.569416 0.005778 0.045421 0.005116
0.000550 0.087866 0.017340 0.823684 0.051101 0.019460
0.773171 0.000720 0.206423 0.003032 0.010560 0.006094
0.000661 0.059747 0.020820 0.895115 0.000293 0.023364
0.074637 0.092826 0.710965 0.098362 0.014664 0.008547
0.673870 0.131349 0.162375 0.014008 0.016195 0.002203
0.819382 0.013803 0.116804 0.024873 0.024415 0.000723
0.000378 0.131671 0.011919 0.712402 0.130252 0.013378
0.010341 0.000000 0.015718 0.004878 0.636479 0.332584
0.566476 0.267634 0.093375 0.011027 0.053311 0.008177
0.953697 0.014116 0.028305 0.001218 0.002278 0.000385
0.000135 0.985762 0.011558 0.000226 0.002267 0.000053
0.103646 0.198788 0.555050 0.051794 0.071807 0.018914
0.929425 0.024055 0.027585 0.001321 0.017238 0.000376
0.156421 0.633899 0.127583 0.074115 0.004818 0.003165
0.205839 0.084527 0.195234 0.257671 0.000000 0.256728
0.017391 0.000000 0.026433 0.007261 0.389646 0.559269
0.000110 0.987732 0.009384 0.000196 0.002536 0.000043
0.113839 0.768750 0.046062 0.067330 0.000294 0.003723
0.369743 0.009411 0.165535 0.126835 0.160425 0.168052
