0.000219 0.979041 0.018515 0.000309 0.001854 0.000062
0.005820 0.578359 0.264116 0.003383 0.135437 0.012885
0.864831 0.008179 0.104723 0.005940 0.016060 0.000266
0.770917 0.079226 0.089971 0.052890 0.006194 0.000801
0.000268 0.974187 0.023433 0.000329 0.001725 0.000058
0.000223 0.978659 0.018902 0.000310 0.001843 0.000062
0.112911 0.165428 -0.000000 0.672422 0.014386 0.034853
0.860050 0.010679 0.099003 0.007086 0.022804 0.000378
0.000045 0.996537 0.000789 0.000234 0.002318 0.000078
0.003070 0.027029 0.114043 0.848604 0.007217 0.000037
0.010354 0.000000 0.013819 0.005675 0.555720 0.414432
0.193512 0.126874 -0.000000 0.648464 0.009098 0.022051
0.941646 0.016792 0.028428 0.001086 0.011828 0.000220
0.940734 0.017332 0.028249 0.001108 0.012348 0.000230
0.000536 0.088377 0.016198 0.816418 0.062278 0.016193
0.722748 0.060861 0.134618 0.004082 0.077622 0.000069
0.000561 0.087085 0.017175 0.819012 0.060449 0.015718
0.046296 0.240638 0.505206 0.120210 0.069200 0.018451
0.000247 0.976216 0.021377 0.000321 0.001779 0.000060
0.108187 0.080662 0.665920 0.124649 0.007006 0.013575
0.018126 0.000000 0.027358 0.007042 0.542676 0.404798
0.000266 0.974355 0.023263 0.000329 0.001729 0.000058
0.003193 0.026183 0.119886 0.843900 0.006803 0.000035
0.724392 0.060899 0.191925 0.015302 0.004983 0.002498
0.212840 0.105898 0.054172 0.353584 0.022625 0.250881
0.002842 0.028605 0.103166 0.857359 0.007987 0.000041
0.944674 0.015001 0.029023 0.001013 0.010101 0.000188
0.072939 0.337263 0.288056 0.065452 0.210760 0.025530
0.000707 0.079431 0.022964 0.834384 0.049611 0.012903
0.921907 0.028467 0.024549 0.001562 0.023085 0.000430
0.001381 0.363344 0.098638 0.037689 0.368982 0.129967
0.000171 0.983919 0.013573 0.000288 0.001983 0.000067
0.043114 0.002546 0.822284 0.000999 0.129797 0.001260
0.000269 0.974043 0.023578 0.000330 0.001721 0.000058
0.285481 0.005245 0.493106 0.004159 0.206789 0.005220
0.005081 0.000000 0.004634 0.004747 0.564569 0.420968
0.000265 0.974458 0.023158 0.000328 0.001732 0.000058
0.938762 0.018498 0.027861 0.001155 0.013473 0.000251
0.000287 0.972224 0.025422 0.000338 0.001673 0.000056
0.000263 0.974634 0.022980 0.000328 0.001737 0.000059
0.931347 0.022884 0.026404 0.001334 0.017701 0.000329
0.000672 0.081276 0.021568 0.830678 0.052224 0.013582
0.335516 0.493937 0.064502 0.057945 0.034992 0.013107
0.551020 0.245698 0.093696 0.008917 0.096614 0.004054
0.061705 0.862070 0.023019 0.045778 0.005340 0.002088
0.004449 0.000000 0.003533 0.004636 0.565631 0.421752
0.099870 0.801730 0.041713 0.050802 0.004230 0.001655
0.577576 0.297125 0.083790 0.000795 0.038521 0.002193
0.091937 0.814272 0.037827 0.049758 0.004460 0.001745
0.105787 0.107404 0.605574 0.151710 0.010052 0.019474
0.000254 0.975529 0.022073 0.000324 0.001760 0.000059
0.000285 0.972454 0.025189 0.000337 0.001679 0.000057
0.000070 0.994025 0.003334 0.000245 0.002251 0.000076
0.000264 0.974606 0.023009 0.000328 0.001736 0.000058
0.000255 0.975434 0.022170 0.000324 0.001758 0.000059
0.199800 0.502047 0.011135 0.012530 0.263440 0.011047
0.000321 0.001107 0.090520 0.112498 0.779042 0.016512
0.016151 0.000000 0.023917 0.006695 0.545991 0.407247
0.739700 0.051845 0.142358 0.003701 0.062341 0.000056
0.000101 0.990933 0.006466 0.000258 0.002169 0.000073
0.000259 0.975103 0.022504 0.000326 0.001749 0.000059
0.008487 0.004284 0.695243 0.108895 0.154017 0.029073
0.802785 0.013488 0.116697 0.021179 0.045450 0.000401
0.000259 0.975025 0.022584 0.000326 0.001747 0.000059
0.861761 0.009785 0.101050 0.006676 0.020391 0.000338
0.000219 0.979106 0.018449 0.000308 0.001855 0.000063
0.943308 0.015809 0.028755 0.001046 0.010880 0.000203
0.003872 0.718110 0.274205 0.003211 0.000367 0.000235
0.008259 0.117641 0.054669 0.732804 0.079509 0.007117
0.800669 0.100177 0.000724 0.004488 0.092227 0.001716
0.288563 0.452035 0.250753 0.007881 0.000000 0.000768
0.000042 0.996787 0.000536 0.000233 0.002324 0.000078
0.666759 0.134814 0.159101 0.013134 0.024649 0.001542
0.000324 0.099410 0.007854 0.794261 0.077900 0.020251
0.439975 0.312403 0.096386 0.101365 0.045965 0.003907
0.556864 0.319240 0.078361 0.000830 0.042297 0.002408
0.942767 0.016129 0.028648 0.001059 0.011189 0.000208
0.565463 0.235157 0.097091 0.008769 0.089754 0.003766
0.147944 0.652364 0.123140 0.061687 0.013180 0.001685
0.865443 0.007860 0.105455 0.005794 0.015197 0.000252
0.000157 0.985260 0.012215 0.000282 0.002019 0.000068
0.000279 0.973052 0.024583 0.000334 0.001695 0.000057
0.578187 0.142767 0.201303 0.058523 0.017713 0.001506
0.287448 0.005090 0.499944 0.004085 0.198424 0.005009
0.002274 0.000573 0.109206 0.135194 0.683529 0.069224
0.026756 0.000000 0.944136 0.012184 0.014099 0.002825
0.000237 0.977247 0.020333 0.000316 0.001806 0.000061
0.659423 0.209735 0.105243 0.000655 0.023601 0.001344
0.000584 0.085867 0.018096 0.821459 0.058724 0.015270
0.000106 0.990384 0.007023 0.000260 0.002154 0.000073
0.000716 0.078991 0.023296 0.835267 0.048989 0.012742
0.557553 0.006506 0.338550 0.029298 0.063587 0.004506
0.289772 0.004906 0.508024 0.003998 0.188540 0.004760
0.593348 0.124160 0.212812 0.053824 0.014614 0.001243
0.016848 0.000000 0.025131 0.006817 0.544821 0.406383
0.864456 0.008376 0.104274 0.006030 0.016589 0.000275
0.003565 0.000000 0.001993 0.004480 0.567114 0.422847
0.003208 0.211280 0.519955 0.029120 0.174831 0.061607
0.000190 0.981960 0.015558 0.000296 0.001931 0.000065
0.469198 0.110452 0.323710 0.028329 0.064226 0.004086
0.786789 0.016996 0.109198 0.024541 0.061929 0.000547
0.000221 0.978897 0.018661 0.000309 0.001850 0.000062
0.738492 0.052487 0.141806 0.003728 0.063430 0.000057
0.000138 0.987186 0.010263 0.000274 0.002070 0.000070
0.060452 0.005054 0.020501 0.038050 0.825875 0.050068
0.068493 0.039794 0.697177 0.000000 0.162218 0.032318
0.000266 0.974364 0.023253 0.000329 0.001730 0.000058
0.000307 0.100281 0.007196 0.792513 0.079132 0.020571
0.041283 0.022288 0.810901 0.021457 0.103193 0.000877
0.000137 0.987253 0.010195 0.000274 0.002071 0.000070
0.020827 0.000000 0.032063 0.007518 0.538142 0.401450
0.000281 0.972832 0.024806 0.000335 0.001689 0.000057
0.008249 0.000000 0.010152 0.005304 0.559253 0.417041
0.000121 0.001095 0.018922 0.093040 0.868421 0.018402
0.000082 0.992784 0.004592 0.000250 0.002218 0.000075
0.000678 0.080973 0.021798 0.831287 0.051795 0.013470
0.345930 0.094198 0.499015 0.006952 0.053889 0.000016
0.000291 0.971863 0.025788 0.000339 0.001663 0.000056
0.000319 0.001107 0.089692 0.112272 0.780077 0.016534
0.005606 0.004325 0.832892 0.005459 0.115466 0.036251
0.015504 0.000000 0.022791 0.006581 0.547075 0.408048
0.000294 0.100976 0.006670 0.791117 0.080117 0.020827
0.042262 0.003627 0.745872 0.001265 0.204985 0.001989
0.715494 0.064719 0.131305 0.004245 0.084162 0.000075
0.000247 0.976301 0.021291 0.000320 0.001781 0.000060
0.000174 0.983528 0.013969 0.000289 0.001973 0.000066
0.280965 0.256802 0.190787 0.130829 0.130381 0.010237
0.725728 0.058696 0.193510 0.014952 0.004738 0.002376
0.057335 0.005054 0.018853 0.037701 0.830698 0.050359
0.000259 0.975062 0.022546 0.000326 0.001748 0.000059
0.349571 0.183347 0.269732 0.110220 0.080785 0.006345
0.003133 0.026598 0.117022 0.846205 0.007006 0.000036
0.939739 0.017920 0.028053 0.001132 0.012915 0.000240
0.939058 0.018323 0.027919 0.001148 0.013304 0.000248
0.270798 0.076427 0.272843 0.011528 0.367850 0.000554
0.000104 0.990620 0.006784 0.000259 0.002161 0.000073
0.248693 0.466362 0.022628 0.012028 0.240216 0.010074
0.304311 0.416724 0.270678 0.007610 0.000000 0.000677
0.939748 0.017915 0.028055 0.001132 0.012910 0.000240
0.000249 0.976072 0.021523 0.000321 0.001775 0.000060
0.148022 0.005057 0.066804 0.047863 0.690385 0.041870
0.268725 0.104899 0.483851 0.136115 0.006410 0.000000
0.000124 0.988593 0.008837 0.000268 0.002107 0.000071
0.354811 0.018064 0.555235 0.005570 0.063652 0.002668
0.000260 0.974957 0.022653 0.000326 0.001745 0.000059
0.005398 0.000000 0.005186 0.004803 0.564037 0.420575
0.069864 0.849170 0.027016 0.046852 0.005102 0.001995
0.666970 0.201676 0.107221 0.000643 0.022225 0.001266
0.000266 0.974311 0.023307 0.000329 0.001728 0.000058
0.004132 0.000000 0.162375 0.785038 0.012090 0.036365
0.690810 0.077848 0.120034 0.004800 0.106413 0.000095
0.000186 0.982345 0.015167 0.000295 0.001941 0.000065
0.680296 0.118916 0.166571 0.012174 0.020745 0.001298
0.042775 0.002977 0.791842 0.001105 0.159751 0.001550
0.000237 0.977293 0.020286 0.000316 0.001807 0.000061
0.105944 0.171928 0.581800 0.043921 0.085986 0.010421
0.943535 0.015675 0.028799 0.001040 0.010750 0.000200
0.154684 0.000000 0.709249 0.008816 0.121821 0.005430
0.024421 0.000000 0.868849 0.006956 0.099773 0.000001
0.000417 0.094570 0.011514 0.803981 0.071047 0.018471
0.000048 0.996207 0.001124 0.000235 0.002309 0.000078
0.066707 0.854162 0.025469 0.046437 0.005194 0.002031
0.000635 0.083185 0.020124 0.826844 0.054927 0.014284
0.000281 0.972890 0.024747 0.000335 0.001690 0.000057
0.415956 0.344279 0.061947 0.010307 0.160768 0.006743
0.000269 0.102275 0.005688 0.788508 0.081956 0.021304
0.000638 0.083024 0.020246 0.827167 0.054699 0.014225
0.938958 0.018382 0.027900 0.001151 0.013361 0.000249
0.146408 0.655370 0.121570 0.061636 0.013313 0.001702
0.000265 0.974485 0.023130 0.000328 0.001733 0.000058
0.021045 0.000000 0.032443 0.007556 0.537776 0.401180
0.448080 0.435392 0.049848 0.001016 0.062128 0.003536
0.000174 0.983585 0.013911 0.000289 0.001974 0.000066
0.895503 0.044085 0.019360 0.002199 0.038143 0.000710
0.000267 0.974256 0.023363 0.000329 0.001727 0.000058
0.002811 0.000000 0.000680 0.004348 0.568379 0.423782
0.024415 0.000000 0.862078 0.007168 0.106338 0.000001
0.741431 0.000874 0.199280 0.002728 0.052014 0.003674
0.000263 0.974661 0.022953 0.000327 0.001737 0.000059
0.024017 0.000000 0.037620 0.008079 0.532788 0.397496
0.000648 0.000572 0.012997 0.106773 0.798199 0.080811
0.015537 0.000000 0.022847 0.006587 0.547021 0.408008
0.009580 0.000000 0.012471 0.005539 0.557019 0.415391
0.004300 0.000000 0.013280 0.787689 0.119323 0.075408
0.000676 0.081078 0.021718 0.831076 0.051944 0.013509
0.000044 0.996585 0.000740 0.000234 0.002319 0.000078
0.221712 0.128825 0.212368 0.262134 0.005278 0.169683
0.000297 0.971245 0.026414 0.000342 0.001647 0.000055
0.070789 0.185576 0.000000 0.684943 0.017149 0.041543
0.000269 0.974009 0.023614 0.000330 0.001720 0.000058
0.000000 0.093622 0.790494 0.084694 0.012379 0.018812
0.000207 0.980224 0.017316 0.000304 0.001885 0.000064
0.007092 0.000000 0.939276 0.049136 0.000028 0.004468
0.023007 0.005053 0.000702 0.033854 0.883812 0.053573
0.472508 0.076434 0.401188 0.002638 0.042727 0.004506
0.701502 0.072161 0.124916 0.004560 0.096775 0.000086
0.655352 0.174813 0.109951 0.033417 0.017630 0.008836
0.000140 0.987008 0.010443 0.000275 0.002065 0.000070
0.022152 0.000000 0.034371 0.007751 0.535919 0.399808
0.042838 0.002897 0.797511 0.001085 0.154174 0.001496
0.153626 0.005057 0.069767 0.048491 0.681714 0.041345
0.000704 0.079596 0.022839 0.834051 0.049846 0.012964
0.474463 0.407222 0.056764 0.000971 0.057318 0.003262
0.000446 0.093051 0.012663 0.807030 0.068897 0.017912
0.105730 0.173001 0.579894 0.044061 0.086795 0.010519
0.000230 0.977922 0.019648 0.000313 0.001824 0.000061
0.024429 0.000000 0.878681 0.006649 0.090239 0.000001
0.008668 0.003936 0.721786 0.104001 0.135945 0.025664
0.548576 0.247482 0.093122 0.008943 0.097775 0.004103
0.335472 0.126594 0.450601 0.008462 0.078848 0.000023
0.031106 0.005053 0.004984 0.034762 0.871280 0.052815
0.000267 0.974230 0.023389 0.000329 0.001726 0.000058
0.023305 0.000000 0.036380 0.007954 0.533983 0.398378
0.005838 0.000000 0.005953 0.004880 0.563299 0.420029
0.912296 0.034152 0.022660 0.001794 0.028566 0.000531
0.317513 0.000000 0.340621 0.006943 0.330091 0.004832
0.759383 0.089048 0.086480 0.056903 0.007248 0.000938
0.940163 0.017669 0.028137 0.001122 0.012674 0.000236
0.000243 0.976672 0.020916 0.000319 0.001791 0.000060
0.011821 0.000000 0.016375 0.005933 0.553258 0.412614
0.000240 0.976971 0.020613 0.000318 0.001799 0.000061
0.000246 0.976404 0.021187 0.000320 0.001784 0.000060
0.000303 0.970695 0.026971 0.000344 0.001632 0.000055
0.000656 0.082132 0.020920 0.828958 0.053437 0.013897
0.000614 0.084270 0.019304 0.824664 0.056464 0.014683
0.008325 0.741303 0.209059 0.004211 0.028080 0.009022
0.450568 0.319016 0.070083 0.009951 0.144328 0.006054
0.029270 0.000000 0.915249 0.019343 0.030108 0.006030
0.000259 0.975075 0.022533 0.000326 0.001748 0.000059
0.939677 0.017957 0.028041 0.001133 0.012951 0.000241
0.550946 0.007506 0.326428 0.031957 0.077659 0.005502
0.075308 0.005055 0.028356 0.039715 0.802890 0.048677
0.096872 0.806471 0.040244 0.050407 0.004317 0.001689
0.016405 0.933691 0.000830 0.039815 0.006657 0.002603
0.022638 0.000000 0.035218 0.007836 0.535102 0.399205
0.000157 0.985269 0.012205 0.000282 0.002019 0.000068
0.727322 0.056066 0.195403 0.014534 0.004446 0.002230
0.000347 0.098239 0.008739 0.796612 0.076242 0.019820
0.002390 0.000574 0.116107 0.137232 0.675305 0.068393
0.216869 0.100390 -0.000000 0.579046 0.021399 0.082296
0.000077 0.993310 0.004058 0.000248 0.002232 0.000075
0.000275 0.973455 0.024174 0.000333 0.001705 0.000057
0.866538 0.007287 0.106765 0.005532 0.013652 0.000226
0.000279 0.973062 0.024573 0.000334 0.001695 0.000057
0.000103 0.001094 0.012419 0.091273 0.876538 0.018573
0.325626 0.052395 0.387219 0.009142 0.225279 0.000339
0.026431 0.000000 0.947876 0.011257 0.012027 0.002410
0.690521 0.106908 0.172213 0.011449 0.017795 0.001114
0.049291 0.881697 0.016939 0.044144 0.005701 0.002229
0.355910 0.015912 0.567602 0.005154 0.053192 0.002230
0.040773 0.005515 0.612299 0.001732 0.336418 0.003263
0.000269 0.974094 0.023527 0.000330 0.001722 0.000058
0.034728 0.003918 0.652565 0.125571 0.172152 0.011067
0.597901 0.118572 0.216268 0.052413 0.013683 0.001164
0.067481 0.206076 0.491819 0.153800 0.067027 0.013797
0.000262 0.974731 0.022882 0.000327 0.001739 0.000059
0.000241 0.976899 0.020685 0.000318 0.001797 0.000061
0.708578 0.086993 0.173148 0.019452 0.007880 0.003950
0.552350 0.204134 0.194954 0.033104 0.011243 0.004214
0.074750 0.084945 0.730812 0.082695 0.022221 0.004576
0.943254 0.015841 0.028744 0.001047 0.010911 0.000203
0.622994 0.248631 0.095695 0.000718 0.030242 0.001722
0.604094 0.110971 0.220969 0.050493 0.012417 0.001056
0.000067 0.994334 0.003021 0.000243 0.002259 0.000076
0.000147 0.986312 0.011148 0.000278 0.002046 0.000069
0.007819 0.000000 0.897019 0.084178 0.000069 0.010916
0.008060 0.023292 0.405067 0.053461 0.190640 0.319479
0.090052 0.817252 0.036904 0.049510 0.004515 0.001766
0.540094 0.253673 0.091128 0.009030 0.101804 0.004272
0.742242 0.000852 0.200393 0.002684 0.050277 0.003552
0.043184 0.002458 0.828506 0.000977 0.123675 0.001200
0.580266 0.140216 0.202881 0.057879 0.017288 0.001470
0.046746 0.885720 0.015692 0.043809 0.005775 0.002258
0.000664 0.081697 0.021250 0.829833 0.052820 0.013737
0.743742 0.000812 0.202454 0.002604 0.047063 0.003325
0.261964 0.094495 0.071244 0.349011 0.018468 0.204818
0.283475 0.005404 0.486130 0.004234 0.215322 0.005435
0.000186 0.982329 0.015184 0.000295 0.001941 0.000065
0.000672 0.081285 0.021562 0.830661 0.052236 0.013585
0.000945 0.000154 0.961829 0.002107 0.034444 0.000521
0.940505 0.017467 0.028204 0.001113 0.012479 0.000232
0.550793 0.007530 0.326146 0.032019 0.077987 0.005525
0.862202 0.009554 0.101578 0.006570 0.019768 0.000328
0.737842 0.000970 0.194349 0.002920 0.059702 0.004217
0.184852 0.000000 0.651624 0.022656 0.137027 0.003841
0.695854 0.107986 0.158041 0.022790 0.010211 0.005118
0.005618 0.026486 0.253971 0.052298 0.247307 0.414320
0.007055 0.004486 0.927583 0.004862 0.049944 0.006070
0.786788 0.065712 0.094775 0.047368 0.004743 0.000614
0.723714 0.062018 0.191120 0.015480 0.005107 0.002561
0.167453 0.139339 -0.000000 0.656210 0.010808 0.026190
0.000155 0.985522 0.011948 0.000281 0.002025 0.000068
0.000064 0.994581 0.002771 0.000242 0.002266 0.000076
0.094143 0.810785 0.038908 0.050048 0.004396 0.001720
0.551538 0.175476 0.181073 0.066784 0.023160 0.001969
0.000210 0.979987 0.017557 0.000305 0.001879 0.000063
0.016276 0.000000 0.024135 0.006717 0.545780 0.407091
0.005881 0.576247 0.267479 0.003388 0.134234 0.012771
0.000230 0.104313 0.004146 0.784415 0.084842 0.022054
0.000643 0.082772 0.020437 0.827675 0.054342 0.014132
0.003523 0.657624 0.137862 0.003193 0.180621 0.017178
0.000251 0.975875 0.021723 0.000322 0.001770 0.000060
0.000164 0.984581 0.012902 0.000285 0.002001 0.000067
0.000665 0.081646 0.021288 0.829935 0.052748 0.013718
0.293510 0.440942 0.257012 0.007796 0.000000 0.000740
0.000264 0.974561 0.023054 0.000328 0.001735 0.000058
0.000259 0.975083 0.022526 0.000326 0.001749 0.000059
0.791814 0.015894 0.111554 0.023485 0.056752 0.000501
0.049125 0.213273 0.551212 0.113821 0.057291 0.015278
0.000643 0.082763 0.020443 0.827691 0.054330 0.014129
0.000131 0.109497 0.000225 0.774004 0.092182 0.023960
0.643368 0.226877 0.101035 0.000683 0.026527 0.001511
0.554144 0.007022 0.332296 0.030670 0.070848 0.005020
0.024429 0.000000 0.878176 0.006665 0.090729 0.000001
0.933403 0.021668 0.026808 0.001285 0.016529 0.000308
0.089901 0.817491 0.036830 0.049490 0.004520 0.001768
0.002205 0.033002 0.072814 0.881790 0.010137 0.000052
0.000073 0.993703 0.003660 0.000246 0.002242 0.000076
0.689988 0.078285 0.119658 0.004819 0.107154 0.000096
0.000270 0.973921 0.023702 0.000331 0.001718 0.000058
0.000672 0.081273 0.021571 0.830685 0.052219 0.013581
0.000474 0.091602 0.013759 0.809941 0.066845 0.017379
0.002946 0.027885 0.108133 0.853360 0.007635 0.000039
0.040450 0.013951 0.872609 0.015452 0.057053 0.000485
0.277282 0.248249 0.459976 0.012605 0.000066 0.001823
0.000000 0.023142 0.015154 0.000000 0.947627 0.014077
0.000278 0.973180 0.024453 0.000334 0.001698 0.000057
0.684309 0.081306 0.117065 0.004946 0.112273 0.000100
0.942702 0.016168 0.028635 0.001060 0.011226 0.000209
0.451390 0.318416 0.070276 0.009942 0.143937 0.006038
0.670374 0.130569 0.161096 0.012878 0.023606 0.001477
0.020740 0.000000 0.031911 0.007502 0.538288 0.401558
0.940819 0.017281 0.028265 0.001106 0.012299 0.000229
0.003113 0.000000 0.008347 0.768023 0.135130 0.085387
0.000259 0.975073 0.022535 0.000326 0.001748 0.000059
0.002639 0.000000 0.000380 0.004317 0.568668 0.423995
0.022258 0.924436 0.003697 0.040586 0.006487 0.002536
0.048438 0.005054 0.014149 0.036704 0.844463 0.051192
0.104487 0.179228 0.568831 0.044872 0.091494 0.011088
0.809866 0.011935 0.120017 0.019690 0.038155 0.000337
0.000696 0.080036 0.022506 0.833168 0.050469 0.013126
0.001870 0.902731 0.091273 0.003233 0.000544 0.000349
0.018511 0.000000 0.028029 0.007110 0.542029 0.404321
0.553932 0.202021 0.195906 0.032923 0.011070 0.004149
0.329582 0.000000 0.362485 0.006656 0.296930 0.004347
0.000000 0.086485 0.804956 0.080554 0.011114 0.016891
0.000083 0.992644 0.004733 0.000250 0.002214 0.000075
0.913907 0.033199 0.022977 0.001755 0.027647 0.000514
0.587298 0.131585 0.208219 0.055699 0.015850 0.001348
0.180754 0.505887 0.214551 0.019258 0.074520 0.005030
0.000069 0.994104 0.003254 0.000244 0.002253 0.000076
0.000274 0.102041 0.005865 0.788979 0.081624 0.021218
0.723074 0.063075 0.190359 0.015648 0.005224 0.002619
0.735933 0.053848 0.140638 0.003785 0.065737 0.000059
0.000045 0.996539 0.000787 0.000234 0.002318 0.000078
0.940149 0.017677 0.028134 0.001122 0.012681 0.000236
0.050752 0.195160 0.000000 0.690899 0.018464 0.044725
0.097861 0.804907 0.040729 0.050538 0.004288 0.001678
0.006046 0.570538 0.276573 0.003402 0.130979 0.012462
0.643837 0.102832 0.098584 0.005857 0.148758 0.000133
0.209177 0.035103 0.680499 0.010739 0.058624 0.005858
0.047218 0.231722 0.520195 0.118129 0.065320 0.017417
0.690877 0.077812 0.120064 0.004799 0.106353 0.000095
0.930176 0.023576 0.026174 0.001363 0.018369 0.000342
0.000948 0.000159 0.960341 0.002154 0.035855 0.000542
0.702527 0.096976 0.165964 0.021039 0.008988 0.004506
0.734145 0.054799 0.139822 0.003825 0.067348 0.000060
0.000743 0.077558 0.024380 0.838144 0.046960 0.012215
0.691016 0.077738 0.120128 0.004796 0.106227 0.000095
0.675209 0.124890 0.163764 0.012535 0.022212 0.001390
0.000053 0.995652 0.001685 0.000238 0.002294 0.000077
0.010035 0.000000 0.013264 0.005619 0.556255 0.414827
0.000322 0.099542 0.007754 0.793995 0.078087 0.020299
0.000285 0.972485 0.025157 0.000337 0.001680 0.000057
0.933984 0.021324 0.026922 0.001271 0.016197 0.000301
0.273766 0.261457 0.449778 0.012959 0.000071 0.001969
0.228946 0.124580 0.221660 0.259485 0.004987 0.160343
0.002609 0.151883 0.008251 0.696813 0.128910 0.011534
0.005619 0.003868 0.854118 0.005063 0.099950 0.031382
0.009664 0.701527 0.251659 0.004271 0.024883 0.007996
0.219008 0.000000 0.616873 0.109958 0.002490 0.051672
0.000202 0.980739 0.016795 0.000301 0.001899 0.000064
0.000000 0.039982 0.755609 0.000000 0.198021 0.006388
0.942595 0.016231 0.028614 0.001063 0.011287 0.000210
0.934338 0.021114 0.026992 0.001262 0.015995 0.000298
0.479753 0.056388 0.430397 0.002174 0.028302 0.002985
0.095016 0.809405 0.039335 0.050163 0.004371 0.001710
0.536012 0.194532 0.169288 0.071596 0.026334 0.002239
0.041054 0.019995 0.827875 0.019805 0.090502 0.000769
0.000179 0.983120 0.014382 0.000291 0.001962 0.000066
0.000147 0.986242 0.011219 0.000278 0.002045 0.000069
0.140992 0.151996 0.000000 0.664075 0.012544 0.030393
0.652682 0.216931 0.103476 0.000667 0.024829 0.001414
0.548830 0.247297 0.093182 0.008940 0.097654 0.004098
0.008610 0.000000 0.010782 0.005368 0.558646 0.416593
0.170239 0.169619 0.309736 0.119433 0.205947 0.025026
0.000090 0.991994 0.005391 0.000253 0.002197 0.000074
0.000259 0.975088 0.022520 0.000326 0.001749 0.000059
0.000261 0.974841 0.022770 0.000327 0.001742 0.000059
0.341488 0.044145 0.405352 0.010610 0.190425 0.007979
0.942505 0.016284 0.028597 0.001065 0.011338 0.000211
0.000651 0.082348 0.020758 0.828526 0.053741 0.013976
0.479037 0.058368 0.427512 0.002220 0.029727 0.003136
0.092064 0.814072 0.037889 0.049775 0.004457 0.001743
0.022457 0.000000 0.034903 0.007804 0.535406 0.399430
0.734687 0.054511 0.140069 0.003813 0.066860 0.000060
0.731217 0.001148 0.185250 0.003275 0.073892 0.005219
0.000042 0.996835 0.000487 0.000233 0.002326 0.000078
0.000570 0.086597 0.017544 0.819992 0.059758 0.015539
0.000248 0.976193 0.021400 0.000321 0.001778 0.000060
0.000663 0.081746 0.021213 0.829734 0.052890 0.013755
0.350864 0.078913 0.521858 0.006240 0.042112 0.000012
0.274628 0.091556 0.075645 0.347833 0.017396 0.192943
0.000282 0.972738 0.024901 0.000336 0.001686 0.000057
0.185240 0.000000 0.655179 0.022401 0.133440 0.003741
0.081110 0.783165 0.054860 0.059451 0.018987 0.002427
0.000680 0.080832 0.021904 0.831569 0.051596 0.013419
0.000968 0.000189 0.951401 0.002437 0.044336 0.000670
0.467824 0.089393 0.382304 0.002938 0.052052 0.005489
0.178868 0.018099 -0.000000 0.712181 0.054742 0.036111
0.864481 0.008362 0.104305 0.006024 0.016553 0.000274
0.000093 0.991659 0.005731 0.000255 0.002188 0.000074
0.045899 0.244477 0.498751 0.121106 0.070870 0.018896
0.008551 0.022650 0.435427 0.053695 0.179254 0.300423
0.000556 0.087297 0.017015 0.818587 0.060749 0.015796
0.000105 0.990492 0.006914 0.000260 0.002157 0.000073
0.942834 0.016089 0.028661 0.001057 0.011150 0.000208
0.142888 0.662260 0.117974 0.061518 0.013619 0.001741
0.000259 0.975078 0.022530 0.000326 0.001748 0.000059
0.679356 0.083940 0.114803 0.005058 0.116738 0.000104
0.813527 0.035004 0.043347 0.018229 0.088428 0.001465
0.000256 0.975364 0.022241 0.000324 0.001756 0.000059
0.034805 0.003891 0.654863 0.125146 0.170344 0.010951
0.000618 0.084092 0.019439 0.825024 0.056211 0.014617
0.631477 0.239573 0.097918 0.000703 0.028695 0.001634
0.865981 0.007578 0.106098 0.005665 0.014439 0.000239
0.005711 0.000000 0.005731 0.004858 0.563513 0.420187
0.560658 0.238664 0.095962 0.008818 0.092036 0.003862
0.148457 0.651361 0.123663 0.061704 0.013135 0.001680
0.000075 0.993536 0.003830 0.000247 0.002238 0.000075
0.000253 0.975660 0.021940 0.000323 0.001764 0.000059
0.000257 0.975223 0.022384 0.000325 0.001752 0.000059
0.935385 0.020496 0.027197 0.001237 0.015399 0.000287
0.000365 0.097269 0.009473 0.798560 0.074869 0.019463
0.743033 0.102969 0.081532 0.062592 0.008743 0.001131
0.550778 0.245874 0.093640 0.008920 0.096729 0.004059
0.000187 0.982301 0.015213 0.000295 0.001940 0.000065
0.346751 0.091656 0.502814 0.006834 0.051930 0.000015
0.000951 0.041661 0.013037 0.929907 0.014371 0.000074
0.006738 0.126862 0.042169 0.723112 0.092813 0.008307
0.473609 0.105350 0.329659 0.027584 0.059983 0.003816
0.000233 0.977626 0.019948 0.000315 0.001816 0.000061
0.031702 0.004968 0.562151 0.142282 0.243264 0.015634
0.940419 0.017518 0.028187 0.001115 0.012528 0.000233
0.011331 0.000000 0.015520 0.005847 0.554081 0.413222
0.554696 0.006939 0.333307 0.030448 0.069674 0.004937
0.179345 0.133651 0.000000 0.652675 0.010027 0.024301
0.191287 0.127939 0.000000 0.649126 0.009244 0.022405
0.002722 0.000000 0.000524 0.004332 0.568529 0.423892
0.000267 0.974268 0.023350 0.000329 0.001727 0.000058
0.264433 0.119039 0.460889 0.148106 0.007533 0.000000
0.000678 0.080976 0.021795 0.831280 0.051799 0.013472
0.945576 0.014468 0.029200 0.000991 0.009586 0.000178
0.594028 0.220229 0.118968 0.018294 0.045628 0.002854
0.000219 0.979028 0.018528 0.000309 0.001853 0.000062
0.000211 0.979898 0.017646 0.000305 0.001876 0.000063
0.005219 0.599092 0.231092 0.003333 0.147256 0.014008
0.019475 0.000000 0.029708 0.007280 0.540412 0.403126
0.001398 0.137098 0.000000 0.100611 0.188750 0.572143
0.646426 0.223611 0.101836 0.000678 0.025970 0.001479
0.676310 0.123598 0.164371 0.012457 0.021894 0.001370
0.000202 0.980725 0.016809 0.000301 0.001898 0.000064
0.000242 0.976805 0.020780 0.000318 0.001794 0.000060
0.000285 0.972446 0.025196 0.000337 0.001679 0.000057
0.721058 0.066401 0.187966 0.016177 0.005594 0.002805
0.007328 0.000000 0.925555 0.060514 0.000042 0.006562
0.124320 0.005056 0.054272 0.045207 0.727056 0.044089
0.000346 0.098265 0.008720 0.796561 0.076279 0.019830
0.026619 0.000000 0.945718 0.011791 0.013222 0.002649
0.000200 0.980947 0.016584 0.000301 0.001904 0.000064
0.000675 0.081097 0.021704 0.831038 0.051970 0.013516
0.000109 0.990061 0.007350 0.000261 0.002146 0.000072
0.000155 0.985467 0.012004 0.000281 0.002024 0.000068
0.518509 0.269427 0.086054 0.009252 0.112056 0.004701
0.121216 0.005056 0.052630 0.044859 0.731860 0.044379
0.003723 0.731904 0.260537 0.003213 0.000380 0.000244
0.000269 0.974089 0.023532 0.000330 0.001722 0.000058
0.093549 0.811724 0.038617 0.049970 0.004414 0.001726
0.040340 0.012845 0.880799 0.014654 0.050929 0.000433
0.455219 0.126623 0.304854 0.030690 0.077674 0.004941
0.020133 0.044514 0.710315 0.224520 0.000000 0.000518
0.941643 0.016794 0.028427 0.001086 0.011829 0.000220
0.000340 0.098581 0.008481 0.795927 0.076726 0.019946
0.000133 0.987682 0.009760 0.000272 0.002083 0.000070
0.000667 0.081522 0.021382 0.830183 0.052573 0.013673
0.000663 0.081724 0.021230 0.829779 0.052858 0.013747
0.603488 0.111715 0.220509 0.050681 0.012541 0.001067
0.141701 0.664582 0.116762 0.061478 0.013722 0.001755
0.002308 0.000574 0.111248 0.135797 0.681096 0.068978
0.000228 0.978174 0.019393 0.000312 0.001831 0.000062
0.005283 0.831702 0.112241 0.004074 0.035347 0.011353
0.004459 0.000000 0.013940 0.790318 0.117209 0.074074
0.945370 0.014590 0.029160 0.000996 0.009704 0.000181
0.029377 0.005053 0.004070 0.034568 0.873956 0.052977
0.085380 0.192433 0.535968 0.114546 0.063537 0.008136
0.000286 0.972334 0.025310 0.000337 0.001676 0.000056
0.938745 0.018508 0.027858 0.001156 0.013483 0.000251
0.159432 0.005057 0.072837 0.049141 0.672730 0.040802
0.262702 0.303019 0.417689 0.014073 0.000087 0.002429
0.000039 0.997115 0.000204 0.000231 0.002333 0.000079
0.000619 0.084022 0.019492 0.825164 0.056112 0.014592
0.000577 0.086244 0.017811 0.820700 0.059259 0.015409
0.014762 0.000000 0.021497 0.006450 0.548322 0.408968
0.344778 0.188479 0.264217 0.111660 0.084250 0.006617
0.098696 0.208238 0.517290 0.048650 0.113388 0.013739
0.494679 0.182164 0.030475 0.009212 0.283216 0.000253
0.026075 0.006922 0.394071 0.173347 0.375461 0.024125
0.003083 0.000574 0.157105 0.149343 0.626440 0.063455
0.000060 0.995043 0.002303 0.000240 0.002278 0.000077
0.000050 0.995987 0.001346 0.000236 0.002303 0.000078
0.055662 0.005054 0.017968 0.037513 0.833286 0.050516
0.000293 0.971665 0.025988 0.000340 0.001658 0.000056
0.000189 0.982112 0.015403 0.000296 0.001935 0.000065
0.000209 0.105415 0.003312 0.782202 0.086403 0.022459
0.865994 0.007571 0.106115 0.005662 0.014419 0.000239
0.171694 0.018612 0.000000 0.713702 0.057840 0.038152
0.000281 0.101654 0.006157 0.789755 0.081077 0.021076
0.003562 0.000000 0.133394 0.804475 0.014615 0.043954
0.000048 0.996208 0.001122 0.000235 0.002309 0.000078
0.024413 0.000000 0.860270 0.007224 0.108091 0.000001
0.000195 0.981478 0.016046 0.000298 0.001918 0.000065
0.002946 0.027891 0.108097 0.853390 0.007638 0.000039
0.000062 0.994830 0.002518 0.000241 0.002272 0.000077
0.942330 0.016388 0.028562 0.001069 0.011438 0.000213
0.455336 0.203090 0.012510 0.010097 0.318683 0.000284
0.000302 0.970717 0.026949 0.000344 0.001633 0.000055
0.004044 0.586636 0.394074 0.003487 0.011086 0.000673
0.177079 0.134735 0.000000 0.653349 0.010176 0.024661
0.290503 0.067790 0.313949 0.010671 0.316611 0.000477
0.939688 0.017950 0.028043 0.001133 0.012944 0.000241
0.679553 0.119789 0.166161 0.012227 0.020959 0.001311
0.000278 0.973202 0.024431 0.000334 0.001699 0.000057
0.000264 0.974561 0.023054 0.000328 0.001735 0.000058
0.003007 0.000574 0.152582 0.148007 0.631831 0.064000
0.939660 0.017967 0.028038 0.001134 0.012961 0.000241
0.000252 0.975811 0.021788 0.000322 0.001768 0.000060
0.453513 0.022258 0.147674 0.071180 0.285178 0.020196
0.000244 0.976519 0.021070 0.000319 0.001787 0.000060
0.000527 0.088808 0.015872 0.815552 0.062889 0.016352
0.000500 0.001117 0.154408 0.129860 0.699290 0.014825
0.187456 0.493087 0.224576 0.019211 0.070885 0.004785
0.000283 0.972690 0.024949 0.000336 0.001685 0.000057
0.000619 0.084057 0.019465 0.825094 0.056161 0.014605
0.051064 0.005054 0.015537 0.036998 0.840401 0.050947
0.003626 0.000000 0.136668 0.802279 0.014330 0.043096
0.003902 0.603555 0.376631 0.003502 0.011698 0.000710
0.083668 0.000000 0.911254 0.003307 0.001359 0.000411
0.943376 0.015769 0.028768 0.001044 0.010841 0.000202
0.477472 0.062699 0.421201 0.002320 0.032844 0.003464
0.000059 0.995094 0.002251 0.000240 0.002279 0.000077
0.019076 0.000000 0.029013 0.007209 0.541081 0.403621
0.256588 0.460599 0.024484 0.011946 0.236466 0.009917
0.630811 0.198524 0.047565 0.101638 0.019004 0.002458
0.500815 0.237730 0.142570 0.082506 0.033528 0.002850
0.000258 0.975188 0.022418 0.000325 0.001751 0.000059
0.049634 0.146961 0.733530 0.013164 0.051639 0.005073
0.020999 0.000000 0.032362 0.007548 0.537854 0.401237
0.746437 0.048262 0.145434 0.003549 0.056268 0.000050
0.000179 0.983067 0.014436 0.000291 0.001960 0.000066
0.000402 0.001111 0.119292 0.120316 0.743127 0.015752
0.932769 0.022043 0.026683 0.001300 0.016890 0.000314
0.108891 0.072820 0.683616 0.116714 0.006113 0.011846
0.000259 0.975103 0.022504 0.000326 0.001749 0.000059
0.051094 0.878847 0.017821 0.044381 0.005648 0.002209
0.000256 0.975336 0.022269 0.000325 0.001755 0.000059
0.355770 0.016186 0.566026 0.005207 0.054524 0.002286
0.000263 0.974655 0.022959 0.000327 0.001737 0.000059
0.158070 0.058552 0.662380 0.016978 0.088006 0.016015
0.000268 0.974154 0.023466 0.000330 0.001724 0.000058
0.093981 0.811041 0.038828 0.050027 0.004401 0.001722
0.942196 0.016467 0.028536 0.001073 0.011514 0.000214
0.000299 0.971066 0.026595 0.000343 0.001642 0.000055
0.024419 0.000000 0.866466 0.007031 0.102084 0.000001
0.722718 0.063662 0.189936 0.015742 0.005290 0.002652
0.938636 0.018572 0.027837 0.001158 0.013544 0.000252
0.000329 0.099162 0.008042 0.794760 0.077548 0.020159
0.943340 0.015790 0.028761 0.001045 0.010862 0.000202
0.005868 0.576699 0.266759 0.003387 0.134491 0.012795
0.207832 0.041691 0.656869 0.011965 0.074227 0.007416
0.155824 0.067377 0.633135 0.018598 0.105812 0.019253
0.741182 0.051057 0.143035 0.003667 0.061005 0.000054
0.476445 0.065539 0.417063 0.002386 0.034887 0.003679
0.938212 0.018823 0.027753 0.001169 0.013786 0.000257
0.000228 0.978147 0.019420 0.000312 0.001830 0.000062
0.054459 0.005054 0.017332 0.037378 0.835148 0.050629
0.762340 0.086530 0.087375 0.055874 0.006978 0.000903
0.207620 0.042728 0.653148 0.012158 0.076683 0.007662
0.000612 0.084398 0.019207 0.824409 0.056644 0.014730
0.287614 0.000000 0.400166 0.013963 0.257491 0.040766
0.500363 0.282672 0.081788 0.009439 0.120676 0.005063
0.012331 0.000000 0.017263 0.006023 0.552402 0.411982
0.159734 0.052016 0.684036 0.015779 0.074819 0.013617
0.168675 0.018827 0.000000 0.714343 0.059144 0.039011
0.010223 0.684919 0.269447 0.004297 0.023548 0.007567
0.944793 0.014931 0.029046 0.001010 0.010033 0.000187
0.284251 0.005342 0.488830 0.004205 0.212020 0.005352
0.000200 0.980963 0.016568 0.000300 0.001905 0.000064
0.000233 0.977693 0.019881 0.000314 0.001818 0.000061
0.000255 0.975426 0.022178 0.000324 0.001758 0.000059
0.580133 0.140379 0.202780 0.057920 0.017315 0.001472
0.317181 0.000000 0.488675 0.011150 0.157977 0.025017
0.307645 0.409246 0.274897 0.007552 0.000000 0.000658
0.000078 0.993142 0.004229 0.000248 0.002228 0.000075
0.938138 0.018867 0.027739 0.001171 0.013828 0.000257
0.009011 0.720923 0.230887 0.004242 0.026442 0.008496
0.000943 0.000151 0.962773 0.002078 0.033548 0.000507
0.000057 0.995259 0.002084 0.000239 0.002284 0.000077
0.000250 0.975927 0.021670 0.000322 0.001771 0.000060
0.865445 0.007859 0.105457 0.005793 0.015194 0.000252
0.280085 0.471045 0.240027 0.008027 0.000000 0.000817
0.508184 0.000000 0.395931 0.006825 0.083521 0.005539
0.602257 0.113225 0.219575 0.051062 0.012793 0.001088
0.941974 0.016598 0.028492 0.001078 0.011641 0.000217
0.000217 0.979227 0.018327 0.000308 0.001859 0.000063
0.000194 0.981598 0.015924 0.000298 0.001921 0.000065
0.556811 0.198172 0.197638 0.032593 0.010755 0.004031
0.001709 0.036430 0.049151 0.900837 0.011813 0.000061
0.000273 0.973616 0.024011 0.000332 0.001710 0.000058
0.094033 0.810958 0.038854 0.050034 0.004400 0.001721
0.000664 0.081678 0.021264 0.829870 0.052794 0.013730
0.000701 0.079780 0.022700 0.833683 0.050106 0.013032
0.719680 0.001457 0.169402 0.003892 0.098605 0.006963
0.938271 0.018789 0.027765 0.001167 0.013753 0.000256
0.727747 0.055365 0.195907 0.014422 0.004368 0.002191
0.049586 0.148078 0.731797 0.013223 0.052189 0.005127
0.000296 0.971330 0.026327 0.000342 0.001649 0.000056
0.000572 0.000572 0.008496 0.105444 0.803564 0.081353
0.475996 0.066782 0.415252 0.002415 0.035781 0.003774
0.451775 0.318136 0.070367 0.009938 0.143755 0.006030
0.082720 0.000000 0.912585 0.003113 0.001214 0.000368
0.002557 0.690976 0.084739 0.003112 0.199632 0.018984
0.008567 0.004131 0.706955 0.106736 0.146043 0.027569
0.915142 0.032469 0.023219 0.001725 0.026943 0.000501
0.000703 0.079643 0.022803 0.833957 0.049912 0.012981
0.014671 0.282447 0.605109 0.011496 0.071679 0.014598
0.938762 0.018498 0.027861 0.001155 0.013473 0.000251
0.687715 0.110204 0.170664 0.011648 0.018605 0.001164
0.230876 0.101711 0.060440 0.351905 0.021099 0.233968
0.000267 0.974289 0.023329 0.000329 0.001728 0.000058
0.943804 0.015516 0.028852 0.001034 0.010597 0.000197
0.000044 0.996647 0.000678 0.000233 0.002321 0.000078
0.683140 0.115577 0.168140 0.011972 0.019924 0.001247
0.015306 0.114517 0.835699 0.006003 0.023656 0.004820
0.043219 0.002414 0.831657 0.000966 0.120575 0.001170
0.000287 0.101355 0.006383 0.790356 0.080653 0.020966
0.000619 0.084010 0.019501 0.825188 0.056095 0.014587
0.159327 0.053614 0.678739 0.016072 0.078044 0.014203
0.711049 0.067083 0.129275 0.004345 0.088169 0.000079
0.341698 0.045350 0.420744 0.008443 0.183489 0.000277
0.569393 0.142426 0.064592 0.007531 0.215865 0.000193
0.078156 0.836061 0.031077 0.047944 0.004861 0.001901
0.003236 0.682976 0.294756 0.003574 0.014574 0.000885
0.000636 0.083131 0.020165 0.826953 0.054850 0.014264
0.002881 0.000000 0.000801 0.004360 0.568263 0.423696
0.006891 0.000000 0.007787 0.005066 0.561532 0.418725
0.000170 0.983996 0.013495 0.000287 0.001985 0.000067
0.000206 0.980359 0.017180 0.000303 0.001889 0.000064
0.103715 0.183094 0.561962 0.045375 0.094412 0.011441
0.084832 0.825506 0.034347 0.048823 0.004667 0.001825
0.000062 0.994789 0.002560 0.000241 0.002271 0.000076
0.001670 0.000573 0.073474 0.124638 0.726118 0.073527
0.478996 0.058483 0.427344 0.002223 0.029810 0.003144
0.000050 0.995988 0.001345 0.000236 0.002303 0.000078
0.194378 0.126460 0.000000 0.648207 0.009041 0.021914
0.001136 0.000000 0.000137 0.735297 0.161436 0.101993
0.000088 0.992143 0.005241 0.000253 0.002201 0.000074
0.043270 0.002349 0.836231 0.000950 0.116073 0.001126
0.007013 0.000000 0.007999 0.005087 0.561328 0.418574
0.108944 0.072226 0.684956 0.116113 0.006046 0.011715
0.024426 0.000000 0.874429 0.006782 0.094363 0.000001
0.001157 0.000572 0.043142 0.115678 0.762270 0.077180
0.320635 0.054583 0.376806 0.009359 0.238258 0.000359
0.156462 0.635694 0.131841 0.061972 0.012440 0.001591
0.007993 0.023379 0.400936 0.053429 0.192190 0.322073
0.020881 0.000000 0.032157 0.007527 0.538051 0.401383
0.000258 0.975150 0.022457 0.000325 0.001750 0.000059
0.010631 0.000000 0.014301 0.005724 0.555255 0.414089
0.000142 0.986757 0.010698 0.000276 0.002058 0.000069
0.000039 0.997140 0.000178 0.000231 0.002334 0.000079
0.522282 0.266673 0.086941 0.009213 0.110264 0.004626
0.000266 0.974370 0.023247 0.000329 0.001730 0.000058
0.000047 0.996278 0.001052 0.000235 0.002311 0.000078
0.000172 0.107332 0.001863 0.778352 0.089117 0.023164
0.020050 0.047418 0.697845 0.234125 0.000000 0.000563
0.000264 0.974599 0.023016 0.000328 0.001736 0.000058
0.941688 0.016767 0.028436 0.001085 0.011804 0.000220
0.807166 0.012527 0.118752 0.020258 0.040936 0.000361
0.585271 0.134073 0.206681 0.056327 0.016265 0.001383
0.000282 0.972716 0.024923 0.000336 0.001686 0.000057
0.000195 0.981477 0.016047 0.000298 0.001918 0.000065
0.000059 0.995076 0.002269 0.000240 0.002279 0.000077
0.738467 0.052501 0.141795 0.003728 0.063453 0.000057
0.058331 0.867404 0.021366 0.045334 0.005438 0.002126
0.480664 0.053868 0.434070 0.002116 0.026489 0.002794
0.109245 0.068869 0.692533 0.112716 0.005663 0.010974
0.012138 0.009682 0.809149 0.125584 0.019964 0.023483
0.000683 0.080715 0.021993 0.831805 0.051429 0.013375
0.000360 0.097519 0.009284 0.798060 0.075222 0.019555
0.000584 0.085857 0.018104 0.821478 0.058710 0.015267
0.941270 0.017015 0.028354 0.001095 0.012043 0.000224
0.182934 0.131934 -0.000000 0.651608 0.009792 0.023731
0.000186 0.106599 0.002417 0.779824 0.088079 0.022895
0.320169 0.000000 0.497620 0.010866 0.147920 0.023426
0.000114 0.989600 0.007817 0.000263 0.002134 0.000072
0.038770 0.313423 0.382839 0.137203 0.100875 0.026890
0.000070 0.994003 0.003356 0.000245 0.002250 0.000076
0.000279 0.973035 0.024600 0.000334 0.001694 0.000057
0.509478 0.261434 0.169161 0.038016 0.015939 0.005972
0.003089 0.026902 0.114921 0.847896 0.007155 0.000037
0.259471 0.517264 0.213946 0.008382 0.000000 0.000936
0.322785 0.021488 0.530846 0.004678 0.117532 0.002672
0.000598 0.085140 0.018646 0.822918 0.057695 0.015003
0.741422 0.000874 0.199267 0.002728 0.052033 0.003676
0.000478 0.091405 0.013908 0.810337 0.066566 0.017307
0.074512 0.088901 0.723008 0.085017 0.023684 0.004877
0.678305 0.121255 0.165472 0.012315 0.021319 0.001334
0.803664 0.013295 0.117109 0.020994 0.044544 0.000393
0.000392 0.095870 0.010532 0.801371 0.072887 0.018949
0.011507 0.000000 0.015828 0.005878 0.553784 0.413002
0.525816 0.264094 0.087772 0.009177 0.108586 0.004556
0.944016 0.015390 0.028894 0.001029 0.010476 0.000195
0.000143 0.986716 0.010739 0.000276 0.002057 0.000069
0.103264 0.185353 0.557949 0.045670 0.096117 0.011648
0.932327 0.022304 0.026597 0.001311 0.017143 0.000319
0.148683 0.650918 0.123894 0.061712 0.013116 0.001677
0.106207 0.196607 0.064007 0.304439 0.009921 0.318820
0.020708 0.000000 0.031856 0.007497 0.538342 0.401597
0.000152 0.985799 0.011668 0.000280 0.002033 0.000068
0.087314 0.821583 0.035562 0.049149 0.004595 0.001797
0.172606 0.005058 0.079803 0.050618 0.652347 0.039568
