0.029569 0.001343 0.173825 0.795211 0.000052
0.001678 0.003090 0.474679 0.209620 0.310933
0.011666 0.001961 0.219982 0.744123 0.022269
0.978603 0.000115 0.012851 0.008208 0.000223
0.978252 0.000150 0.012898 0.008452 0.000248
0.507986 0.005805 0.188506 0.278651 0.019053
0.010971 0.050624 0.371203 0.345478 0.221724
0.002685 0.938546 0.039188 0.018483 0.001098
0.916969 0.008784 0.034838 0.034772 0.004637
0.961940 0.001801 0.015041 0.019819 0.001399
0.000544 0.015718 0.142751 0.779490 0.061497
0.002489 0.220862 0.108318 0.654447 0.013885
0.000774 0.699069 0.235341 0.064799 0.000018
0.015723 0.015999 0.124616 0.838050 0.005611
0.001577 0.845237 0.052366 0.100774 0.000046
0.822483 0.000993 0.047399 0.127680 0.001444
0.967130 0.000044 0.024667 0.006708 0.001452
0.036804 0.000353 0.217358 0.742589 0.002897
0.000010 0.018343 0.091234 0.023795 0.866617
0.013274 0.004423 0.361236 0.533924 0.087143
0.012722 0.005946 0.082849 0.868296 0.030187
0.000000 0.286352 0.685757 0.027822 0.000069
0.968363 0.001151 0.014197 0.015344 0.000946
0.000571 0.015115 0.190174 0.167626 0.626515
0.022732 0.002194 0.141742 0.833260 0.000072
0.924549 0.006007 0.034500 0.031349 0.003596
0.202568 0.030618 0.127223 0.564899 0.074692
0.000221 0.062652 0.059414 0.867690 0.010023
0.008488 0.339373 0.246420 0.249269 0.156451
0.001403 0.022771 0.113644 0.859966 0.002216
0.009915 0.174918 0.077351 0.732973 0.004843
0.008970 0.003908 0.077167 0.909844 0.000112
0.000221 0.062655 0.059406 0.867695 0.010023
0.000122 0.168408 0.140812 0.690294 0.000364
0.000010 0.018343 0.091250 0.023796 0.866602
0.000334 0.350381 0.127439 0.519783 0.002063
0.050528 0.328119 0.378510 0.154837 0.088006
0.000000 0.278255 0.645660 0.016289 0.059796
0.020064 0.002208 0.135048 0.834995 0.007686
0.971686 0.000008 0.023263 0.004514 0.000530
0.001534 0.221515 0.276942 0.466150 0.033860
0.348802 0.090211 0.278944 0.263812 0.018232
0.913585 0.010023 0.034989 0.036300 0.005102
0.000000 0.009758 0.604537 0.173932 0.211774
0.022697 0.004914 0.113934 0.832641 0.025814
0.002499 0.502731 0.218602 0.271943 0.004224
0.000177 0.019394 0.088915 0.152679 0.738835
0.006542 0.003706 0.068559 0.909639 0.011554
0.944439 0.000046 0.031210 0.024194 0.000111
0.000000 0.278766 0.645029 0.016308 0.059897
0.002613 0.002324 0.390304 0.587634 0.017124
0.020496 0.142377 0.116818 0.716196 0.004112
0.000010 0.018343 0.091234 0.023795 0.866617
0.006540 0.624476 0.100328 0.248745 0.019910
0.036949 0.030388 0.169032 0.762014 0.001617
0.012187 0.006002 0.081184 0.870206 0.030421
0.000010 0.018336 0.091471 0.023802 0.866381
0.122737 0.271865 0.161070 0.399069 0.045259
0.030628 0.224618 0.355463 0.381626 0.007664
0.055165 0.020571 0.369115 0.509943 0.045205
0.116285 0.158267 0.566798 0.111667 0.046983
0.000333 0.350413 0.127404 0.519786 0.002063
0.000000 0.186669 0.758832 0.012857 0.041642
0.170419 0.018436 0.721807 0.076127 0.013211
0.000012 0.018063 0.099761 0.024038 0.858127
0.822498 0.000993 0.047397 0.127668 0.001444
0.033358 0.102820 0.164796 0.695803 0.003224
0.026652 0.007422 0.185813 0.776791 0.003322
0.072113 0.013236 0.437384 0.445398 0.031869
0.249885 0.169695 0.227367 0.322995 0.030058
0.000000 0.210131 0.051539 0.237288 0.501042
0.007561 0.238993 0.481993 0.268945 0.002508
0.000010 0.018342 0.091276 0.023796 0.866575
0.174178 0.194930 0.286519 0.228403 0.115970
0.914083 0.006643 0.021330 0.053169 0.004775
0.037460 0.151114 0.689266 0.122126 0.000035
0.000068 0.195827 0.101612 0.702082 0.000410
0.971597 0.000009 0.023290 0.004556 0.000548
0.005499 0.007748 0.270751 0.715012 0.000990
0.840518 0.000853 0.045005 0.112377 0.001247
0.978038 0.000172 0.012926 0.008601 0.000263
0.966359 0.001354 0.014461 0.016740 0.001087
0.057943 0.005863 0.177133 0.758905 0.000155
0.000000 0.273094 0.546620 0.020299 0.159987
0.021830 0.033937 0.857267 0.086966 0.000000
0.010014 0.174616 0.077718 0.732816 0.004836
0.017143 0.266171 0.020951 0.391317 0.304418
0.978525 0.000122 0.012862 0.008262 0.000229
0.914083 0.006643 0.021330 0.053169 0.004775
0.025982 0.125504 0.137283 0.707498 0.003733
0.002646 0.938924 0.038878 0.018454 0.001098
0.014242 0.005789 0.087587 0.862861 0.029520
0.025571 0.033381 0.249899 0.622655 0.068493
0.918159 0.006231 0.020795 0.050328 0.004487
0.009230 0.152060 0.568811 0.267957 0.001942
0.176380 0.143514 0.192806 0.398078 0.089222
0.001358 0.010453 0.240070 0.704067 0.044053
0.926681 0.000364 0.037134 0.026188 0.009633
0.961136 0.000092 0.026514 0.009595 0.002664
0.008706 0.503883 0.149738 0.336958 0.000715
0.000000 0.272939 0.546864 0.020292 0.159905
0.010416 0.023076 0.377939 0.584286 0.004283
0.000000 0.003773 0.738288 0.145919 0.112021
0.000000 0.278797 0.644991 0.016309 0.059904
0.978069 0.000169 0.012922 0.008580 0.000261
0.003880 0.000000 0.950903 0.019065 0.026152
0.002490 0.220838 0.108350 0.654438 0.013883
0.000129 0.165049 0.145614 0.688850 0.000358
0.013351 0.004404 0.362399 0.533019 0.086826
0.693751 0.090551 0.044808 0.135591 0.035298
0.017000 0.002547 0.119980 0.851911 0.008562
0.000010 0.018332 0.091578 0.023805 0.866275
0.000000 0.158569 0.721454 0.119882 0.000095
0.000232 0.062131 0.060793 0.866888 0.009955
0.007583 0.022388 0.079033 0.883680 0.007316
0.078867 0.269894 0.130596 0.505509 0.015135
0.092058 0.297282 0.112265 0.363753 0.134642
0.001514 0.065382 0.868512 0.064593 0.000000
0.904574 0.013324 0.035392 0.040371 0.006339
0.002646 0.938925 0.038877 0.018454 0.001098
0.968189 0.000036 0.024340 0.006197 0.001237
0.920370 0.000414 0.039078 0.029227 0.010909
0.000068 0.195710 0.101780 0.702032 0.000410
0.000226 0.062391 0.060104 0.867289 0.009989
0.006805 0.278381 0.442656 0.269393 0.002764
0.000039 0.013882 0.226900 0.027654 0.731525
0.010696 0.172516 0.080265 0.731734 0.004789
0.000112 0.173372 0.133716 0.692428 0.000372
0.019514 0.002910 0.454611 0.461271 0.061694
0.021751 0.002368 0.488084 0.435226 0.052571
0.044801 0.002626 0.182813 0.753635 0.016125
0.000000 0.040623 0.420269 0.528214 0.010894
0.966035 0.000053 0.025004 0.007235 0.001673
0.005806 0.023783 0.069084 0.893639 0.007688
0.000418 0.019965 0.353032 0.626474 0.000112
0.012556 0.166798 0.087199 0.728786 0.004660
0.001754 0.109612 0.390199 0.497503 0.000932
0.007677 0.143230 0.152957 0.696136 0.000000
0.001041 0.230436 0.258339 0.508684 0.001499
0.023735 0.002069 0.146453 0.827673 0.000069
0.000177 0.019394 0.088915 0.152679 0.738835
0.947613 0.003250 0.016924 0.029803 0.002410
0.012482 0.451844 0.446804 0.086250 0.002621
0.001558 0.009157 0.264021 0.685505 0.039760
0.081859 0.267021 0.132756 0.503370 0.014994
0.063852 0.070702 0.197612 0.273968 0.393865
0.001404 0.277894 0.715697 0.003766 0.001239
0.000875 0.684175 0.250231 0.064702 0.000017
0.006829 0.014224 0.869808 0.078121 0.031018
0.005700 0.335975 0.385138 0.270048 0.003139
0.025824 0.161488 0.504076 0.220082 0.088530
0.920404 0.000414 0.039068 0.029211 0.010903
0.004802 0.046726 0.743951 0.124201 0.080320
0.000177 0.019393 0.088942 0.152683 0.738805
0.975459 0.000433 0.013265 0.010398 0.000445
0.006109 0.023545 0.070781 0.891940 0.007625
0.000000 0.003439 0.745759 0.144354 0.106448
0.000158 0.150477 0.166447 0.682585 0.000333
0.968259 0.001161 0.014211 0.015416 0.000953
0.000010 0.018343 0.091236 0.023795 0.866616
0.032019 0.157931 0.066742 0.593639 0.149669
0.015861 0.003796 0.399953 0.503799 0.076591
0.000044 0.013091 0.250926 0.028337 0.707601
0.914083 0.006643 0.021330 0.053169 0.004775
0.000807 0.012553 0.250786 0.176572 0.559283
0.001734 0.542597 0.178789 0.272397 0.004484
0.924187 0.006140 0.034516 0.031512 0.003645
0.006919 0.003664 0.070413 0.907557 0.011446
0.014018 0.049016 0.094370 0.840226 0.002370
0.000011 0.018147 0.097201 0.023965 0.860676
0.000000 0.220962 0.208238 0.514381 0.056419
0.000000 0.037710 0.942900 0.007276 0.012115
0.050846 0.049032 0.230032 0.668074 0.002016
0.006774 0.003680 0.069698 0.908360 0.011488
0.970234 0.000020 0.023710 0.005212 0.000824
0.013533 0.833035 0.125800 0.026529 0.001104
0.002807 0.177049 0.176833 0.636407 0.006904
0.001722 0.841673 0.054947 0.101612 0.000046
0.041159 0.055548 0.855371 0.047358 0.000564
0.002660 0.938792 0.038986 0.018465 0.001098
0.002647 0.938917 0.038884 0.018455 0.001098
0.947542 0.003258 0.016933 0.029853 0.002415
0.006979 0.022862 0.075655 0.887061 0.007442
0.000412 0.199241 0.763793 0.035008 0.001547
0.010597 0.623800 0.212705 0.152856 0.000042
0.016685 0.000890 0.289174 0.679957 0.013295
0.939248 0.000265 0.033260 0.020136 0.007091
0.064949 0.016337 0.408525 0.472683 0.037507
0.012892 0.049930 0.090707 0.844064 0.002407
0.039808 0.577458 0.335598 0.046017 0.001119
0.000068 0.195844 0.101589 0.702089 0.000410
0.050179 0.329020 0.377511 0.155066 0.088223
0.964557 0.001536 0.014697 0.017996 0.001214
0.005457 0.410353 0.370636 0.213541 0.000013
0.000000 0.016319 0.951333 0.009208 0.023139
0.000402 0.432802 0.438246 0.029202 0.099347
0.941182 0.000250 0.032664 0.019204 0.006700
0.037255 0.000386 0.209892 0.752437 0.000029
0.978158 0.000160 0.012910 0.008517 0.000255
0.019339 0.406809 0.238851 0.334396 0.000605
0.963966 0.000069 0.025642 0.008231 0.002091
0.005861 0.023739 0.069395 0.893328 0.007676
0.002529 0.220241 0.109155 0.654222 0.013853
0.975867 0.000391 0.013211 0.010114 0.000416
0.022318 0.097773 0.103404 0.273558 0.502947
0.000696 0.013753 0.222387 0.172380 0.590783
0.013659 0.049307 0.093203 0.841448 0.002382
0.000000 0.060829 0.870043 0.069087 0.000040
0.001413 0.036188 0.925817 0.017246 0.019335
0.055633 0.149251 0.487670 0.303182 0.004264
0.970896 0.000014 0.023506 0.004894 0.000690
0.000418 0.019692 0.353421 0.626357 0.000111
0.061400 0.000908 0.234536 0.694308 0.008848
0.007375 0.004106 0.069685 0.918717 0.000117
0.002685 0.471175 0.352636 0.043706 0.129799
0.166254 0.002108 0.310698 0.520873 0.000067
0.000068 0.195825 0.101615 0.702081 0.000410
0.002649 0.938898 0.038899 0.018456 0.001098
0.054640 0.084549 0.534679 0.325889 0.000243
0.088152 0.159071 0.065534 0.466329 0.220915
0.001164 0.017158 0.961994 -0.000000 0.019685
0.000068 0.195667 0.101842 0.702013 0.000410
0.000000 0.273128 0.546567 0.020300 0.160005
0.914087 0.006643 0.021330 0.053166 0.004775
0.000654 0.021864 0.958263 0.018882 0.000337
0.008671 0.504196 0.149451 0.336967 0.000715
0.000000 0.273133 0.546558 0.020301 0.160008
0.000221 0.062662 0.059389 0.867705 0.010024
0.000000 0.090028 0.835159 0.012392 0.062422
0.002957 0.213626 0.118069 0.651832 0.013516
0.000509 0.048616 0.096575 0.846092 0.008207
0.000000 0.272812 0.547065 0.020287 0.159837
0.052712 0.021633 0.359231 0.519288 0.047136
0.008892 0.000000 0.153644 0.830047 0.007416
0.006942 0.152085 0.200994 0.629600 0.010379
0.000000 0.272173 0.548071 0.020259 0.159497
0.201915 0.030671 0.127091 0.565512 0.074811
0.011595 0.169754 0.083614 0.730310 0.004727
0.052587 0.322801 0.384405 0.153486 0.086721
0.003700 0.014345 0.201763 0.778663 0.001529
0.000000 0.273113 0.546590 0.020300 0.159997
0.000177 0.019394 0.088929 0.152681 0.738819
0.007679 0.342472 0.057442 0.590671 0.001736
0.003517 0.185456 0.096026 0.715001 0.000000
0.012256 0.005994 0.081397 0.869962 0.030391
0.000348 0.054737 0.303321 0.641424 0.000171
0.000239 0.061769 0.061752 0.866332 0.009908
0.050199 0.476391 0.418562 0.053723 0.001125
0.003714 0.764659 0.068934 0.073791 0.088902
0.000014 0.017735 0.109737 0.024321 0.848192
0.918669 0.006179 0.020728 0.049973 0.004452
0.000234 0.112479 0.220770 0.666249 0.000269
0.000117 0.171211 0.136804 0.691499 0.000369
0.001326 0.075422 0.851698 0.071555 0.000000
0.007818 0.341651 0.057961 0.590837 0.001732
0.001774 0.531162 0.195002 0.266318 0.005743
0.000177 0.019393 0.088941 0.152683 0.738805
0.013442 0.164071 0.090507 0.727381 0.004599
0.000000 0.013754 0.955376 0.009097 0.021772
0.000231 0.062150 0.060743 0.866918 0.009958
0.026438 0.000000 0.137041 0.799322 0.037199
0.438949 0.017773 0.325948 0.209876 0.007454
0.000000 0.018043 0.948616 0.009283 0.024058
0.002646 0.938925 0.038877 0.018454 0.001098
0.006541 0.003706 0.068553 0.909646 0.011554
0.004043 0.784687 0.096209 0.115015 0.000045
0.075055 0.286288 0.332236 0.301650 0.004772
0.027347 0.032612 0.257051 0.615894 0.067096
0.027339 0.226806 0.130535 0.614030 0.001290
0.000012 0.018081 0.099220 0.024022 0.858665
0.050607 0.327914 0.378737 0.154785 0.087956
0.000361 0.449237 0.418042 0.029698 0.102662
0.002646 0.938925 0.038877 0.018454 0.001098
0.015273 0.097695 0.747145 0.139887 0.000000
0.007339 0.022579 0.077670 0.885044 0.007367
0.002614 0.006684 0.966815 0.023887 0.000000
0.000068 0.195843 0.101590 0.702089 0.000410
0.000133 0.163047 0.148476 0.687989 0.000355
0.971815 0.000007 0.023223 0.004451 0.000504
0.030471 0.004425 0.207197 0.755385 0.002522
0.000010 0.018284 0.093046 0.023847 0.864813
0.124002 0.270849 0.161729 0.398312 0.045108
0.002743 0.000000 0.873551 0.036939 0.086766
0.001555 0.022213 0.119480 0.854581 0.002171
0.000000 0.278566 0.645275 0.016301 0.059858
0.003699 0.014351 0.201705 0.778717 0.001529
0.561144 0.001486 0.199172 0.228829 0.009369
0.004294 0.012166 0.224549 0.757640 0.001351
0.972813 0.000700 0.013612 0.012242 0.000632
0.000360 0.049038 0.311468 0.638973 0.000161
0.000068 0.195844 0.101589 0.702089 0.000410
0.000020 0.016770 0.139090 0.025156 0.818964
0.007999 0.340587 0.058633 0.591052 0.001728
0.069966 0.000000 0.912606 -0.000000 0.017428
0.000244 0.321507 0.629744 0.046124 0.002381
0.810847 0.047658 0.039578 0.082703 0.019214
0.001510 0.022379 0.117747 0.856180 0.002184
0.000193 0.019221 0.093007 0.153283 0.734295
0.033309 0.002197 0.223088 0.739478 0.001928
0.000000 0.168115 0.712082 0.015765 0.104039
0.000402 0.338755 0.140127 0.518708 0.002008
0.033654 0.276125 0.358816 0.330946 0.000459
0.000546 0.015708 0.142945 0.779340 0.061462
0.000178 0.019380 0.089251 0.152729 0.738462
0.002646 0.938925 0.038877 0.018454 0.001098
0.003907 0.000000 0.952794 0.018628 0.024670
0.000264 0.097148 0.242688 0.659657 0.000243
0.000544 0.015716 0.142792 0.779458 0.061489
0.964408 0.000066 0.025506 0.008019 0.002002
0.005947 0.023672 0.069876 0.892847 0.007658
0.002646 0.938924 0.038878 0.018454 0.001098
0.000000 0.109700 0.246125 0.621877 0.022299
0.000000 0.043150 0.545970 0.392948 0.017931
0.012880 0.049941 0.090666 0.844107 0.002407
0.005804 0.023784 0.069074 0.893649 0.007688
0.964258 0.000067 0.025552 0.008091 0.002032
0.935533 0.001984 0.034009 0.026388 0.002087
0.008647 0.093713 0.344658 0.548831 0.004150
0.931313 0.003529 0.034198 0.028293 0.002666
0.004420 0.011707 0.229355 0.753205 0.001313
0.064978 0.052323 0.182133 0.380476 0.320090
0.006716 0.003687 0.069413 0.908680 0.011504
0.002646 0.938925 0.038877 0.018454 0.001098
0.977807 0.000195 0.012956 0.008762 0.000280
0.025915 0.008000 0.181687 0.780921 0.003477
0.000000 0.201266 0.062277 0.246754 0.489702
0.000070 0.194490 0.103525 0.701507 0.000408
0.121957 0.272492 0.160663 0.399535 0.045352
0.201624 0.030695 0.127033 0.565784 0.074864
0.011980 0.317164 0.073435 0.595782 0.001638
0.050335 0.328619 0.377956 0.154964 0.088126
0.005808 0.023781 0.069096 0.893627 0.007688
0.693751 0.090551 0.044808 0.135591 0.035298
0.001335 0.023020 0.111036 0.862372 0.002237
0.004450 0.921378 0.053281 0.019792 0.001099
0.022712 0.326395 0.428051 0.222806 0.000036
0.002085 0.034909 0.919546 0.043461 0.000000
0.002646 0.938923 0.038879 0.018455 0.001098
0.061950 0.298615 0.411217 0.147338 0.080880
0.043050 0.025432 0.188898 0.741202 0.001417
0.005809 0.023781 0.069100 0.893623 0.007688
0.000000 0.124543 0.401707 0.471722 0.002029
0.061093 0.017519 0.268252 0.651828 0.001309
0.197175 0.156294 0.216009 0.420930 0.009593
0.002650 0.004756 0.970042 0.022551 0.000000
0.002646 0.938925 0.038877 0.018454 0.001098
0.000069 0.195337 0.102313 0.701872 0.000409
0.000068 0.195844 0.101589 0.702089 0.000410
0.004239 0.012367 0.222449 0.759577 0.001367
0.006833 0.898200 0.072308 0.021560 0.001100
0.000000 0.138808 0.172743 0.661345 0.027104
0.078039 0.274438 0.342234 0.300659 0.004631
0.002643 0.005131 0.969414 0.022811 0.000000
0.005245 0.178294 0.165677 0.639069 0.011715
0.021280 0.330253 0.572160 0.074317 0.001990
0.002658 0.938810 0.038971 0.018463 0.001098
0.013060 0.003398 0.096361 0.887081 0.000100
0.002801 0.937418 0.040114 0.018569 0.001098
0.000962 0.010871 0.290575 0.182446 0.515146
0.010324 0.864244 0.100181 0.024149 0.001102
0.000010 0.018311 0.092225 0.023823 0.865630
0.013539 0.001561 0.245805 0.720176 0.018920
0.003184 0.427027 0.403419 0.044543 0.121826
0.022024 0.496882 0.154558 0.319258 0.007278
0.976038 0.000374 0.013188 0.009995 0.000404
0.693752 0.090551 0.044808 0.135591 0.035298
0.008821 0.000000 0.153088 0.830661 0.007430
0.008171 0.100513 0.330966 0.555976 0.004374
0.001619 0.548579 0.172815 0.272465 0.004523
0.933299 0.002802 0.034109 0.027396 0.002394
0.000222 0.062598 0.059557 0.867607 0.010016
0.001946 0.526596 0.407763 0.063681 0.000014
0.000000 0.000000 0.193508 0.676335 0.130157
0.026010 0.245456 0.486658 0.241843 0.000035
0.002646 0.938925 0.038877 0.018454 0.001098
0.000000 0.468065 0.227575 0.267146 0.037215
0.000177 0.019394 0.088919 0.152680 0.738830
0.001993 0.000000 0.822488 0.048739 0.126780
0.977676 0.000208 0.012973 0.008854 0.000289
0.946082 0.000033 0.030992 0.022800 0.000093
0.000000 0.200718 0.062941 0.247339 0.489001
0.000396 0.210646 0.751288 0.036045 0.001625
0.000014 0.017810 0.107457 0.024257 0.850463
0.003281 0.418519 0.413206 0.044705 0.120289
0.002647 0.938919 0.038882 0.018455 0.001098
0.001501 0.022410 0.117422 0.856479 0.002187
0.822504 0.000993 0.047397 0.127663 0.001444
0.971816 0.000007 0.023222 0.004451 0.000504
0.027379 0.001004 0.572307 0.369694 0.029615
0.002646 0.938925 0.038877 0.018454 0.001098
0.002860 0.176284 0.178375 0.635602 0.006878
0.039619 0.003162 0.166663 0.772159 0.018396
0.002742 0.816635 0.073076 0.107501 0.000046
0.002709 0.105862 0.888709 0.002194 0.000526
0.009194 0.078036 0.293011 0.563162 0.056597
0.000774 0.699069 0.235341 0.064799 0.000018
0.006769 0.023027 0.074480 0.888238 0.007486
0.002108 0.049677 0.455609 0.491956 0.000650
0.017890 0.005411 0.098953 0.849824 0.027921
0.032139 0.001023 0.185887 0.780906 0.000044
0.971753 0.000008 0.023242 0.004481 0.000517
0.000702 0.105979 0.809150 0.000000 0.084169
0.000000 0.278807 0.644977 0.016310 0.059906
0.962831 0.000078 0.025992 0.008778 0.002321
0.008678 0.504134 0.149508 0.336965 0.000715
0.002647 0.938917 0.038884 0.018455 0.001098
0.447442 0.010724 0.176357 0.335395 0.030082
0.029776 0.175790 0.681284 0.102623 0.010526
0.000000 0.273129 0.546564 0.020300 0.160006
0.965410 0.001450 0.014585 0.017401 0.001154
0.082516 0.256661 0.357232 0.299172 0.004419
0.946471 0.003366 0.017074 0.030599 0.002490
0.002478 0.136312 0.858085 0.002473 0.000652
0.193870 0.001151 0.344754 0.460180 0.000044
0.017072 0.266278 0.020907 0.391242 0.304502
0.000333 0.256423 0.701100 0.040207 0.001937
0.009916 0.174916 0.077353 0.732971 0.004843
0.970938 0.000014 0.023493 0.004874 0.000681
0.005918 0.023694 0.069715 0.893008 0.007665
0.016775 0.003574 0.413623 0.493163 0.072865
0.046377 0.039690 0.807745 0.106171 0.000017
0.000000 0.115635 0.846608 0.010196 0.027561
0.007717 0.005770 0.278086 0.598622 0.109806
0.000000 0.092997 0.907003 0.000000 0.000000
0.008668 0.504230 0.149420 0.336968 0.000715
0.914185 0.006633 0.021317 0.053097 0.004768
0.000068 0.195843 0.101590 0.702089 0.000410
0.000068 0.195561 0.101993 0.701968 0.000410
0.002578 0.008640 0.963539 0.025244 0.000000
0.022023 0.496886 0.154554 0.319259 0.007278
0.001408 0.277373 0.716221 0.003762 0.001236
0.693751 0.090551 0.044808 0.135591 0.035298
0.022969 0.002073 0.506306 0.421048 0.047604
0.020608 0.002645 0.470977 0.448537 0.057233
0.078227 0.010589 0.462013 0.422113 0.027058
0.008662 0.504278 0.149375 0.336969 0.000715
0.000068 0.195842 0.101591 0.702089 0.000410
0.028466 0.093766 0.117348 0.273618 0.486802
0.002646 0.938925 0.038877 0.018454 0.001098
0.000000 0.800087 0.029411 0.162247 0.008255
0.002647 0.938918 0.038883 0.018455 0.001098
0.202325 0.030638 0.127174 0.565127 0.074736
0.057993 0.005861 0.177195 0.758796 0.000155
0.971260 0.000011 0.023394 0.004719 0.000616
0.000069 0.195243 0.102448 0.701831 0.000409
0.000000 0.139334 0.171417 0.662058 0.027191
0.000000 0.245696 0.589803 0.019116 0.145385
0.006418 0.625719 0.099366 0.248559 0.019938
0.559016 0.001659 0.198745 0.230824 0.009756
0.000000 0.250441 0.723984 0.025514 0.000061
0.003014 0.000000 0.891936 0.032691 0.072360
0.000000 0.139271 0.171575 0.661973 0.027181
0.001577 0.845237 0.052366 0.100774 0.000046
0.001335 0.023021 0.111031 0.862377 0.002237
0.971811 0.000007 0.023224 0.004453 0.000505
0.000068 0.195844 0.101589 0.702089 0.000410
0.038608 0.152164 0.073295 0.590710 0.145223
0.914083 0.006643 0.021330 0.053169 0.004775
0.000000 0.176867 0.091831 0.272808 0.458493
0.022023 0.496886 0.154554 0.319259 0.007278
0.031204 0.035055 0.150327 0.781608 0.001806
0.000473 0.050372 0.091927 0.848794 0.008434
0.020502 0.396197 0.248592 0.334116 0.000594
0.002646 0.002110 0.394259 0.584569 0.016415
0.213024 0.076691 0.227807 0.412994 0.069484
0.892744 0.017658 0.035920 0.045714 0.007964
0.000528 0.139504 0.751460 -0.000000 0.108509
0.032582 0.285914 0.349830 0.331204 0.000470
0.000000 0.012093 0.974553 0.006316 0.007037
0.012150 0.071632 0.309404 0.600536 0.006278
0.077885 0.270837 0.129887 0.506210 0.015181
0.000374 0.443834 0.424685 0.029535 0.101572
0.002910 0.473381 0.255063 0.263407 0.005239
0.976829 0.000294 0.013085 0.009444 0.000349
0.938235 0.000094 0.032034 0.029458 0.000179
0.927007 0.005335 0.019632 0.044162 0.003863
0.000388 0.034606 0.332100 0.632769 0.000137
0.000974 0.012934 0.194211 0.739608 0.052273
0.093712 0.255640 0.141314 0.494896 0.014439
0.972898 0.000692 0.013601 0.012183 0.000626
0.953805 0.000150 0.028773 0.013125 0.004147
0.009231 0.003408 0.081779 0.894797 0.010785
0.920369 0.000414 0.039079 0.029228 0.010910
0.005805 0.023784 0.069078 0.893645 0.007688
0.000178 0.019388 0.089066 0.152702 0.738667
0.003024 0.064440 0.930366 0.001816 0.000354
0.020854 0.000000 0.247226 0.726765 0.005155
0.000000 0.223636 0.035182 0.222867 0.518315
0.003074 0.000752 0.389664 0.588868 0.017641
0.000253 0.102520 0.235008 0.661967 0.000252
0.798778 0.052079 0.040117 0.088154 0.020872
0.000544 0.015718 0.142750 0.779490 0.061497
0.025342 0.033480 0.248976 0.623528 0.068674
0.007695 0.342375 0.057504 0.590691 0.001735
0.116699 0.003826 0.249589 0.629779 0.000107
0.000000 0.173127 0.299094 0.481713 0.046065
0.952514 0.000160 0.029172 0.013747 0.004408
0.004850 0.764881 0.110550 0.119673 0.000045
0.005943 0.132303 0.266945 0.589384 0.005425
0.002960 0.076262 0.629576 0.166077 0.125125
0.000000 0.031575 0.950481 0.007046 0.010899
0.000589 0.069630 0.905894 0.023224 0.000663
0.919745 0.000237 0.034488 0.045149 0.000381
0.003099 0.934524 0.042490 0.018790 0.001098
0.026591 0.000000 0.292101 0.677238 0.004071
0.032454 0.003904 0.144338 0.797767 0.021537
0.019134 0.013323 0.143714 0.818933 0.004897
0.002964 0.935835 0.041414 0.018690 0.001098
0.000000 0.273133 0.546558 0.020301 0.160008
0.003168 0.428487 0.401739 0.044516 0.122090
0.009459 0.594744 0.123351 0.253202 0.019244
0.022544 0.042090 0.122133 0.811143 0.002090
0.010493 0.144169 0.666875 0.178463 0.000000
0.026373 0.342599 0.297794 0.332701 0.000533
0.017216 0.266061 0.020997 0.391394 0.304333
0.008525 0.337492 0.060589 0.591677 0.001716
0.920406 0.000414 0.039067 0.029210 0.010902
0.001216 0.007052 0.979384 0.000000 0.012348
0.002936 0.017148 0.172454 0.805705 0.001757
0.951269 0.002880 0.016443 0.027255 0.002152
0.969289 0.000027 0.024001 0.005668 0.001015
0.000000 0.015768 0.470227 0.202062 0.311944
0.050174 0.329034 0.377496 0.155070 0.088227
0.000071 0.193973 0.104264 0.701285 0.000407
0.002647 0.938920 0.038882 0.018455 0.001098
0.970258 0.000959 0.013948 0.014023 0.000812
0.946349 0.000031 0.030957 0.022574 0.000090
0.001335 0.023021 0.111030 0.862377 0.002237
0.000807 0.637067 0.161810 0.040557 0.159758
0.049590 0.020119 0.210191 0.718897 0.001203
0.970770 0.000015 0.023545 0.004954 0.000715
0.935090 0.002146 0.034029 0.026588 0.002148
0.006599 0.004203 0.066041 0.923039 0.000119
0.001522 0.262326 0.731354 0.003624 0.001174
0.000177 0.019394 0.088909 0.152678 0.738841
0.000000 0.278808 0.644976 0.016310 0.059906
0.927682 0.005267 0.019543 0.043692 0.003816
0.013468 0.049462 0.092583 0.842098 0.002388
0.881967 0.021606 0.036402 0.050581 0.009445
0.920369 0.000414 0.039079 0.029228 0.010910
0.026064 0.264144 0.640316 0.067829 0.001647
0.018895 0.002672 0.123739 0.854612 0.000083
0.003673 0.003665 0.109800 0.846301 0.036560
0.165076 0.077013 0.564611 0.179749 0.013551
0.031637 0.294545 0.341907 0.331432 0.000479
0.965102 0.000060 0.025292 0.007684 0.001862
0.001319 0.009207 0.200912 0.785451 0.003111
0.000997 0.049147 0.906946 0.000000 0.042910
0.000333 0.350413 0.127404 0.519786 0.002063
0.007922 0.005720 0.281158 0.596231 0.108968
0.000418 0.053053 0.084828 0.852919 0.008781
0.870811 0.025692 0.036900 0.055620 0.010977
0.094598 0.003503 0.527961 0.359763 0.014175
0.006777 0.004181 0.066877 0.922047 0.000118
0.002646 0.938925 0.038877 0.018454 0.001098
0.010431 0.488132 0.164197 0.336543 0.000697
0.000000 0.259052 0.568752 0.019692 0.152504
0.013091 0.001657 0.239627 0.725904 0.019721
0.068955 0.004388 0.273241 0.652849 0.000567
0.914168 0.006635 0.021319 0.053109 0.004769
0.004099 0.000000 0.965862 0.015609 0.014430
0.000864 0.031367 0.142244 0.819549 0.005977
0.015012 0.003155 0.105519 0.876219 0.000094
0.002646 0.938921 0.038880 0.018455 0.001098
0.693751 0.090551 0.044808 0.135591 0.035298
0.002071 0.005838 0.325360 0.637966 0.028765
0.000000 0.111314 0.851947 0.010034 0.026705
0.912135 0.010554 0.035054 0.036955 0.005301
0.000000 0.273127 0.546568 0.020300 0.160005
0.031752 0.293488 0.342877 0.331404 0.000478
0.035646 0.029020 0.290483 0.584286 0.060566
0.000010 0.018338 0.091414 0.023800 0.866438
0.007693 0.005775 0.277732 0.598897 0.109902
0.006574 0.003803 0.312017 0.676938 0.000668
0.000265 0.096568 0.243517 0.659408 0.000242
0.115324 0.085013 0.149603 0.556614 0.093446
0.974525 0.000527 0.013387 0.011049 0.000511
0.001599 0.003951 0.454318 0.206615 0.333518
0.000000 0.223953 0.034798 0.222529 0.518720
0.374934 0.016615 0.161808 0.403351 0.043291
0.000068 0.195844 0.101589 0.702089 0.000410
0.002646 0.938925 0.038877 0.018454 0.001098
0.021287 0.139945 0.119768 0.714943 0.004057
0.000804 0.637371 0.161460 0.040552 0.159813
0.000011 0.018139 0.097448 0.023972 0.860430
0.027110 0.415719 0.050229 0.337316 0.169626
0.014211 0.002856 0.106270 0.867302 0.009360
0.155540 0.056869 0.679202 0.085895 0.022493
0.000575 0.080044 0.894477 0.024171 0.000734
0.010074 0.073359 0.385649 0.527441 0.003477
0.957826 0.000118 0.027534 0.011188 0.003333
0.000010 0.018343 0.091234 0.023795 0.866618
0.000167 0.145865 0.173040 0.680602 0.000325
0.972409 0.000741 0.013665 0.012524 0.000660
0.000578 0.045262 0.105456 0.840931 0.007774
0.024719 0.005850 0.905778 0.063653 0.000000
0.008889 0.502213 0.151271 0.336914 0.000713
0.013200 0.049680 0.091709 0.843014 0.002397
0.005804 0.023784 0.069074 0.893649 0.007688
0.022108 0.031231 0.861940 0.084721 0.000000
0.000755 0.013112 0.237560 0.174620 0.573953
0.945431 0.000216 0.031355 0.017158 0.005841
0.009145 0.118044 0.246864 0.617303 0.008644
0.027085 0.032726 0.255996 0.616891 0.067302
0.061674 0.000880 0.235388 0.693330 0.008729
0.000344 0.057095 0.299949 0.642438 0.000175
0.927664 0.000176 0.033437 0.038428 0.000294
0.000000 0.267772 0.555008 0.020069 0.157151
0.000527 0.114712 0.856468 0.027323 0.000970
0.001604 0.844584 0.052839 0.100927 0.000046
0.000000 0.162108 0.789181 0.011937 0.036773
0.000000 0.278759 0.645037 0.016308 0.059896
0.022210 0.496143 0.155181 0.319197 0.007269
0.971814 0.000802 0.013744 0.012939 0.000702
0.012404 0.040115 0.452597 0.492505 0.002379
0.005654 0.333679 0.400277 0.256369 0.004022
0.035649 0.095771 0.173344 0.692169 0.003066
0.002646 0.938925 0.038877 0.018454 0.001098
0.008573 0.000000 0.151151 0.832800 0.007477
0.959236 0.002074 0.015396 0.021703 0.001590
0.026708 0.007378 0.186125 0.776478 0.003311
0.781536 0.058395 0.040887 0.095942 0.023240
0.000068 0.195844 0.101589 0.702089 0.000410
0.000243 0.322102 0.629092 0.046178 0.002385
0.006011 0.023622 0.070234 0.892488 0.007645
0.008661 0.504287 0.149367 0.336969 0.000715
0.911951 0.010622 0.035063 0.037039 0.005326
0.082939 0.008550 0.480996 0.404166 0.023350
0.123180 0.271510 0.161301 0.398804 0.045206
0.007870 0.004044 0.072008 0.915962 0.000115
0.975064 0.000473 0.013317 0.010674 0.000473
0.041542 0.100103 0.743506 0.114822 0.000027
0.000389 0.034143 0.332762 0.632570 0.000136
0.000000 0.023967 0.959881 0.006761 0.009391
0.000000 0.177741 0.696910 0.016180 0.109169
0.001090 0.012187 0.208024 0.728903 0.049797
0.002851 0.087170 0.907507 0.002024 0.000448
0.008675 0.504163 0.149482 0.336966 0.000715
0.000804 0.637333 0.161505 0.040552 0.159806
0.560764 0.001517 0.199096 0.229185 0.009438
0.018579 0.005340 0.101102 0.847360 0.027619
0.010017 0.174605 0.077731 0.732811 0.004836
0.059607 0.054065 0.173594 0.383812 0.328922
0.000578 0.015035 0.192060 0.167904 0.624423
0.001035 0.010077 0.309364 0.185219 0.494305
0.025629 0.349386 0.291563 0.332880 0.000541
0.065880 0.015934 0.412277 0.469136 0.036774
0.179866 0.001637 0.327485 0.490957 0.000056
0.000000 0.174401 0.286173 0.536720 0.002706
0.001577 0.254987 0.738735 0.003557 0.001144
0.554056 0.002062 0.197750 0.235472 0.010660
0.000376 0.443272 0.425375 0.029518 0.101459
0.000229 0.062241 0.060503 0.867057 0.009969
0.000247 0.319275 0.632191 0.045921 0.002365
0.000334 0.350372 0.127449 0.519783 0.002063
0.005898 0.003191 0.140473 0.817857 0.032582
0.924668 0.000199 0.033835 0.040971 0.000327
0.026952 0.416007 0.050078 0.337251 0.169711
0.970769 0.000907 0.013881 0.013667 0.000776
0.953221 0.002683 0.016187 0.025895 0.002014
0.000010 0.018307 0.092346 0.023827 0.865511
0.000766 0.036100 0.129712 0.826833 0.006589
0.968147 0.001173 0.014225 0.015494 0.000961
0.003426 0.011448 0.983660 0.001332 0.000134
0.035956 0.000447 0.213191 0.747267 0.003139
0.010514 0.143966 0.667227 0.178294 0.000000
0.008910 0.054921 0.339015 0.358892 0.238262
0.002647 0.938918 0.038882 0.018455 0.001098
0.970282 0.000019 0.023695 0.005189 0.000814
0.007117 0.353433 0.226054 0.251576 0.161819
0.000068 0.009380 0.363770 0.031547 0.595234
0.000371 0.043340 0.319614 0.636524 0.000151
0.117039 0.058442 0.537003 0.225125 0.062391
0.010420 0.173366 0.079234 0.732172 0.004808
0.032351 0.002949 0.217725 0.744846 0.002129
0.822528 0.000992 0.047393 0.127642 0.001444
0.012761 0.402484 0.188566 0.384603 0.011587
0.001038 0.022877 0.164720 0.806486 0.004879
0.258880 0.026043 0.138522 0.512122 0.064434
0.000233 0.062066 0.060967 0.866788 0.009947
0.010213 0.174003 0.078461 0.732501 0.004822
0.015242 0.023865 0.373769 0.583280 0.003843
0.005475 0.409927 0.371145 0.213440 0.000013
0.008664 0.504264 0.149389 0.336968 0.000715
0.043797 0.129977 0.191723 0.633585 0.000918
0.000068 0.195844 0.101589 0.702089 0.000410
0.146633 0.002789 0.286503 0.563993 0.000083
0.000273 0.018351 0.113608 0.156324 0.711445
0.028988 0.000614 0.596379 0.350964 0.023055
0.002647 0.938919 0.038882 0.018455 0.001098
0.026011 0.417724 0.049179 0.336868 0.170218
0.000226 0.062431 0.059999 0.867350 0.009994
0.026665 0.416530 0.049804 0.337134 0.169865
0.971568 0.000009 0.023299 0.004570 0.000554
0.001084 0.165428 0.766938 0.021142 0.045408
0.000804 0.637369 0.161462 0.040552 0.159813
0.054118 0.089314 0.530305 0.326015 0.000248
0.001393 0.006186 0.401431 0.198808 0.392182
0.016018 0.002656 0.115152 0.857331 0.008843
0.402027 0.047441 0.306697 0.231966 0.011868
0.000059 0.010774 0.321387 0.030342 0.637438
0.012000 0.006021 0.080601 0.870874 0.030503
0.001335 0.023019 0.111047 0.862361 0.002237
0.023635 0.490483 0.159957 0.318723 0.007202
0.967865 0.000038 0.024440 0.006354 0.001303
0.971760 0.000008 0.023240 0.004478 0.000515
0.973557 0.000625 0.013515 0.011724 0.000579
0.000071 0.193945 0.104304 0.701273 0.000407
0.002750 0.408427 0.525896 0.062915 0.000012
0.035251 0.096996 0.171859 0.692801 0.003093
0.001139 0.017978 0.177691 0.798947 0.004245
0.001136 0.018112 0.177336 0.799154 0.004262
0.273064 0.083424 0.270798 0.366676 0.006038
0.014908 0.002779 0.109694 0.863458 0.009161
0.012939 0.049893 0.090857 0.843906 0.002405
0.027735 0.330160 0.309213 0.332372 0.000519
0.000000 0.063460 0.911080 0.008241 0.017219
0.971239 0.000860 0.013819 0.013339 0.000743
0.000000 0.013536 0.488556 0.491486 0.006422
0.001620 0.548529 0.172865 0.272464 0.004522
0.000000 0.800066 0.029422 0.162257 0.008255
0.000000 0.116531 0.793386 0.013536 0.076547
0.000000 0.799736 0.029588 0.162421 0.008254
0.004931 0.032924 0.607226 0.345306 0.009613
0.000000 0.150541 0.341463 0.505614 0.002382
0.008384 0.005608 0.288062 0.590860 0.107087
0.000000 0.066148 0.872796 0.011360 0.049695
0.931438 0.003484 0.034192 0.028237 0.002649
0.005813 0.023777 0.069126 0.893597 0.007687
0.003980 0.761363 0.071668 0.074263 0.088726
0.017094 0.266244 0.020921 0.391265 0.304476
0.969157 0.000028 0.024042 0.005731 0.001042
0.170593 0.017987 0.722305 0.076013 0.013102
0.072778 0.012948 0.440063 0.442865 0.031346
0.007665 0.005782 0.277308 0.599227 0.110018
0.443268 0.011063 0.175520 0.339307 0.030843
0.044536 0.062700 0.783278 0.109466 0.000021
0.933451 0.004683 0.018785 0.039672 0.003409
0.007652 0.005785 0.277110 0.599381 0.110072
0.009927 0.174884 0.077393 0.732955 0.004842
0.000170 0.144220 0.175393 0.679895 0.000323
0.000017 0.017356 0.121244 0.024649 0.836734
0.971205 0.000012 0.023411 0.004745 0.000627
0.001751 0.553670 0.257742 0.042140 0.144697
0.002646 0.938925 0.038877 0.018454 0.001098
0.003792 0.927780 0.048026 0.019304 0.001098
0.002646 0.938925 0.038877 0.018454 0.001098
0.743929 0.072171 0.042567 0.112928 0.028406
0.920378 0.000414 0.039076 0.029224 0.010908
0.013932 0.049086 0.094093 0.840517 0.002373
0.934343 0.002419 0.034062 0.026925 0.002250
0.025332 0.001871 0.153947 0.818786 0.000064
0.013502 0.049435 0.092692 0.841984 0.002387
0.002659 0.938801 0.038979 0.018464 0.001098
0.000069 0.195107 0.102643 0.701772 0.000409
0.976520 0.000325 0.013125 0.009659 0.000370
0.000000 0.126864 0.777099 0.013983 0.082054
0.001304 0.009909 0.199054 0.786531 0.003201
0.014689 0.821786 0.135034 0.027386 0.001105
0.000935 0.050119 0.495270 0.429582 0.024094
0.002489 0.220858 0.108323 0.654445 0.013884
0.978597 0.000115 0.012852 0.008212 0.000224
0.062099 0.131602 0.096661 0.580270 0.129369
0.150678 0.069428 0.665280 0.089087 0.025527
0.000591 0.068329 0.907320 0.023106 0.000654
0.000310 0.017950 0.123088 0.157723 0.700929
0.000659 0.114202 0.794999 0.000000 0.090139
0.096076 0.210467 0.508932 0.124934 0.059591
0.036825 0.247179 0.385388 0.330182 0.000426
0.013150 0.164970 0.089416 0.727844 0.004619
0.970554 0.000929 0.013909 0.013817 0.000791
0.016684 0.051818 0.276204 0.655294 0.000000
0.012002 0.006021 0.080607 0.870868 0.030502
0.001619 0.548579 0.172815 0.272465 0.004523
0.000343 0.348758 0.129211 0.519633 0.002055
0.003514 0.930480 0.045810 0.019098 0.001098
0.000000 0.278591 0.645244 0.016301 0.059863
0.000876 0.631015 0.168771 0.040672 0.158665
0.000010 0.018342 0.091264 0.023796 0.866587
0.971772 0.000007 0.023236 0.004472 0.000513
0.004812 0.010267 0.244408 0.739317 0.001196
0.012900 0.465589 0.184892 0.335948 0.000672
0.914083 0.006643 0.021330 0.053169 0.004775
0.000743 0.013249 0.234307 0.174140 0.577561
0.017082 0.005495 0.096436 0.852711 0.028275
0.004357 0.011937 0.226946 0.755428 0.001332
0.000023 0.016325 0.152611 0.025541 0.805500
0.002646 0.938925 0.038877 0.018454 0.001098
0.008661 0.504288 0.149367 0.336969 0.000715
0.000015 0.017646 0.112451 0.024399 0.845490
0.000221 0.062662 0.059388 0.867706 0.010024
0.012166 0.456200 0.442312 0.086677 0.002644
0.007666 0.005782 0.277322 0.599217 0.110014
0.920369 0.000414 0.039079 0.029228 0.010910
0.001620 0.548521 0.172873 0.272464 0.004522
0.005630 0.339619 0.381499 0.270089 0.003163
0.005872 0.006381 0.285055 0.701814 0.000879
0.969118 0.000028 0.024054 0.005750 0.001049
0.072181 0.111685 0.550529 0.262298 0.003307
0.017370 0.424790 0.222345 0.334871 0.000626
0.028049 0.006326 0.193634 0.768962 0.003030
0.000108 0.175491 0.130686 0.693339 0.000376
0.693756 0.090550 0.044808 0.135589 0.035298
0.976937 0.000283 0.013070 0.009369 0.000341
0.561753 0.001437 0.199294 0.228258 0.009258
0.004964 0.368826 0.363742 0.258140 0.004328
0.076833 0.011193 0.456398 0.427422 0.028155
0.036386 0.006923 0.800318 0.156251 0.000123
0.023447 0.000000 0.267509 0.704379 0.004665
0.002646 0.938925 0.038877 0.018454 0.001098
0.000023 0.016420 0.149724 0.025459 0.808375
0.000659 0.014976 0.156473 0.768856 0.059037
0.000288 0.085074 0.259949 0.654466 0.000222
0.121961 0.272489 0.160665 0.399533 0.045352
0.001602 0.008873 0.269269 0.681437 0.038819
0.037520 0.240833 0.391213 0.330014 0.000419
0.012407 0.843987 0.116810 0.025693 0.001103
0.011496 0.475573 0.344263 0.168583 0.000085
0.000137 0.161025 0.151368 0.687120 0.000351
0.012895 0.049928 0.090716 0.844054 0.002407
0.050174 0.329034 0.377496 0.155070 0.088227
0.009915 0.174920 0.077349 0.732974 0.004843
0.029609 0.005101 0.202371 0.760216 0.002703
0.000010 0.018343 0.091243 0.023795 0.866609
0.000181 0.019347 0.090022 0.152843 0.737607
0.000000 0.148721 0.805724 0.011435 0.034120
0.000068 0.195814 0.101632 0.702076 0.000410
0.000012 0.018098 0.098686 0.024007 0.859197
0.000068 0.195795 0.101659 0.702068 0.000410
0.006247 0.023553 0.833685 0.091347 0.045168
0.000068 0.195667 0.101842 0.702013 0.000410
0.010157 0.147433 0.661239 0.181171 0.000000
0.000239 0.109964 0.224365 0.665167 0.000265
0.901584 0.000378 0.036899 0.060559 0.000580
0.008875 0.090469 0.351193 0.545421 0.004043
0.029895 0.000394 0.609953 0.340403 0.019355
0.914349 0.006616 0.021295 0.052983 0.004756
0.930692 0.000152 0.033035 0.035860 0.000261
0.920763 0.000411 0.038958 0.029039 0.010830
0.071661 0.013431 0.435565 0.447118 0.032225
0.000016 0.017366 0.120962 0.024641 0.837015
0.003000 0.000761 0.385844 0.592568 0.017827
0.968519 0.000033 0.024239 0.006039 0.001171
0.008916 0.021342 0.086497 0.876209 0.007037
0.002787 0.095632 0.898997 0.002101 0.000483
0.925390 0.000194 0.033739 0.040358 0.000319
0.039304 0.084531 0.186977 0.686375 0.002813
0.000301 0.078514 0.269328 0.651646 0.000211
0.000000 0.037164 0.943573 0.007255 0.012007
0.000177 0.019394 0.088909 0.152678 0.738841
0.000634 0.036491 0.942226 0.020211 0.000437
0.256948 0.010956 0.466341 0.262095 0.003659
0.005809 0.023780 0.069102 0.893622 0.007687
0.000024 0.016211 0.156079 0.025640 0.802047
0.008661 0.504288 0.149367 0.336969 0.000715
0.037208 0.000392 0.209669 0.752701 0.000030
0.001577 0.845228 0.052373 0.100776 0.000046
0.001439 0.273168 0.720450 0.003723 0.001219
0.000544 0.015718 0.142756 0.779486 0.061496
0.015969 0.809338 0.145252 0.028335 0.001105
0.000026 0.015973 0.163306 0.025845 0.794850
0.000081 0.007367 0.424969 0.033288 0.534295
0.941698 0.000067 0.031574 0.026520 0.000141
0.000352 0.347232 0.130875 0.519492 0.002048
0.693751 0.090551 0.044808 0.135591 0.035298
0.005457 0.410349 0.370642 0.213540 0.000013
0.971440 0.000010 0.023338 0.004632 0.000580
0.401690 0.014441 0.167177 0.378275 0.038417
0.002902 0.077195 0.625963 0.167400 0.126541
0.001632 0.843879 0.053350 0.101093 0.000046
0.001359 0.022932 0.111955 0.861524 0.002230
0.002835 0.176638 0.177662 0.635975 0.006890
0.000000 0.021952 0.942456 0.009451 0.026141
0.010324 0.426737 0.165809 0.385009 0.012121
0.171455 0.001928 0.317112 0.509442 0.000063
0.013951 0.004259 0.371371 0.526039 0.084381
0.002647 0.938920 0.038881 0.018455 0.001098
0.954365 0.000145 0.028601 0.012855 0.004034
0.006413 0.625768 0.099328 0.248552 0.019939
0.825630 0.000968 0.046982 0.125010 0.001410
0.000000 0.132342 0.825964 0.010822 0.030873
0.007881 0.341284 0.058193 0.590912 0.001731
0.008663 0.504274 0.149379 0.336969 0.000715
0.152640 0.064360 0.670898 0.087799 0.024303
0.022994 0.134695 0.126136 0.712236 0.003940
0.000543 0.046990 0.100880 0.843590 0.007997
0.000221 0.062640 0.059445 0.867672 0.010021
0.000122 0.168333 0.140920 0.690261 0.000364
