0.029484 0.001344 0.173379 0.795741 0.000052
0.001673 0.003085 0.473379 0.209843 0.312021
0.011646 0.001962 0.219669 0.744437 0.022287
0.978567 0.000115 0.012853 0.008240 0.000225
0.978218 0.000150 0.012899 0.008483 0.000249
0.507604 0.005803 0.188389 0.279120 0.019084
0.011090 0.050418 0.373083 0.344585 0.220823
0.002673 0.938699 0.039080 0.018451 0.001097
0.916800 0.008813 0.034843 0.034887 0.004658
0.962000 0.001794 0.015032 0.019780 0.001395
0.000541 0.015758 0.142450 0.779653 0.061598
0.002475 0.221314 0.108038 0.654272 0.013901
0.000769 0.699940 0.234545 0.064729 0.000018
0.015845 0.015895 0.125284 0.837392 0.005584
0.001566 0.845649 0.052150 0.100590 0.000046
0.821787 0.001000 0.047503 0.128257 0.001453
0.967119 0.000044 0.024667 0.006717 0.001453
0.036693 0.000353 0.216743 0.743305 0.002907
0.000010 0.018366 0.090925 0.023770 0.866929
0.013427 0.004388 0.363534 0.532113 0.086537
0.012758 0.005951 0.082981 0.868118 0.030192
0.000000 0.287281 0.684802 0.027848 0.000070
0.968312 0.001154 0.014202 0.015383 0.000949
0.000571 0.015115 0.190052 0.167647 0.626615
0.022682 0.002196 0.141481 0.833570 0.000072
0.924493 0.005991 0.034499 0.031416 0.003600
0.201986 0.030705 0.127131 0.565336 0.074842
0.000220 0.062793 0.059283 0.867667 0.010036
0.008539 0.339038 0.247157 0.249022 0.156244
0.001405 0.022793 0.113767 0.859817 0.002217
0.009861 0.175291 0.077159 0.732841 0.004849
0.009065 0.003900 0.077624 0.909299 0.000112
0.000220 0.062796 0.059274 0.867673 0.010037
0.000124 0.167651 0.142026 0.689836 0.000362
0.000010 0.018365 0.090947 0.023770 0.866907
0.000332 0.351000 0.127090 0.519514 0.002065
0.050344 0.328779 0.377936 0.154831 0.088110
0.000000 0.278993 0.644806 0.016297 0.059904
0.020032 0.002209 0.134869 0.835201 0.007690
0.971662 0.000008 0.023266 0.004531 0.000533
0.001556 0.220431 0.279098 0.465209 0.033707
0.348657 0.090154 0.278844 0.264102 0.018243
0.913422 0.010052 0.034993 0.036411 0.005122
0.000000 0.009781 0.603751 0.174177 0.212291
0.022909 0.004895 0.114596 0.831873 0.025728
0.002543 0.500582 0.220895 0.271771 0.004209
0.000176 0.019422 0.088631 0.152542 0.739229
0.006511 0.003715 0.068424 0.909779 0.011572
0.944347 0.000046 0.031214 0.024282 0.000112
0.000000 0.279608 0.644046 0.016320 0.060026
0.002607 0.002324 0.389453 0.588440 0.017176
0.020600 0.142108 0.117202 0.715984 0.004105
0.000010 0.018366 0.090925 0.023770 0.866930
0.006523 0.624913 0.100171 0.248485 0.019909
0.036925 0.030380 0.168931 0.762147 0.001618
0.012173 0.006012 0.081159 0.870207 0.030450
0.000010 0.018356 0.091233 0.023778 0.866622
0.122254 0.272481 0.160817 0.399125 0.045324
0.030572 0.224824 0.354921 0.382006 0.007677
0.055209 0.020549 0.369265 0.509808 0.045168
0.116228 0.158373 0.566616 0.111758 0.047025
0.000331 0.351043 0.127043 0.519518 0.002065
0.000000 0.184962 0.760955 0.012789 0.041294
0.170327 0.018449 0.721545 0.076390 0.013289
0.000012 0.018057 0.100285 0.024038 0.857608
0.821808 0.000999 0.047501 0.128239 0.001453
0.033282 0.102920 0.164492 0.696078 0.003227
0.026578 0.007426 0.185346 0.777322 0.003328
0.072000 0.013256 0.436862 0.445951 0.031931
0.250508 0.169195 0.227678 0.322637 0.029983
0.000000 0.209648 0.052212 0.237813 0.500327
0.007548 0.239354 0.481263 0.269322 0.002514
0.000010 0.018364 0.090983 0.023771 0.866872
0.174324 0.194729 0.286660 0.228396 0.115891
0.913685 0.006692 0.021386 0.053432 0.004806
0.037419 0.151442 0.688720 0.122385 0.000035
0.000067 0.196233 0.101362 0.701927 0.000411
0.971575 0.000009 0.023293 0.004573 0.000551
0.005500 0.007700 0.270732 0.715081 0.000988
0.841559 0.000846 0.044876 0.111483 0.001237
0.978008 0.000171 0.012927 0.008629 0.000264
0.966315 0.001357 0.014465 0.016774 0.001090
0.057674 0.005881 0.176848 0.759442 0.000156
0.000000 0.273826 0.545591 0.020307 0.160276
0.021813 0.034050 0.856940 0.087197 0.000000
0.009979 0.174925 0.077600 0.732655 0.004841
0.017050 0.266522 0.020893 0.390975 0.304560
0.978489 0.000123 0.012864 0.008295 0.000230
0.913685 0.006692 0.021386 0.053432 0.004806
0.026061 0.125233 0.137567 0.707412 0.003727
0.002627 0.939152 0.038708 0.018416 0.001097
0.014363 0.005784 0.087979 0.862388 0.029487
0.025498 0.033455 0.249654 0.622804 0.068590
0.918286 0.006225 0.020781 0.050227 0.004481
0.009215 0.152289 0.568041 0.268506 0.001949
0.175827 0.143863 0.192268 0.398516 0.089527
0.001360 0.010436 0.240294 0.703909 0.044001
0.927109 0.000361 0.037005 0.025974 0.009550
0.961114 0.000092 0.026519 0.009608 0.002668
0.008663 0.504560 0.149366 0.336696 0.000715
0.000000 0.273626 0.545906 0.020298 0.160170
0.010388 0.023126 0.377033 0.585154 0.004299
0.000000 0.003788 0.737330 0.146301 0.112581
0.000000 0.279650 0.643995 0.016321 0.060034
0.978039 0.000168 0.012923 0.008608 0.000262
0.003878 0.000000 0.950752 0.019119 0.026251
0.002477 0.221282 0.108081 0.654260 0.013899
0.000130 0.164539 0.146454 0.688520 0.000357
0.013432 0.004387 0.363607 0.532057 0.086518
0.692501 0.091085 0.044864 0.136075 0.035475
0.017020 0.002544 0.120066 0.851815 0.008555
0.000010 0.018353 0.091321 0.023781 0.866535
0.000000 0.159144 0.720722 0.120039 0.000095
0.000232 0.062198 0.060848 0.866762 0.009960
0.007658 0.022355 0.079468 0.883214 0.007304
0.078656 0.270344 0.130448 0.505404 0.015148
0.092587 0.296173 0.112763 0.364122 0.134356
0.001524 0.064906 0.869369 0.064201 0.000000
0.904515 0.013319 0.035391 0.040429 0.006345
0.002626 0.939154 0.038707 0.018416 0.001097
0.968169 0.000036 0.024343 0.006212 0.001240
0.920045 0.000417 0.039184 0.029374 0.010980
0.000068 0.196086 0.101570 0.701865 0.000411
0.000226 0.062487 0.060088 0.867202 0.009997
0.006794 0.278688 0.442058 0.269691 0.002769
0.000039 0.013881 0.226695 0.027661 0.731724
0.010720 0.172637 0.080362 0.731492 0.004789
0.000114 0.172766 0.134749 0.692000 0.000371
0.019492 0.002913 0.454225 0.461611 0.061760
0.021715 0.002372 0.487478 0.435760 0.052675
0.044695 0.002628 0.182442 0.754088 0.016147
0.000000 0.040687 0.419454 0.528935 0.010924
0.965990 0.000053 0.025015 0.007261 0.001681
0.005776 0.023841 0.068936 0.893748 0.007700
0.000416 0.019937 0.352182 0.627352 0.000112
0.012712 0.166482 0.087789 0.728366 0.004651
0.001751 0.109590 0.389579 0.498146 0.000934
0.007708 0.142926 0.153366 0.696000 0.000000
0.001040 0.230481 0.258132 0.508846 0.001500
0.023759 0.002061 0.146533 0.827579 0.000069
0.000176 0.019422 0.088632 0.152542 0.739228
0.948054 0.003208 0.016866 0.029493 0.002379
0.012456 0.452371 0.446349 0.086202 0.002622
0.001556 0.009161 0.263743 0.685756 0.039784
0.082012 0.267112 0.132871 0.503014 0.014991
0.063911 0.070648 0.197732 0.274017 0.393692
0.001398 0.278823 0.714768 0.003770 0.001242
0.000884 0.683024 0.251448 0.064628 0.000017
0.006827 0.014211 0.869650 0.078257 0.031055
0.005691 0.336286 0.384650 0.270231 0.003143
0.025782 0.161721 0.503435 0.220359 0.088704
0.920091 0.000417 0.039169 0.029352 0.010971
0.004814 0.046540 0.744700 0.123918 0.080028
0.000176 0.019420 0.088666 0.152548 0.739190
0.975434 0.000432 0.013265 0.010423 0.000446
0.006122 0.023568 0.070872 0.891812 0.007627
0.000000 0.003449 0.744868 0.144728 0.106954
0.000159 0.150161 0.166909 0.682438 0.000333
0.968196 0.001166 0.014217 0.015463 0.000957
0.000010 0.018366 0.090927 0.023770 0.866927
0.031850 0.158247 0.066580 0.593483 0.149839
0.015907 0.003785 0.400620 0.503282 0.076405
0.000044 0.013099 0.250367 0.028339 0.708151
0.913685 0.006692 0.021386 0.053432 0.004806
0.000805 0.012561 0.250215 0.176607 0.559812
0.001739 0.542590 0.179025 0.272165 0.004481
0.924106 0.006133 0.034516 0.031591 0.003654
0.006934 0.003668 0.070503 0.907445 0.011450
0.014087 0.049024 0.094617 0.839903 0.002369
0.000011 0.018147 0.097569 0.023960 0.860313
0.000000 0.221444 0.207741 0.514321 0.056493
0.000000 0.037826 0.942702 0.007299 0.012172
0.050743 0.048967 0.229600 0.668671 0.002019
0.006793 0.003683 0.069812 0.908221 0.011491
0.970234 0.000019 0.023706 0.005218 0.000822
0.013624 0.832119 0.126532 0.026621 0.001105
0.002793 0.177434 0.176476 0.636384 0.006913
0.001729 0.841632 0.055054 0.101539 0.000046
0.041135 0.055705 0.855079 0.047515 0.000567
0.002643 0.938995 0.038837 0.018428 0.001097
0.002627 0.939144 0.038715 0.018417 0.001097
0.948170 0.003196 0.016851 0.029413 0.002371
0.007049 0.022836 0.076058 0.886625 0.007433
0.000413 0.198241 0.764896 0.034911 0.001540
0.010603 0.623410 0.212820 0.153124 0.000042
0.016661 0.000886 0.288776 0.680387 0.013290
0.939797 0.000261 0.033092 0.019867 0.006982
0.064876 0.016351 0.408182 0.473044 0.037547
0.012829 0.050051 0.090523 0.844186 0.002411
0.039692 0.578406 0.334711 0.046069 0.001123
0.000067 0.196254 0.101332 0.701936 0.000411
0.049925 0.329862 0.376737 0.155105 0.088372
0.964513 0.001539 0.014702 0.018029 0.001217
0.005430 0.411223 0.369820 0.213515 0.000013
0.000000 0.016311 0.951189 0.009240 0.023260
0.000404 0.432141 0.439147 0.029151 0.099156
0.941642 0.000246 0.032523 0.018979 0.006609
0.037142 0.000386 0.209291 0.753152 0.000030
0.978132 0.000159 0.012911 0.008543 0.000256
0.019430 0.406036 0.239593 0.334337 0.000605
0.963926 0.000069 0.025652 0.008254 0.002099
0.005842 0.023789 0.069303 0.893380 0.007686
0.002522 0.220585 0.109016 0.654013 0.013864
0.975829 0.000392 0.013213 0.010147 0.000418
0.022187 0.097941 0.103107 0.273397 0.503368
0.000695 0.013760 0.221960 0.172399 0.591186
0.013698 0.049342 0.093350 0.841228 0.002382
0.000000 0.060870 0.869937 0.069152 0.000040
0.001413 0.036117 0.925744 0.017304 0.019423
0.055945 0.148631 0.488849 0.302328 0.004246
0.970867 0.000014 0.023511 0.004913 0.000694
0.000417 0.019665 0.352569 0.627237 0.000112
0.061231 0.000908 0.233938 0.695050 0.008874
0.007429 0.004105 0.069953 0.918397 0.000117
0.002683 0.471259 0.352484 0.043724 0.129850
0.165988 0.002111 0.310307 0.521527 0.000067
0.000067 0.196229 0.101368 0.701925 0.000411
0.002630 0.939118 0.038736 0.018419 0.001097
0.054572 0.084446 0.534101 0.326636 0.000244
0.088002 0.158998 0.065434 0.466537 0.221029
0.001163 0.017240 0.961799 0.000000 0.019798
0.000068 0.196039 0.101637 0.701845 0.000410
0.000000 0.273869 0.545524 0.020309 0.160299
0.913691 0.006691 0.021385 0.053428 0.004805
0.000654 0.021696 0.958382 0.018930 0.000338
0.008621 0.504943 0.149015 0.336705 0.000715
0.000000 0.273877 0.545511 0.020309 0.160303
0.000220 0.062805 0.059251 0.867686 0.010038
0.000000 0.090240 0.834748 0.012417 0.062595
0.002983 0.213430 0.118614 0.651473 0.013500
0.000512 0.048495 0.096910 0.845892 0.008191
0.000000 0.273457 0.546172 0.020291 0.160080
0.052930 0.021540 0.360087 0.518478 0.046965
0.008900 0.000000 0.153747 0.829933 0.007420
0.006951 0.151878 0.201177 0.629624 0.010370
0.000000 0.272724 0.547327 0.020259 0.159690
0.201161 0.030772 0.126966 0.566109 0.074993
0.011687 0.169648 0.083969 0.729974 0.004722
0.052665 0.322774 0.384585 0.153313 0.086663
0.003700 0.014336 0.201723 0.778714 0.001528
0.000000 0.273849 0.545556 0.020308 0.160288
0.000176 0.019421 0.088650 0.152545 0.739208
0.007633 0.343053 0.057273 0.590305 0.001737
0.003536 0.185463 0.096298 0.714703 0.000000
0.012239 0.006005 0.081366 0.869970 0.030421
0.000347 0.054853 0.302507 0.642122 0.000171
0.000240 0.061833 0.061810 0.866206 0.009912
0.050199 0.476138 0.418624 0.053908 0.001130
0.003727 0.764635 0.069050 0.073735 0.088853
0.000014 0.017717 0.110581 0.024333 0.847355
0.918955 0.006157 0.020693 0.049761 0.004434
0.000234 0.111921 0.221315 0.666262 0.000268
0.000118 0.170629 0.137789 0.691096 0.000367
0.001321 0.075733 0.851261 0.071685 0.000000
0.007799 0.342073 0.057889 0.590506 0.001733
0.001766 0.531871 0.194511 0.266107 0.005745
0.000176 0.019420 0.088668 0.152548 0.739189
0.013634 0.163632 0.091228 0.726918 0.004588
0.000000 0.013766 0.955198 0.009130 0.021906
0.000232 0.062214 0.060806 0.866786 0.009962
0.026804 0.000000 0.138082 0.798060 0.037055
0.438545 0.017765 0.325703 0.210495 0.007492
0.000000 0.017940 0.948624 0.009310 0.024126
0.002626 0.939154 0.038707 0.018416 0.001097
0.006509 0.003715 0.068417 0.909786 0.011572
0.004092 0.783528 0.097061 0.115274 0.000045
0.074868 0.286852 0.331596 0.301904 0.004781
0.027465 0.032601 0.257570 0.615326 0.067040
0.027283 0.226939 0.130316 0.614171 0.001291
0.000012 0.018075 0.099727 0.024022 0.858164
0.050444 0.328520 0.378223 0.154765 0.088048
0.000359 0.450155 0.417014 0.029690 0.102782
0.002626 0.939154 0.038707 0.018416 0.001097
0.015362 0.096863 0.748632 0.139143 0.000000
0.007425 0.022540 0.078161 0.884521 0.007354
0.002614 0.006691 0.966736 0.023960 0.000000
0.000067 0.196254 0.101332 0.701936 0.000411
0.000134 0.162649 0.149143 0.687720 0.000354
0.971790 0.000007 0.023226 0.004469 0.000507
0.030386 0.004421 0.206658 0.756007 0.002528
0.000010 0.018297 0.093023 0.023830 0.864840
0.123761 0.271267 0.161603 0.398226 0.045143
0.002760 0.000000 0.874689 0.036669 0.085882
0.001566 0.022201 0.119931 0.854133 0.002169
0.000000 0.279362 0.644350 0.016311 0.059977
0.003696 0.014348 0.201594 0.778832 0.001529
0.560583 0.001487 0.199008 0.229505 0.009418
0.004284 0.012184 0.224101 0.758079 0.001353
0.972790 0.000700 0.013613 0.012264 0.000633
0.000359 0.048800 0.311119 0.639561 0.000161
0.000067 0.196254 0.101332 0.701936 0.000411
0.000021 0.016724 0.140647 0.025195 0.817414
0.007998 0.340893 0.058631 0.590749 0.001729
0.069955 0.000000 0.912558 -0.000000 0.017486
0.000243 0.322350 0.628877 0.046145 0.002385
0.812450 0.047088 0.039505 0.081962 0.018995
0.001521 0.022366 0.118215 0.855716 0.002182
0.000194 0.019228 0.093193 0.153222 0.734163
0.033209 0.002193 0.222457 0.740206 0.001935
0.000000 0.167597 0.712906 0.015741 0.103755
0.000407 0.338255 0.140948 0.518386 0.002005
0.033587 0.276479 0.358240 0.331234 0.000459
0.000543 0.015745 0.142695 0.779463 0.061554
0.000177 0.019404 0.089041 0.152603 0.738774
0.002626 0.939154 0.038707 0.018416 0.001097
0.003906 0.000000 0.952636 0.018685 0.024774
0.000264 0.097089 0.242417 0.659988 0.000243
0.000542 0.015755 0.142506 0.779609 0.061588
0.964417 0.000066 0.025500 0.008018 0.001999
0.005940 0.023711 0.069852 0.892831 0.007666
0.002627 0.939153 0.038707 0.018416 0.001097
0.000000 0.108909 0.248215 0.620711 0.022164
0.000000 0.043227 0.545064 0.393711 0.017998
0.012813 0.050064 0.090470 0.844242 0.002411
0.005774 0.023842 0.068923 0.893761 0.007700
0.964218 0.000067 0.025561 0.008113 0.002040
0.935413 0.001986 0.034011 0.026490 0.002100
0.008628 0.093870 0.344070 0.549275 0.004157
0.931185 0.003537 0.034200 0.028397 0.002681
0.004409 0.011719 0.228929 0.753627 0.001315
0.065776 0.052097 0.183401 0.379889 0.318837
0.006711 0.003692 0.069408 0.908674 0.011514
0.002626 0.939154 0.038707 0.018416 0.001097
0.977772 0.000195 0.012958 0.008794 0.000281
0.025845 0.008004 0.181248 0.781421 0.003482
0.000000 0.200707 0.062983 0.247361 0.488949
0.000070 0.194716 0.103521 0.701285 0.000408
0.121344 0.273213 0.160343 0.399667 0.045432
0.200785 0.030803 0.126890 0.566461 0.075061
0.012182 0.316175 0.074181 0.595829 0.001634
0.050126 0.329342 0.377312 0.154973 0.088246
0.005779 0.023838 0.068951 0.893733 0.007699
0.692501 0.091085 0.044864 0.136075 0.035475
0.001328 0.023078 0.110806 0.862547 0.002240
0.004490 0.921020 0.053586 0.019806 0.001098
0.022755 0.324607 0.428845 0.223758 0.000036
0.002087 0.034815 0.919697 0.043401 0.000000
0.002627 0.939151 0.038709 0.018416 0.001097
0.062409 0.297572 0.412489 0.146943 0.080586
0.043105 0.025335 0.189043 0.741103 0.001414
0.005780 0.023838 0.068956 0.893727 0.007699
0.000000 0.124042 0.402912 0.471024 0.002022
0.060929 0.017493 0.267582 0.652683 0.001313
0.197120 0.156276 0.215952 0.421057 0.009594
0.002650 0.004766 0.969955 0.022629 -0.000000
0.002626 0.939154 0.038707 0.018416 0.001097
0.000068 0.195646 0.102197 0.701679 0.000410
0.000067 0.196254 0.101332 0.701936 0.000411
0.004230 0.012380 0.222061 0.759960 0.001369
0.006897 0.897586 0.072814 0.021603 0.001100
0.000000 0.139035 0.172598 0.661239 0.027128
0.078069 0.274114 0.342319 0.300868 0.004630
0.002643 0.005144 0.969322 0.022891 0.000000
0.005447 0.175217 0.169871 0.637908 0.011557
0.021506 0.327194 0.575333 0.073993 0.001974
0.002641 0.939012 0.038823 0.018427 0.001097
0.013168 0.003387 0.096869 0.886476 0.000100
0.002809 0.937377 0.040165 0.018552 0.001097
0.000959 0.010877 0.289856 0.182511 0.515797
0.010331 0.864168 0.100235 0.024164 0.001102
0.000010 0.018327 0.092097 0.023803 0.865762
0.013509 0.001562 0.245343 0.720641 0.018944
0.003178 0.427502 0.402767 0.044571 0.121982
0.021891 0.497690 0.154095 0.319040 0.007284
0.976009 0.000374 0.013190 0.010022 0.000405
0.692501 0.091085 0.044864 0.136075 0.035475
0.008820 0.000000 0.153122 0.830623 0.007435
0.008158 0.100603 0.330566 0.556294 0.004379
0.001609 0.549373 0.172264 0.272228 0.004525
0.933215 0.002792 0.034109 0.027482 0.002402
0.000221 0.062727 0.059458 0.867567 0.010028
0.001957 0.525094 0.409258 0.063677 0.000014
0.000000 0.000000 0.193116 0.676758 0.130126
0.025977 0.245369 0.486131 0.242489 0.000035
0.002626 0.939154 0.038707 0.018416 0.001097
0.000000 0.468817 0.226961 0.266978 0.037243
0.000176 0.019421 0.088637 0.152543 0.739223
0.001989 0.000000 0.822204 0.048778 0.127028
0.977642 0.000208 0.012975 0.008885 0.000290
0.946012 0.000033 0.030993 0.022869 0.000093
0.000000 0.200183 0.063614 0.247921 0.488283
0.000398 0.209237 0.752844 0.035906 0.001615
0.000014 0.017752 0.109530 0.024303 0.848401
0.003274 0.418968 0.412574 0.044736 0.120448
0.002627 0.939146 0.038713 0.018417 0.001097
0.001506 0.022421 0.117634 0.856251 0.002187
0.821817 0.000999 0.047499 0.128232 0.001453
0.971791 0.000007 0.023226 0.004468 0.000507
0.027327 0.001007 0.571397 0.370522 0.029747
0.002626 0.939154 0.038707 0.018416 0.001097
0.002855 0.176550 0.178249 0.635462 0.006884
0.039500 0.003168 0.166264 0.772636 0.018431
0.002773 0.815960 0.073613 0.107608 0.000046
0.002708 0.106037 0.888531 0.002198 0.000527
0.009149 0.078253 0.292468 0.563425 0.056705
0.000769 0.699940 0.234545 0.064729 0.000018
0.006828 0.023010 0.074824 0.887859 0.007479
0.002105 0.049416 0.455008 0.492820 0.000652
0.018124 0.005392 0.099694 0.848957 0.027832
0.032032 0.001025 0.185331 0.781567 0.000045
0.971728 0.000008 0.023245 0.004499 0.000520
0.000709 0.104717 0.811355 -0.000000 0.083219
0.000000 0.279664 0.643977 0.016322 0.060037
0.962889 0.000078 0.025971 0.008753 0.002309
0.008630 0.504866 0.149086 0.336703 0.000715
0.002628 0.939143 0.038716 0.018417 0.001097
0.446875 0.010751 0.176216 0.335994 0.030163
0.029739 0.176194 0.680646 0.102858 0.010563
0.000000 0.273871 0.545521 0.020309 0.160300
0.965533 0.001436 0.014567 0.017319 0.001145
0.082367 0.257006 0.356722 0.299478 0.004427
0.946874 0.003327 0.017021 0.030315 0.002462
0.002481 0.135973 0.858426 0.002470 0.000651
0.193686 0.001148 0.344436 0.460686 0.000044
0.016967 0.266649 0.020840 0.390886 0.304659
0.000336 0.254403 0.703344 0.039995 0.001922
0.009862 0.175288 0.077162 0.732839 0.004849
0.970909 0.000014 0.023498 0.004893 0.000686
0.005908 0.023736 0.069676 0.893007 0.007672
0.016838 0.003558 0.414537 0.492464 0.072603
0.046354 0.039655 0.807460 0.106514 0.000017
0.000000 0.115787 0.846403 0.010208 0.027602
0.007694 0.005782 0.277794 0.598767 0.109963
0.000000 0.093242 0.906758 0.000000 0.000000
0.008617 0.504988 0.148974 0.336706 0.000716
0.913811 0.006679 0.021370 0.053344 0.004797
0.000067 0.196254 0.101333 0.701936 0.000411
0.000068 0.195889 0.101851 0.701782 0.000410
0.002576 0.008678 0.963412 0.025333 0.000000
0.021890 0.497697 0.154090 0.319040 0.007284
0.001402 0.278176 0.715418 0.003764 0.001239
0.692501 0.091085 0.044864 0.136075 0.035475
0.022932 0.002076 0.505669 0.421618 0.047705
0.020573 0.002650 0.470389 0.449045 0.057344
0.078167 0.010578 0.461688 0.422498 0.027070
0.008610 0.505051 0.148917 0.336707 0.000716
0.000067 0.196253 0.101334 0.701935 0.000411
0.028758 0.093642 0.118009 0.273494 0.486096
0.002626 0.939154 0.038707 0.018416 0.001097
0.000000 0.800502 0.029290 0.161956 0.008252
0.002627 0.939144 0.038715 0.018417 0.001097
0.201640 0.030733 0.127062 0.565660 0.074905
0.057742 0.005878 0.176932 0.759293 0.000156
0.971248 0.000011 0.023394 0.004730 0.000617
0.000069 0.195541 0.102346 0.701634 0.000410
0.000000 0.139655 0.171041 0.662074 0.027230
0.000000 0.243915 0.592703 0.019021 0.144361
0.006378 0.626393 0.099027 0.248260 0.019942
0.558497 0.001657 0.198590 0.231458 0.009799
0.000000 0.249128 0.725405 0.025405 0.000061
0.003026 0.000000 0.892790 0.032492 0.071691
0.000000 0.139577 0.171237 0.661968 0.027217
0.001566 0.845649 0.052150 0.100590 0.000046
0.001328 0.023079 0.110799 0.862553 0.002241
0.971787 0.000007 0.023227 0.004471 0.000508
0.000067 0.196254 0.101332 0.701936 0.000411
0.039028 0.151938 0.073717 0.590331 0.144986
0.913685 0.006692 0.021386 0.053432 0.004806
0.000000 0.176909 0.091650 0.272776 0.458665
0.021890 0.497697 0.154090 0.319040 0.007284
0.031387 0.034901 0.150910 0.781002 0.001800
0.000476 0.050243 0.092308 0.848555 0.008417
0.020649 0.394877 0.249812 0.334069 0.000592
0.002641 0.002106 0.393452 0.585344 0.016457
0.212732 0.076334 0.227517 0.413765 0.069651
0.892499 0.017726 0.035928 0.045850 0.007996
0.000525 0.140004 0.750668 -0.000000 0.108802
0.032656 0.285003 0.350434 0.331439 0.000469
0.000000 0.012105 0.974475 0.006340 0.007081
0.012117 0.071741 0.308671 0.601176 0.006294
0.077474 0.271483 0.129595 0.506245 0.015203
0.000374 0.443941 0.424649 0.029504 0.101531
0.002934 0.472270 0.256348 0.263220 0.005228
0.976782 0.000296 0.013088 0.009484 0.000351
0.938166 0.000094 0.032036 0.029525 0.000179
0.927662 0.005275 0.019548 0.043696 0.003819
0.000387 0.034601 0.331319 0.633555 0.000137
0.000988 0.012853 0.195853 0.738312 0.051994
0.094250 0.255329 0.141703 0.494301 0.014417
0.972850 0.000694 0.013605 0.012222 0.000628
0.953913 0.000149 0.028739 0.013073 0.004125
0.009339 0.003400 0.082322 0.894179 0.010760
0.920043 0.000417 0.039184 0.029375 0.010980
0.005775 0.023842 0.068928 0.893756 0.007700
0.000177 0.019413 0.088828 0.152572 0.739010
0.003022 0.064605 0.930197 0.001820 0.000355
0.020875 0.000000 0.247364 0.726611 0.005150
0.000000 0.223798 0.035167 0.222702 0.518333
0.003092 0.000751 0.390636 0.587915 0.017607
0.000254 0.102131 0.235243 0.662121 0.000251
0.801309 0.051175 0.040003 0.086988 0.020525
0.000541 0.015758 0.142449 0.779653 0.061598
0.025220 0.033576 0.248532 0.623863 0.068809
0.007653 0.342936 0.057346 0.590329 0.001737
0.117105 0.003813 0.250076 0.628899 0.000107
0.000000 0.172456 0.300465 0.481168 0.045911
0.952781 0.000158 0.029089 0.013618 0.004355
0.004870 0.764393 0.110895 0.119798 0.000045
0.005986 0.131710 0.268178 0.588720 0.005405
0.002955 0.076400 0.629296 0.166090 0.125259
0.000000 0.031727 0.950236 0.007072 0.010965
0.000589 0.069831 0.905628 0.023287 0.000665
0.919695 0.000238 0.034491 0.045195 0.000381
0.003125 0.934302 0.042687 0.018788 0.001097
0.026536 0.000000 0.291619 0.677768 0.004077
0.032455 0.003901 0.144324 0.797790 0.021530
0.019090 0.013334 0.143446 0.819228 0.004902
0.002990 0.935614 0.041611 0.018688 0.001097
0.000000 0.273877 0.545511 0.020309 0.160303
0.003165 0.428689 0.401403 0.044548 0.122196
0.009611 0.593388 0.124527 0.253269 0.019205
0.022718 0.041978 0.122700 0.810519 0.002085
0.010500 0.144209 0.666995 0.178296 0.000000
0.026383 0.342404 0.297867 0.332813 0.000533
0.017141 0.266384 0.020950 0.391072 0.304453
0.008569 0.337522 0.060752 0.591441 0.001716
0.920093 0.000417 0.039169 0.029351 0.010970
0.001216 0.007028 0.979362 -0.000000 0.012394
0.002946 0.017116 0.172812 0.805372 0.001755
0.952437 0.002763 0.016290 0.026440 0.002070
0.969254 0.000027 0.024009 0.005690 0.001021
0.000000 0.015698 0.471892 0.201693 0.310718
0.049918 0.329880 0.376717 0.155109 0.088376
0.000072 0.194047 0.104472 0.701002 0.000407
0.002627 0.939147 0.038713 0.018417 0.001097
0.970214 0.000961 0.013952 0.014058 0.000815
0.946275 0.000031 0.030958 0.022646 0.000091
0.001328 0.023079 0.110798 0.862555 0.002241
0.000803 0.637604 0.161329 0.040506 0.159759
0.049486 0.020126 0.209806 0.719378 0.001204
0.970747 0.000015 0.023548 0.004971 0.000718
0.934971 0.002148 0.034031 0.026689 0.002161
0.006565 0.004213 0.065902 0.923201 0.000119
0.001527 0.261695 0.731992 0.003614 0.001171
0.000176 0.019422 0.088623 0.152541 0.739238
0.000000 0.279665 0.643975 0.016322 0.060037
0.928587 0.005181 0.019426 0.043052 0.003753
0.013486 0.049515 0.092659 0.841951 0.002389
0.881804 0.021649 0.036406 0.050674 0.009466
0.920043 0.000417 0.039184 0.029375 0.010980
0.026112 0.263489 0.640976 0.067780 0.001643
0.018901 0.002669 0.123752 0.854595 0.000083
0.003656 0.003674 0.109591 0.846462 0.036617
0.165229 0.076846 0.564802 0.179595 0.013527
0.031740 0.293380 0.342762 0.331639 0.000478
0.965065 0.000060 0.025300 0.007706 0.001868
0.001315 0.009163 0.200415 0.785992 0.003115
0.000997 0.049253 0.906742 -0.000000 0.043008
0.000331 0.351043 0.127043 0.519518 0.002065
0.007929 0.005725 0.281312 0.596032 0.109001
0.000424 0.052801 0.085577 0.852451 0.008747
0.870762 0.025699 0.036899 0.055656 0.010983
0.094466 0.003498 0.527306 0.360510 0.014220
0.006772 0.004187 0.066872 0.922050 0.000118
0.002626 0.939154 0.038707 0.018416 0.001097
0.010540 0.487389 0.165091 0.336285 0.000696
0.000000 0.258307 0.570035 0.019640 0.152019
0.013061 0.001658 0.239176 0.726357 0.019747
0.068771 0.004382 0.272561 0.653716 0.000569
0.913793 0.006681 0.021372 0.053357 0.004798
0.004098 0.000000 0.965746 0.015660 0.014496
0.000861 0.031388 0.141928 0.819840 0.005983
0.015176 0.003135 0.106285 0.875309 0.000094
0.002627 0.939149 0.038711 0.018417 0.001097
0.692501 0.091085 0.044864 0.136075 0.035475
0.002068 0.005831 0.324968 0.638359 0.028773
0.000000 0.111611 0.851561 0.010052 0.026776
0.912020 0.010566 0.035056 0.037043 0.005314
0.000000 0.273868 0.545525 0.020308 0.160298
0.031687 0.293866 0.342317 0.331651 0.000479
0.036131 0.028837 0.292456 0.582368 0.060208
0.000010 0.018359 0.091142 0.023776 0.866713
0.007665 0.005789 0.277362 0.599103 0.110081
0.006556 0.003805 0.311232 0.677737 0.000670
0.000265 0.096344 0.243477 0.659673 0.000242
0.115101 0.085070 0.149363 0.556920 0.093546
0.974480 0.000529 0.013391 0.011087 0.000513
0.001596 0.003927 0.453543 0.206889 0.334045
0.000000 0.224156 0.034736 0.222320 0.518788
0.377198 0.016429 0.162250 0.401247 0.042876
0.000067 0.196254 0.101332 0.701936 0.000411
0.002626 0.939154 0.038707 0.018416 0.001097
0.021431 0.139540 0.120301 0.714680 0.004048
0.000799 0.638001 0.160872 0.040498 0.159830
0.000012 0.018135 0.097917 0.023970 0.859966
0.027189 0.415835 0.050300 0.337100 0.169577
0.014775 0.002794 0.109037 0.864195 0.009199
0.155380 0.057107 0.678742 0.086162 0.022610
0.000575 0.080014 0.894468 0.024209 0.000735
0.010065 0.073299 0.385326 0.527832 0.003479
0.958020 0.000116 0.027473 0.011097 0.003294
0.000010 0.018366 0.090925 0.023770 0.866930
0.000169 0.145040 0.174196 0.680272 0.000324
0.972393 0.000741 0.013665 0.012541 0.000661
0.000579 0.045196 0.105592 0.840868 0.007765
0.024708 0.005855 0.905556 0.063881 0.000000
0.008874 0.502634 0.151129 0.336650 0.000713
0.013188 0.049758 0.091690 0.842965 0.002399
0.005774 0.023842 0.068923 0.893761 0.007700
0.022094 0.031314 0.861657 0.084935 0.000000
0.000753 0.013121 0.237021 0.174642 0.574463
0.945774 0.000213 0.031249 0.016991 0.005773
0.009129 0.118096 0.246492 0.617631 0.008652
0.027166 0.032730 0.256367 0.616461 0.067275
0.061510 0.000878 0.234808 0.694052 0.008751
0.000343 0.057088 0.299328 0.643067 0.000175
0.927547 0.000177 0.033447 0.038534 0.000296
0.000000 0.267613 0.555378 0.020040 0.156970
0.000527 0.114982 0.856144 0.027374 0.000973
0.001597 0.844865 0.052716 0.100775 0.000046
0.000000 0.161453 0.789995 0.011912 0.036641
0.000000 0.279600 0.644056 0.016320 0.060024
0.022117 0.496791 0.154853 0.318967 0.007273
0.971767 0.000804 0.013748 0.012976 0.000705
0.012373 0.040241 0.451626 0.493372 0.002388
0.005649 0.333853 0.399956 0.256517 0.004025
0.035568 0.095857 0.173015 0.692490 0.003069
0.002626 0.939154 0.038707 0.018416 0.001097
0.008530 0.000000 0.150858 0.833121 0.007490
0.959404 0.002057 0.015373 0.021587 0.001578
0.026646 0.007372 0.185730 0.776938 0.003314
0.783405 0.057742 0.040803 0.095065 0.022985
0.000067 0.196254 0.101332 0.701936 0.000411
0.000242 0.323077 0.628079 0.046211 0.002390
0.006013 0.023654 0.070259 0.892424 0.007650
0.008608 0.505063 0.148905 0.336708 0.000716
0.911879 0.010618 0.035062 0.037107 0.005334
0.082878 0.008531 0.480656 0.404579 0.023355
0.122814 0.272029 0.161110 0.398790 0.045257
0.007953 0.004039 0.072411 0.915482 0.000115
0.975076 0.000469 0.013312 0.010672 0.000471
0.041496 0.100431 0.742903 0.115143 0.000027
0.000389 0.033693 0.332611 0.633171 0.000135
0.000000 0.024043 0.959727 0.006785 0.009444
0.000000 0.176980 0.698129 0.016145 0.108747
0.001096 0.012148 0.208826 0.728269 0.049661
0.002849 0.087402 0.907271 0.002028 0.000450
0.008625 0.504907 0.149048 0.336704 0.000715
0.000799 0.637950 0.160931 0.040499 0.159821
0.560209 0.001517 0.198933 0.229855 0.009486
0.018807 0.005321 0.101821 0.846518 0.027532
0.009982 0.174916 0.077611 0.732650 0.004840
0.060324 0.053872 0.174736 0.383256 0.327813
0.000583 0.014981 0.193210 0.168117 0.623109
0.001032 0.010083 0.308565 0.185297 0.495023
0.025630 0.349300 0.291552 0.332978 0.000541
0.065785 0.015956 0.411839 0.469589 0.036831
0.179596 0.001638 0.327074 0.491637 0.000056
0.000000 0.174556 0.286255 0.536482 0.002706
0.001588 0.253761 0.739971 0.003542 0.001138
0.553584 0.002057 0.197605 0.236059 0.010695
0.000376 0.443425 0.425283 0.029489 0.101427
0.000230 0.062323 0.060519 0.866953 0.009976
0.000247 0.319743 0.631733 0.045909 0.002367
0.000332 0.350988 0.127103 0.519513 0.002065
0.005940 0.003185 0.141065 0.817290 0.032520
0.924560 0.000200 0.033844 0.041068 0.000328
0.026940 0.416290 0.050062 0.336997 0.169710
0.970784 0.000904 0.013877 0.013661 0.000774
0.953513 0.002654 0.016148 0.025691 0.001994
0.000010 0.018323 0.092236 0.023807 0.865624
0.000764 0.036131 0.129446 0.827063 0.006595
0.968100 0.001176 0.014230 0.015531 0.000964
0.003425 0.011459 0.983643 0.001337 0.000135
0.035874 0.000444 0.212718 0.747822 0.003142
0.010524 0.143974 0.667399 0.178102 0.000000
0.008886 0.055027 0.338659 0.358895 0.238533
0.002627 0.939145 0.038714 0.018417 0.001097
0.970308 0.000019 0.023683 0.005182 0.000807
0.007092 0.353912 0.225660 0.251427 0.161909
0.000068 0.009383 0.362866 0.031564 0.596119
0.000370 0.043431 0.318758 0.637290 0.000152
0.117163 0.058445 0.537150 0.224885 0.062357
0.010429 0.173537 0.079276 0.731949 0.004810
0.032278 0.002928 0.217246 0.745418 0.002131
0.821847 0.000999 0.047495 0.128206 0.001452
0.012864 0.401592 0.189519 0.384461 0.011564
0.001035 0.022864 0.164361 0.806857 0.004883
0.261364 0.025867 0.139033 0.509728 0.064009
0.000234 0.062122 0.061050 0.866645 0.009950
0.010208 0.174218 0.078454 0.732295 0.004825
0.015206 0.023830 0.372938 0.584169 0.003858
0.005451 0.410710 0.370431 0.213394 0.000013
0.008612 0.505031 0.148935 0.336707 0.000716
0.043722 0.129803 0.191421 0.634136 0.000919
0.000067 0.196254 0.101332 0.701936 0.000411
0.146483 0.002790 0.286274 0.564369 0.000083
0.000278 0.018312 0.114755 0.156433 0.710223
0.028945 0.000614 0.595585 0.351718 0.023139
0.002627 0.939145 0.038714 0.018417 0.001097
0.025848 0.418289 0.049019 0.336546 0.170299
0.000225 0.062537 0.059958 0.867277 0.010003
0.026615 0.416886 0.049751 0.336863 0.169886
0.971546 0.000009 0.023302 0.004586 0.000557
0.001083 0.165794 0.766409 0.021183 0.045531
0.000799 0.637998 0.160875 0.040498 0.159830
0.054042 0.089295 0.529660 0.326752 0.000249
0.001398 0.006090 0.402597 0.199301 0.390614
0.016040 0.002653 0.115254 0.857216 0.008836
0.401610 0.047510 0.306449 0.232522 0.011910
0.000059 0.010758 0.321242 0.030371 0.637570
0.011938 0.006036 0.080430 0.871043 0.030553
0.001329 0.023077 0.110820 0.862534 0.002240
0.023646 0.490706 0.159975 0.318472 0.007201
0.967843 0.000038 0.024444 0.006369 0.001306
0.971735 0.000008 0.023243 0.004496 0.000518
0.973521 0.000626 0.013517 0.011755 0.000581
0.000072 0.194072 0.104437 0.701013 0.000407
0.002743 0.409351 0.524914 0.062980 0.000012
0.035297 0.096694 0.172005 0.692916 0.003088
0.001136 0.017949 0.177293 0.799373 0.004249
0.001132 0.018143 0.176784 0.799667 0.004274
0.272627 0.083571 0.270451 0.367297 0.006054
0.015086 0.002760 0.110563 0.862481 0.009110
0.012885 0.050005 0.090706 0.843995 0.002409
0.027910 0.328432 0.310662 0.332478 0.000518
0.000000 0.063561 0.910914 0.008259 0.017266
0.971215 0.000860 0.013820 0.013361 0.000744
0.000000 0.013506 0.487681 0.492368 0.006445
0.001610 0.549305 0.172333 0.272228 0.004525
0.000000 0.800474 0.029304 0.161969 0.008252
0.000000 0.116735 0.793017 0.013556 0.076693
0.000000 0.800086 0.029500 0.162163 0.008251
0.004924 0.032897 0.606484 0.346050 0.009646
0.000000 0.149656 0.343760 0.504215 0.002369
0.008431 0.005603 0.288815 0.590200 0.106952
0.000000 0.065742 0.873334 0.011364 0.049560
0.931317 0.003488 0.034194 0.028338 0.002663
0.005785 0.023834 0.068985 0.893698 0.007698
0.004011 0.761116 0.071964 0.074241 0.088667
0.016995 0.266606 0.020858 0.390916 0.304626
0.969250 0.000027 0.024010 0.005692 0.001021
0.170501 0.017998 0.722044 0.076276 0.013181
0.072663 0.012968 0.439530 0.443430 0.031408
0.007631 0.005798 0.276862 0.599491 0.110217
0.442951 0.011071 0.175430 0.339669 0.030879
0.044506 0.062773 0.782904 0.109796 0.000021
0.934264 0.004606 0.018680 0.039098 0.003353
0.007615 0.005802 0.276609 0.599688 0.110286
0.009875 0.175247 0.077212 0.732818 0.004848
0.000172 0.143271 0.176713 0.679523 0.000321
0.000017 0.017322 0.122522 0.024675 0.835464
0.971182 0.000012 0.023414 0.004762 0.000630
0.001767 0.552343 0.259306 0.042155 0.144429
0.002626 0.939154 0.038707 0.018416 0.001097
0.003845 0.927291 0.048441 0.019326 0.001098
0.002626 0.939153 0.038707 0.018416 0.001097
0.746513 0.071274 0.042451 0.111709 0.028054
0.920056 0.000417 0.039180 0.029369 0.010978
0.013985 0.049107 0.094285 0.840250 0.002373
0.934303 0.002393 0.034061 0.026991 0.002253
0.025299 0.001868 0.153752 0.819017 0.000064
0.013521 0.049486 0.092775 0.841830 0.002388
0.002642 0.938999 0.038834 0.018428 0.001097
0.000069 0.195333 0.102642 0.701546 0.000409
0.976474 0.000327 0.013129 0.009698 0.000373
0.000000 0.125903 0.778577 0.013950 0.081571
0.001301 0.009885 0.198516 0.787091 0.003208
0.014782 0.820849 0.135779 0.027485 0.001105
0.000938 0.050093 0.495868 0.429032 0.024068
0.002475 0.221309 0.108045 0.654270 0.013901
0.978561 0.000115 0.012854 0.008244 0.000225
0.063034 0.130837 0.097589 0.579787 0.128753
0.150570 0.069548 0.664966 0.089306 0.025610
0.000590 0.068529 0.907054 0.023169 0.000656
0.000313 0.017922 0.123956 0.157803 0.700006
0.000664 0.113322 0.796556 -0.000000 0.089458
0.096212 0.210142 0.509296 0.124843 0.059507
0.036772 0.247341 0.384924 0.330537 0.000427
0.013297 0.164673 0.089972 0.727447 0.004611
0.970525 0.000930 0.013911 0.013842 0.000793
0.016655 0.051705 0.275748 0.655892 0.000000
0.011941 0.006036 0.080438 0.871034 0.030552
0.001609 0.549373 0.172264 0.272228 0.004525
0.000343 0.349110 0.129144 0.519347 0.002056
0.003566 0.930007 0.046211 0.019117 0.001098
0.000000 0.279397 0.644307 0.016312 0.059984
0.000877 0.631103 0.168799 0.040631 0.158590
0.000010 0.018365 0.090965 0.023771 0.866890
0.971748 0.000007 0.023239 0.004490 0.000516
0.004801 0.010276 0.243943 0.739783 0.001197
0.013103 0.463933 0.186572 0.335723 0.000669
0.913685 0.006692 0.021386 0.053432 0.004806
0.000741 0.013258 0.233790 0.174161 0.578050
0.017283 0.005480 0.097073 0.851962 0.028202
0.004348 0.011945 0.226579 0.755794 0.001334
0.000023 0.016297 0.153550 0.025565 0.804565
0.002626 0.939154 0.038707 0.018416 0.001097
0.008608 0.505064 0.148905 0.336708 0.000716
0.000015 0.017629 0.113254 0.024410 0.844693
0.000220 0.062806 0.059249 0.867687 0.010038
0.012102 0.457266 0.441305 0.086679 0.002648
0.007633 0.005797 0.276879 0.599479 0.110213
0.920043 0.000417 0.039184 0.029375 0.010980
0.001610 0.549297 0.172340 0.272228 0.004525
0.005620 0.339984 0.380964 0.270266 0.003167
0.005855 0.006391 0.284335 0.702537 0.000881
0.969089 0.000028 0.024059 0.005769 0.001054
0.072409 0.111182 0.551366 0.261750 0.003294
0.017534 0.423386 0.223705 0.334752 0.000624
0.027956 0.006339 0.193058 0.769609 0.003039
0.000110 0.174894 0.131722 0.692900 0.000375
0.692507 0.091083 0.044864 0.136072 0.035474
0.976897 0.000284 0.013073 0.009403 0.000343
0.561188 0.001437 0.199129 0.228938 0.009308
0.004967 0.368610 0.363896 0.258201 0.004327
0.076710 0.011211 0.455822 0.428039 0.028218
0.036361 0.006922 0.799900 0.156694 0.000123
0.023421 0.000000 0.267266 0.704645 0.004668
0.002626 0.939154 0.038707 0.018416 0.001097
0.000023 0.016389 0.150764 0.025485 0.807339
0.000668 0.014932 0.157637 0.767896 0.058867
0.000287 0.085148 0.259406 0.654937 0.000223
0.121350 0.273208 0.160346 0.399664 0.045432
0.001599 0.008879 0.268918 0.681749 0.038854
0.037451 0.241119 0.390622 0.330388 0.000420
0.012385 0.844177 0.116638 0.025697 0.001104
0.011518 0.475497 0.344506 0.168394 0.000085
0.000138 0.160630 0.152016 0.686866 0.000350
0.012832 0.050049 0.090532 0.844177 0.002411
0.049918 0.329880 0.376717 0.155109 0.088376
0.009860 0.175294 0.077155 0.732842 0.004849
0.029637 0.005012 0.202468 0.760198 0.002685
0.000010 0.018366 0.090936 0.023770 0.866918
0.000181 0.019367 0.089922 0.152735 0.737796
0.000000 0.148471 0.806030 0.011427 0.034071
0.000067 0.196218 0.101383 0.701921 0.000411
0.000012 0.018077 0.099689 0.024021 0.858201
0.000067 0.196189 0.101425 0.701908 0.000411
0.006241 0.023627 0.833255 0.091557 0.045320
0.000068 0.196035 0.101643 0.701843 0.000410
0.010115 0.147959 0.660528 0.181398 0.000000
0.000238 0.109920 0.224161 0.665416 0.000265
0.901941 0.000376 0.036850 0.060257 0.000576
0.008860 0.090556 0.350716 0.545821 0.004048
0.029848 0.000394 0.609102 0.341210 0.019446
0.914021 0.006658 0.021342 0.053198 0.004782
0.930583 0.000153 0.033043 0.035958 0.000262
0.920531 0.000414 0.039034 0.029140 0.010882
0.071590 0.013434 0.435211 0.447510 0.032254
0.000017 0.017325 0.122441 0.024673 0.835544
0.003011 0.000761 0.386507 0.591913 0.017809
0.968487 0.000033 0.024245 0.006059 0.001176
0.009048 0.021258 0.087249 0.875432 0.007012
0.002785 0.095935 0.898690 0.002106 0.000485
0.925280 0.000194 0.033748 0.040457 0.000320
0.039213 0.084595 0.186606 0.686769 0.002817
0.000304 0.076572 0.271607 0.651309 0.000208
0.000000 0.037337 0.943307 0.007281 0.012075
0.000176 0.019422 0.088623 0.152541 0.739237
0.000634 0.036628 0.942018 0.020282 0.000439
0.256822 0.010921 0.466117 0.262478 0.003661
0.005780 0.023838 0.068956 0.893727 0.007699
0.000024 0.016161 0.157669 0.025683 0.800462
0.008608 0.505063 0.148905 0.336708 0.000716
0.037094 0.000392 0.209069 0.753415 0.000030
0.001566 0.845636 0.052158 0.100593 0.000046
0.001439 0.273342 0.720280 0.003720 0.001219
0.000541 0.015758 0.142457 0.779648 0.061597
0.015924 0.809730 0.144903 0.028337 0.001106
0.000026 0.015949 0.164101 0.025867 0.794057
0.000081 0.007365 0.423930 0.033314 0.535309
0.941587 0.000067 0.031581 0.026623 0.000142
0.000353 0.347410 0.130993 0.519196 0.002048
0.692501 0.091085 0.044864 0.136075 0.035475
0.005429 0.411230 0.369811 0.213517 0.000013
0.971423 0.000010 0.023340 0.004646 0.000582
0.401822 0.014422 0.167186 0.378187 0.038383
0.002889 0.077459 0.625203 0.167585 0.126863
0.001629 0.844098 0.053271 0.100956 0.000046
0.001358 0.022967 0.111957 0.861486 0.002231
0.002827 0.176951 0.177446 0.635879 0.006897
0.000000 0.021843 0.942476 0.009477 0.026203
0.010469 0.425501 0.167148 0.384793 0.012089
0.171361 0.001925 0.316928 0.509724 0.000063
0.014046 0.004238 0.372783 0.524923 0.084011
0.002627 0.939147 0.038712 0.018417 0.001097
0.954508 0.000144 0.028556 0.012787 0.004005
0.006371 0.626457 0.098978 0.248251 0.019943
0.825498 0.000971 0.047010 0.125108 0.001412
0.000000 0.132226 0.826097 0.010821 0.030856
0.007871 0.341647 0.058157 0.590593 0.001732
0.008610 0.505045 0.148922 0.336707 0.000716
0.152489 0.064584 0.670462 0.088052 0.024413
0.023278 0.133831 0.127191 0.711780 0.003920
0.000546 0.046842 0.101261 0.843374 0.007978
0.000220 0.062778 0.059323 0.867645 0.010034
0.000124 0.167751 0.141885 0.689879 0.000363
