0.035236 0.001018 0.201950 0.761756 0.000040
0.001640 0.007407 0.465218 0.197832 0.327903
0.010234 0.001216 0.200615 0.764373 0.023562
0.978494 0.000294 0.012963 0.007998 0.000251
0.978387 0.000297 0.012978 0.008080 0.000258
0.536524 0.003982 0.195644 0.249216 0.014635
0.005119 0.019809 0.291315 0.424091 0.259666
0.002563 0.923156 0.046181 0.026543 0.001557
0.927713 0.005638 0.034562 0.028911 0.003176
0.949871 0.001338 0.016881 0.029730 0.002179
0.001848 0.057108 0.296182 0.575071 0.069791
0.006319 0.599705 0.157412 0.227315 0.009249
0.000868 0.837917 0.151191 0.010018 0.000005
0.013940 0.006456 0.114899 0.859187 0.005518
0.001663 0.951992 0.031676 0.014655 0.000013
0.892066 0.001155 0.038448 0.067429 0.000903
0.967874 0.000026 0.024589 0.006255 0.001256
0.037815 0.000885 0.224144 0.733883 0.003273
0.000003 0.006055 0.065185 0.026654 0.902102
0.008367 0.001662 0.287228 0.606177 0.096567
0.009537 0.004667 0.072096 0.882942 0.030757
0.000000 0.429782 0.563553 0.006636 0.000028
0.964542 0.000731 0.014883 0.018659 0.001185
0.000446 0.010240 0.159784 0.169905 0.659626
0.020411 0.001276 0.131177 0.847062 0.000074
0.932370 0.005090 0.034230 0.025905 0.002406
0.073609 0.010798 0.102384 0.723750 0.089460
0.000444 0.133764 0.086023 0.769000 0.010768
0.007590 0.321204 0.237044 0.264861 0.169301
0.000664 0.010798 0.084334 0.901969 0.002235
0.024629 0.464092 0.117287 0.390002 0.003990
0.006426 0.002742 0.064547 0.926171 0.000114
0.000067 0.018513 0.040146 0.931212 0.010062
0.000110 0.162490 0.132193 0.704821 0.000386
0.000003 0.005671 0.064491 0.026759 0.903076
0.000502 0.560004 0.133283 0.304695 0.001515
0.050377 0.343543 0.368147 0.149614 0.088318
0.000000 0.331594 0.605804 0.012421 0.050181
0.015699 0.001234 0.113555 0.861224 0.008288
0.971655 0.000018 0.023423 0.004338 0.000566
0.000861 0.092317 0.238904 0.624250 0.043668
0.382941 0.053210 0.299826 0.248935 0.015087
0.924804 0.006003 0.034767 0.030771 0.003654
0.000000 0.006039 0.586138 0.183198 0.224624
0.020128 0.004648 0.105630 0.842453 0.027141
0.002411 0.564460 0.200037 0.229266 0.003826
0.000061 0.006568 0.063247 0.168778 0.761346
0.014163 0.008539 0.106598 0.857445 0.013254
0.947661 0.000048 0.031083 0.021121 0.000087
0.000000 0.389951 0.567656 0.007336 0.035058
0.002804 0.003351 0.415604 0.562582 0.015659
0.018150 0.126775 0.108901 0.741781 0.004393
0.000003 0.005803 0.064727 0.026723 0.902743
0.003712 0.340580 0.124802 0.493912 0.036994
0.026672 0.015039 0.136360 0.820097 0.001833
0.003634 0.001734 0.053323 0.911469 0.029841
0.000003 0.005665 0.064542 0.026762 0.903029
0.101856 0.233261 0.156990 0.456346 0.051547
0.036238 0.141219 0.413620 0.401684 0.007239
0.046616 0.016749 0.335333 0.550337 0.050964
0.109471 0.112345 0.575985 0.140457 0.061743
0.000627 0.704536 0.139650 0.154096 0.001090
0.000000 0.097948 0.820075 0.019661 0.062316
0.165679 0.044743 0.703638 0.071691 0.014249
0.000005 0.006701 0.071360 0.026561 0.895373
0.591860 0.000706 0.076562 0.327410 0.003461
0.028384 0.083450 0.148141 0.736344 0.003681
0.032491 0.005792 0.220117 0.739149 0.002450
0.069151 0.007771 0.427573 0.462354 0.033150
0.220308 0.144365 0.219123 0.379409 0.036795
0.000000 0.081685 0.042577 0.287649 0.588088
0.008917 0.159697 0.556770 0.272400 0.002216
0.000004 0.008031 0.068800 0.026118 0.897046
0.151851 0.144509 0.275886 0.279565 0.148189
0.969982 0.007659 0.013151 0.007860 0.001348
0.041498 0.095920 0.747009 0.115545 0.000028
0.000024 0.066581 0.078117 0.854811 0.000468
0.971646 0.000018 0.023426 0.004343 0.000568
0.006583 0.005319 0.314375 0.672984 0.000739
0.679685 0.000641 0.065283 0.251734 0.002657
0.978490 0.000294 0.012964 0.008001 0.000251
0.957266 0.000891 0.015896 0.024279 0.001667
0.136696 0.014777 0.276385 0.571986 0.000156
0.000000 0.145559 0.577802 0.032935 0.243705
0.023208 0.017916 0.883327 0.075549 0.000000
0.008538 0.155232 0.072599 0.758569 0.005062
0.024802 0.409133 0.022767 0.284378 0.258920
0.978493 0.000294 0.012964 0.007998 0.000251
0.957421 0.007509 0.014950 0.017970 0.002149
0.019082 0.070935 0.114815 0.790845 0.004323
0.002565 0.968177 0.024024 0.004829 0.000405
0.006083 0.002270 0.061093 0.901012 0.029542
0.013291 0.017514 0.200689 0.695087 0.073420
0.858112 0.005922 0.029336 0.098186 0.008444
0.009829 0.145109 0.596963 0.246513 0.001586
0.200925 0.136789 0.215757 0.376327 0.070202
0.001293 0.011376 0.232436 0.707789 0.047105
0.946629 0.000423 0.030670 0.015658 0.006620
0.953925 0.000068 0.028871 0.013274 0.003862
0.008550 0.518141 0.145062 0.327527 0.000720
0.000000 0.336478 0.517262 0.014958 0.131303
0.011303 0.028581 0.405469 0.550984 0.003663
0.000000 0.003633 0.779216 0.131750 0.085401
0.000000 0.410194 0.554457 0.005565 0.029784
0.978491 0.000294 0.012964 0.008000 0.000251
0.004017 0.000000 0.960466 0.016467 0.019050
0.004291 0.404512 0.130583 0.448754 0.011861
0.000118 0.171967 0.137474 0.690063 0.000378
0.012265 0.004508 0.344935 0.545281 0.093010
0.819183 0.115856 0.030783 0.022956 0.011222
0.013101 0.001763 0.100616 0.875332 0.009189
0.000017 0.032088 0.113155 0.019739 0.835001
0.000000 0.284273 0.687792 0.027892 0.000042
0.000115 0.030996 0.045972 0.912815 0.010103
0.003510 0.008963 0.055714 0.924431 0.007382
0.049100 0.170266 0.121257 0.640875 0.018503
0.107312 0.157068 0.132708 0.446582 0.156329
0.001601 0.078559 0.860305 0.059535 0.000000
0.909731 0.007768 0.035846 0.040508 0.006147
0.002568 0.973045 0.021639 0.002467 0.000280
0.971074 0.000019 0.023602 0.004633 0.000672
0.965091 0.000471 0.024885 0.005951 0.003602
0.000062 0.187724 0.097621 0.714166 0.000426
0.000126 0.035315 0.047253 0.907160 0.010146
0.008031 0.175073 0.517404 0.296675 0.002817
0.000028 0.006724 0.179678 0.028379 0.785190
0.006789 0.111606 0.068195 0.808232 0.005178
0.000112 0.205373 0.131411 0.662724 0.000381
0.015975 0.001698 0.402265 0.508835 0.071227
0.020397 0.001290 0.469219 0.454005 0.055089
0.046998 0.001501 0.190626 0.745959 0.014918
0.000000 0.030560 0.464336 0.496459 0.008645
0.967363 0.000027 0.024746 0.006513 0.001351
0.017575 0.076887 0.134532 0.761875 0.009131
0.000414 0.049306 0.351078 0.599080 0.000123
0.005570 0.062986 0.065945 0.860241 0.005258
0.002051 0.091376 0.444423 0.461472 0.000678
0.006320 0.117565 0.136393 0.739722 0.000000
0.000907 0.150753 0.244287 0.602194 0.001859
0.027270 0.001060 0.163909 0.807704 0.000058
0.000471 0.055220 0.148045 0.099823 0.696441
0.945083 0.003764 0.017198 0.031283 0.002671
0.011980 0.456143 0.440066 0.089035 0.002776
0.001486 0.009704 0.255888 0.690297 0.042625
0.066278 0.225889 0.126256 0.564769 0.016809
0.049610 0.046955 0.168668 0.294177 0.440590
0.001966 0.416478 0.580246 0.000825 0.000485
0.000878 0.782533 0.187031 0.029548 0.000010
0.007162 0.009255 0.891344 0.068929 0.023310
0.005831 0.230893 0.415572 0.343565 0.004140
0.028186 0.096070 0.549813 0.235715 0.090216
0.881755 0.000410 0.050950 0.049047 0.017837
0.004466 0.041492 0.727866 0.136062 0.090114
0.000165 0.018819 0.084526 0.151013 0.745478
0.977853 0.000311 0.013052 0.008490 0.000294
0.002651 0.010149 0.050828 0.928778 0.007594
0.000000 0.003626 0.780282 0.131455 0.084637
0.000133 0.129409 0.150492 0.719599 0.000367
0.965462 0.000995 0.014710 0.017687 0.001146
0.000029 0.057117 0.159119 0.013376 0.770359
0.058660 0.308186 0.084710 0.416359 0.132085
0.013238 0.003163 0.360255 0.538077 0.085268
0.000034 0.006400 0.208711 0.028976 0.755878
0.969981 0.007659 0.013151 0.007861 0.001348
0.000753 0.006757 0.239581 0.181310 0.571599
0.001532 0.503689 0.178393 0.311228 0.005158
0.932389 0.005087 0.034228 0.025892 0.002402
0.003393 0.001806 0.052069 0.931395 0.011337
0.005793 0.019580 0.067779 0.904416 0.002431
0.000005 0.006888 0.070045 0.026483 0.896580
0.000000 0.080115 0.172567 0.677843 0.069475
0.000000 0.032143 0.952054 0.006425 0.009379
0.059946 0.044274 0.264876 0.629400 0.001504
0.002011 0.001055 0.045080 0.940690 0.011164
0.971596 0.000018 0.023441 0.004368 0.000577
0.025419 0.689901 0.234869 0.047975 0.001835
0.003705 0.247104 0.192382 0.550193 0.006616
0.001601 0.826527 0.056067 0.115752 0.000053
0.041506 0.064517 0.851794 0.041732 0.000451
0.002563 0.957786 0.029134 0.009845 0.000671
0.002554 0.953872 0.031034 0.011766 0.000773
0.916879 0.001966 0.021501 0.055299 0.004355
0.007217 0.026190 0.076498 0.882298 0.007798
0.000396 0.200514 0.759675 0.037685 0.001731
0.016344 0.469423 0.319065 0.195123 0.000045
0.019391 0.000819 0.328782 0.640857 0.010152
0.942991 0.000315 0.031920 0.017966 0.006808
0.059622 0.016275 0.387856 0.494090 0.042157
0.008330 0.033118 0.075622 0.880464 0.002466
0.040085 0.585643 0.333518 0.039896 0.000857
0.000033 0.095357 0.082713 0.821439 0.000458
0.064487 0.449298 0.344084 0.083734 0.058397
0.957972 0.001219 0.015743 0.023420 0.001647
0.002768 0.200950 0.414915 0.381346 0.000021
0.000000 0.034117 0.933478 0.008622 0.023783
0.000281 0.287549 0.501430 0.049601 0.161140
0.942155 0.000291 0.032210 0.018487 0.006857
0.038193 0.001003 0.216073 0.744697 0.000034
0.978492 0.000294 0.012964 0.007999 0.000251
0.017596 0.390145 0.229680 0.361896 0.000683
0.960550 0.000042 0.026846 0.009960 0.002602
0.005986 0.025463 0.069526 0.891068 0.007957
0.001517 0.133919 0.094067 0.755016 0.015481
0.977838 0.000311 0.013054 0.008502 0.000295
0.020197 0.092206 0.097869 0.275299 0.514429
0.000549 0.007247 0.187259 0.176646 0.628300
0.010424 0.039420 0.082264 0.865435 0.002457
0.000000 0.037125 0.870695 0.092123 0.000057
0.001366 0.070175 0.893547 0.015791 0.019121
0.052505 0.154886 0.474712 0.313311 0.004586
0.971617 0.000018 0.023434 0.004357 0.000573
0.000414 0.049306 0.351083 0.599074 0.000123
0.066301 0.001374 0.251749 0.672286 0.008289
0.002745 0.001439 0.046845 0.948856 0.000115
0.002679 0.359258 0.386362 0.061273 0.190428
0.167502 0.001160 0.313514 0.517760 0.000063
0.000030 0.085878 0.081204 0.832427 0.000461
0.002531 0.913265 0.050948 0.031438 0.001818
0.053830 0.128771 0.524190 0.292991 0.000218
0.112923 0.102297 0.081848 0.500540 0.202391
0.001204 0.013665 0.971525 -0.000000 0.013606
0.000041 0.119132 0.086713 0.793665 0.000449
0.000000 0.431647 0.486587 0.006075 0.075690
0.964918 0.007598 0.013876 0.011937 0.001671
0.000649 0.035560 0.946134 0.017340 0.000316
0.008148 0.493298 0.146632 0.351161 0.000760
0.000000 0.445363 0.482162 0.004797 0.067678
0.000068 0.018536 0.040150 0.931184 0.010062
0.000000 0.052674 0.868213 0.013314 0.065800
0.002099 0.149410 0.104636 0.728949 0.014906
0.000408 0.039815 0.083712 0.867287 0.008778
0.000000 0.127687 0.583568 0.034610 0.254134
0.039686 0.013441 0.307890 0.584442 0.054541
0.006021 0.000000 0.129238 0.857162 0.007578
0.005173 0.081753 0.170889 0.729630 0.012555
0.000000 0.273596 0.537967 0.020788 0.167649
0.107369 0.016436 0.108548 0.681434 0.086212
0.010895 0.172990 0.080385 0.730830 0.004900
0.044746 0.286695 0.384397 0.181741 0.102421
0.002575 0.006953 0.158675 0.830084 0.001713
0.000000 0.411998 0.492921 0.007908 0.087173
0.000385 0.044961 0.130099 0.114012 0.710543
0.015731 0.749954 0.067448 0.165934 0.000934
0.001533 0.077552 0.074832 0.846083 0.000000
0.007030 0.003521 0.064125 0.894856 0.030467
0.000400 0.049894 0.341169 0.608403 0.000135
0.000182 0.048986 0.054197 0.886467 0.010169
0.040555 0.582296 0.336682 0.039641 0.000826
0.002940 0.589705 0.092558 0.146617 0.168180
0.000014 0.020717 0.108231 0.022989 0.848049
0.937232 0.006961 0.017887 0.034506 0.003414
0.000267 0.055421 0.248698 0.695362 0.000252
0.000097 0.138665 0.124875 0.735964 0.000398
0.002275 0.138662 0.840378 0.018685 0.000000
0.005508 0.247400 0.053515 0.691589 0.001988
0.001405 0.431102 0.204318 0.355676 0.007499
0.000056 0.005924 0.062138 0.169720 0.762162
0.006238 0.060944 0.068471 0.859135 0.005212
0.000000 0.034079 0.933623 0.008611 0.023687
0.000102 0.027309 0.044417 0.918088 0.010084
0.012070 0.000000 0.095095 0.854486 0.038349
0.432003 0.039810 0.322051 0.198261 0.007875
0.000000 0.034080 0.933619 0.008612 0.023690
0.002568 0.973055 0.021635 0.002462 0.000280
0.002637 0.001490 0.048254 0.936316 0.011303
0.004157 0.709762 0.112705 0.173307 0.000069
0.072368 0.247142 0.333275 0.341494 0.005721
0.012080 0.013945 0.196368 0.704503 0.073104
0.024422 0.215484 0.121244 0.637406 0.001443
0.000005 0.006630 0.070829 0.026574 0.895962
0.043549 0.292786 0.379537 0.181373 0.102755
0.000435 0.576307 0.349371 0.013843 0.060044
0.002568 0.972824 0.021748 0.002574 0.000286
0.014394 0.098184 0.736295 0.151128 0.000000
0.002992 0.007887 0.052792 0.928925 0.007403
0.002657 0.006600 0.969399 0.021345 0.000000
0.000028 0.079664 0.080201 0.839645 0.000463
0.000120 0.162470 0.139126 0.697908 0.000377
0.971659 0.000018 0.023422 0.004336 0.000566
0.033598 0.005755 0.226393 0.731986 0.002268
0.000005 0.009270 0.072042 0.025799 0.892883
0.091214 0.204903 0.156901 0.492395 0.054587
0.002508 0.000000 0.856681 0.041310 0.099501
0.001234 0.018638 0.106319 0.871568 0.002241
0.000000 0.180055 0.703914 0.025842 0.090189
0.002782 0.008385 0.166672 0.820472 0.001689
0.563515 0.003544 0.201105 0.221579 0.010257
0.003633 0.009018 0.199736 0.786113 0.001500
0.975991 0.000360 0.013310 0.009922 0.000418
0.000412 0.049389 0.349690 0.600385 0.000125
0.000184 0.570577 0.159000 0.269941 0.000298
0.000016 0.013713 0.120771 0.025281 0.840218
0.005207 0.226022 0.053393 0.713348 0.002029
0.070427 0.000000 0.913412 -0.000000 0.016161
0.000262 0.363795 0.595411 0.038402 0.002130
0.796480 0.054049 0.039983 0.087947 0.021542
0.000587 0.008132 0.081397 0.907679 0.002205
0.000089 0.008746 0.069456 0.165771 0.755938
0.033994 0.005741 0.228638 0.729424 0.002203
0.000000 0.159557 0.700381 0.017798 0.122264
0.000201 0.149777 0.124638 0.722719 0.002665
0.036578 0.171853 0.398255 0.392771 0.000543
0.000674 0.020462 0.156933 0.757823 0.064107
0.000105 0.011710 0.072328 0.161299 0.754559
0.002568 0.972789 0.021765 0.002591 0.000286
0.004072 0.000000 0.964054 0.015513 0.016361
0.000262 0.055728 0.245166 0.698587 0.000256
0.000222 0.006382 0.103112 0.828299 0.061986
0.964308 0.000033 0.025690 0.008062 0.001907
0.005166 0.021584 0.064930 0.900459 0.007861
0.002567 0.971638 0.022329 0.003150 0.000316
0.000000 0.042713 0.208353 0.723602 0.025332
0.000000 0.045810 0.576790 0.362714 0.014686
0.050416 0.209415 0.207327 0.530164 0.002678
0.010528 0.045747 0.095005 0.840298 0.008422
0.961392 0.000040 0.026587 0.009535 0.002446
0.932825 0.005036 0.034197 0.025611 0.002330
0.008178 0.061157 0.336324 0.589803 0.004538
0.932756 0.005044 0.034202 0.025656 0.002342
0.003898 0.006222 0.210095 0.778398 0.001387
0.052505 0.041173 0.163463 0.402054 0.340805
0.003888 0.002188 0.054582 0.927872 0.011470
0.002568 0.973056 0.021634 0.002462 0.000280
0.978481 0.000295 0.012965 0.008008 0.000252
0.030960 0.005844 0.211431 0.749062 0.002702
0.000000 0.083301 0.056223 0.293428 0.567048
0.000049 0.138935 0.091067 0.769508 0.000441
0.209870 0.502892 0.160712 0.104950 0.021575
0.492637 0.080913 0.179584 0.197775 0.049091
0.006985 0.132446 0.063712 0.794747 0.002111
0.024694 0.155901 0.409286 0.267916 0.142203
0.001754 0.006958 0.045785 0.937951 0.007552
0.819985 0.115988 0.030699 0.022262 0.011066
0.001208 0.021704 0.105236 0.869550 0.002302
0.004104 0.921676 0.051896 0.021112 0.001211
0.019639 0.433348 0.368996 0.177987 0.000029
0.002031 0.037912 0.914433 0.045624 0.000000
0.002566 0.970488 0.022892 0.003708 0.000346
0.042445 0.179490 0.429359 0.228184 0.120522
0.046177 0.012540 0.200364 0.739630 0.001289
0.012469 0.054310 0.105892 0.818713 0.008615
0.000000 0.112055 0.372795 0.512848 0.002301
0.060718 0.044097 0.267695 0.626039 0.001451
0.169977 0.106051 0.204586 0.507277 0.012110
0.002679 0.006311 0.970667 0.020343 0.000000
0.002568 0.972896 0.021713 0.002539 0.000284
0.000039 0.112708 0.085964 0.800838 0.000451
0.000186 0.574937 0.159702 0.264879 0.000296
0.003321 0.006163 0.187673 0.801321 0.001522
0.006376 0.895494 0.072130 0.024685 0.001315
0.000000 0.099807 0.151830 0.719304 0.029059
0.087672 0.161761 0.389655 0.355595 0.005316
0.002678 0.006320 0.970627 0.020375 0.000000
0.003685 0.071999 0.141793 0.768636 0.013887
0.020481 0.180945 0.673158 0.122222 0.003196
0.002557 0.951071 0.032423 0.013105 0.000844
0.011478 0.003333 0.088732 0.896351 0.000106
0.002627 0.957577 0.029445 0.009690 0.000661
0.001100 0.006974 0.327709 0.187672 0.476545
0.009052 0.878078 0.089358 0.022417 0.001094
0.000006 0.010495 0.073872 0.025461 0.890165
0.014906 0.000889 0.266005 0.701732 0.016467
0.003384 0.287918 0.461299 0.063792 0.183608
0.030866 0.743221 0.131138 0.091485 0.003290
0.978345 0.000298 0.012984 0.008112 0.000261
0.490000 0.063416 0.065350 0.306401 0.074834
0.005528 0.000000 0.125240 0.861667 0.007565
0.006816 0.058421 0.299097 0.630465 0.005201
0.002231 0.808008 0.136429 0.051693 0.001638
0.932819 0.005037 0.034198 0.025615 0.002331
0.000222 0.065501 0.058947 0.864988 0.010343
0.001978 0.417656 0.478825 0.101517 0.000023
0.000000 0.000000 0.201276 0.662033 0.136691
0.019813 0.431436 0.371638 0.177084 0.000028
0.002568 0.973037 0.021644 0.002471 0.000280
0.000000 0.564910 0.211563 0.193484 0.030042
0.000056 0.005942 0.062165 0.169693 0.762144
0.001230 0.000000 0.775350 0.063924 0.159496
0.978454 0.000295 0.012969 0.008028 0.000254
0.948033 0.000048 0.031036 0.020801 0.000083
0.000000 0.083646 0.056856 0.293574 0.565924
0.000371 0.218850 0.739535 0.039384 0.001859
0.000005 0.005706 0.074048 0.026907 0.893334
0.003268 0.343411 0.435355 0.056235 0.161731
0.002564 0.967715 0.024251 0.005053 0.000417
0.001239 0.019332 0.106488 0.870689 0.002252
0.590647 0.000704 0.076718 0.328460 0.003472
0.971659 0.000018 0.023422 0.004336 0.000566
0.029689 0.000957 0.609521 0.336865 0.022968
0.002568 0.973047 0.021639 0.002466 0.000280
0.001766 0.110765 0.154111 0.725727 0.007631
0.035619 0.001721 0.154602 0.789077 0.018980
0.002445 0.827448 0.066848 0.103213 0.000046
0.002598 0.071919 0.921908 0.002858 0.000717
0.025521 0.232038 0.468359 0.231345 0.042737
0.000839 0.806366 0.169755 0.023032 0.000008
0.002707 0.008466 0.051164 0.930179 0.007484
0.002088 0.090490 0.450697 0.456087 0.000639
0.008402 0.001884 0.068426 0.892918 0.028369
0.037095 0.001009 0.210825 0.751035 0.000036
0.971658 0.000018 0.023422 0.004336 0.000566
0.000710 0.123457 0.791898 -0.000000 0.083935
0.000000 0.419669 0.548277 0.004737 0.027317
0.962507 0.000036 0.026246 0.008976 0.002235
0.009961 0.611404 0.138475 0.239590 0.000569
0.002564 0.966845 0.024678 0.005475 0.000439
0.408458 0.007897 0.169570 0.378008 0.036066
0.032589 0.130796 0.731740 0.096271 0.008604
0.000000 0.355751 0.510975 0.013166 0.120109
0.964471 0.000666 0.014904 0.018775 0.001185
0.086839 0.182090 0.383684 0.342260 0.005128
0.943007 0.003897 0.017475 0.032806 0.002815
0.002310 0.115349 0.878308 0.003163 0.000870
0.213863 0.000939 0.372037 0.413129 0.000032
0.006335 0.095524 0.017174 0.510653 0.370314
0.000328 0.298695 0.663114 0.036001 0.001862
0.003415 0.058354 0.058305 0.874518 0.005407
0.971626 0.000018 0.023432 0.004353 0.000572
0.003689 0.015201 0.056641 0.916746 0.007724
0.017772 0.004790 0.428069 0.473846 0.075524
0.044598 0.081406 0.776671 0.097308 0.000017
0.000000 0.079079 0.870051 0.013275 0.037595
0.003925 0.002960 0.219414 0.657918 0.115782
0.000000 0.055130 0.944870 -0.000000 0.000000
0.011200 0.692463 0.132831 0.163068 0.000439
0.933057 0.007218 0.018449 0.037573 0.003702
0.000153 0.471777 0.143109 0.384630 0.000331
0.000024 0.065614 0.078087 0.855807 0.000468
0.002656 0.006606 0.969359 0.021379 0.000000
0.032033 0.772666 0.128767 0.063756 0.002779
0.001021 0.203094 0.788341 0.005735 0.001811
0.814856 0.115140 0.031235 0.026707 0.012063
0.023012 0.001261 0.508705 0.420762 0.046259
0.017471 0.002013 0.424732 0.488510 0.067274
0.087365 0.006001 0.501206 0.384937 0.020491
0.012125 0.752748 0.128652 0.106134 0.000341
0.000166 0.512376 0.149638 0.337503 0.000317
0.027859 0.102040 0.113598 0.264319 0.492184
0.002568 0.972194 0.022057 0.002880 0.000302
0.000000 0.945422 0.019364 0.032461 0.002753
0.002506 0.851124 0.081442 0.061512 0.003416
0.235043 0.037606 0.131967 0.521523 0.073860
0.018549 0.001815 0.125449 0.854023 0.000164
0.971567 0.000018 0.023450 0.004382 0.000582
0.000048 0.140523 0.090498 0.768490 0.000442
0.000000 0.046003 0.129362 0.794139 0.030496
0.000000 0.330762 0.545455 0.012630 0.111153
0.007607 0.787695 0.081369 0.111997 0.011332
0.563391 0.003546 0.201079 0.221706 0.010277
0.000000 0.273634 0.701536 0.024767 0.000063
0.002513 0.000000 0.863127 0.042335 0.092025
0.000000 0.187605 0.186222 0.599302 0.026871
0.001663 0.951489 0.031768 0.015067 0.000013
0.000404 0.006738 0.074285 0.916350 0.002223
0.971659 0.000018 0.023422 0.004336 0.000566
0.000186 0.575885 0.159854 0.263778 0.000296
0.016740 0.058401 0.055998 0.704111 0.164750
0.969377 0.007652 0.013238 0.008348 0.001386
0.000000 0.099270 0.080749 0.297933 0.522048
0.031944 0.770418 0.128948 0.065873 0.002818
0.024059 0.014427 0.127819 0.831796 0.001899
0.000404 0.046367 0.083003 0.861275 0.008951
0.018020 0.295342 0.249147 0.436696 0.000795
0.002808 0.003349 0.416099 0.562157 0.015588
0.205129 0.135897 0.219487 0.373159 0.066328
0.888682 0.013001 0.037015 0.051951 0.009350
0.000812 0.229353 0.711803 -0.000000 0.058032
0.040284 0.159834 0.425805 0.373601 0.000477
0.000000 0.030195 0.956095 0.006005 0.007705
0.014235 0.056443 0.353836 0.570619 0.004866
0.147005 0.547527 0.143445 0.153884 0.008140
0.000318 0.389866 0.443520 0.037805 0.128491
0.002696 0.490147 0.241420 0.260319 0.005418
0.978334 0.000298 0.012985 0.008120 0.000262
0.941309 0.000060 0.031888 0.026596 0.000147
0.930694 0.006037 0.018936 0.040563 0.003769
0.000413 0.049341 0.350500 0.599623 0.000124
0.000563 0.004545 0.144576 0.795489 0.054828
0.083396 0.240472 0.135554 0.524961 0.015616
0.975104 0.000386 0.013432 0.010601 0.000477
0.948380 0.000159 0.030452 0.015791 0.005218
0.009783 0.004150 0.084263 0.890380 0.011424
0.966478 0.000472 0.024453 0.005232 0.003365
0.008647 0.037431 0.084454 0.861234 0.008234
0.000056 0.005922 0.062172 0.169725 0.762124
0.003178 0.035949 0.958898 0.001684 0.000292
0.016558 0.000000 0.213093 0.764686 0.005664
0.000000 0.123557 0.029697 0.262512 0.584235
0.002363 0.000598 0.349436 0.628751 0.018853
0.000300 0.054059 0.271344 0.674074 0.000223
0.724155 0.030236 0.049086 0.159773 0.036750
0.002206 0.068264 0.338519 0.519467 0.071543
0.081861 0.116021 0.460544 0.282722 0.058852
0.011047 0.521456 0.060983 0.405101 0.001413
0.095713 0.003132 0.223113 0.677922 0.000120
0.000000 0.170533 0.279910 0.499516 0.050041
0.942214 0.000146 0.032399 0.019006 0.006235
0.004806 0.716259 0.119833 0.159039 0.000062
0.004650 0.092108 0.235699 0.661307 0.006236
0.002764 0.074807 0.615256 0.173694 0.133480
0.000000 0.030703 0.955040 0.006115 0.008143
0.000628 0.040943 0.937779 0.020175 0.000474
0.902516 0.000179 0.036814 0.059961 0.000529
0.002865 0.939073 0.039325 0.017662 0.001074
0.023735 0.000000 0.270125 0.701841 0.004299
0.023914 0.002328 0.117554 0.832658 0.023546
0.015745 0.007045 0.125127 0.846826 0.005258
0.002707 0.960508 0.028259 0.007960 0.000566
0.000000 0.431269 0.486707 0.006111 0.075913
0.003381 0.293964 0.459179 0.062846 0.180630
0.007211 0.344236 0.146670 0.467697 0.034186
0.020877 0.043600 0.116376 0.816942 0.002206
0.006418 0.088099 0.654072 0.251410 0.000000
0.024211 0.223406 0.304272 0.447361 0.000750
0.014920 0.240351 0.019788 0.406086 0.318854
0.007388 0.309724 0.057388 0.623662 0.001838
0.953941 0.000462 0.028359 0.011729 0.005509
0.001212 0.013244 0.973249 -0.000000 0.012295
0.002501 0.015009 0.155651 0.824963 0.001875
0.919225 0.001851 0.021183 0.053546 0.004195
0.971053 0.000019 0.023609 0.004643 0.000676
0.000000 0.015284 0.437192 0.209595 0.337929
0.075637 0.531140 0.325739 0.032441 0.035043
0.000105 0.312437 0.119686 0.567390 0.000382
0.002559 0.960272 0.027897 0.008663 0.000609
0.969728 0.000594 0.014165 0.014672 0.000840
0.948118 0.000047 0.031025 0.020728 0.000082
0.004751 0.087645 0.241382 0.663564 0.002659
0.000492 0.374488 0.218020 0.087157 0.319841
0.057149 0.012067 0.236331 0.693463 0.000991
0.971515 0.000018 0.023466 0.004409 0.000592
0.932807 0.005038 0.034199 0.025623 0.002333
0.002217 0.001386 0.044317 0.951965 0.000115
0.001041 0.171936 0.819134 0.006024 0.001866
0.000118 0.013244 0.074827 0.159062 0.752749
0.000000 0.363297 0.585002 0.009675 0.042027
0.951732 0.006428 0.015891 0.023511 0.002439
0.006564 0.024214 0.070145 0.896631 0.002446
0.868907 0.014926 0.038480 0.065028 0.012659
0.968303 0.000474 0.023885 0.004286 0.003053
0.025001 0.214094 0.670707 0.087987 0.002211
0.014035 0.001467 0.100753 0.883655 0.000090
0.001100 0.001062 0.072640 0.889268 0.035929
0.146467 0.060551 0.553049 0.222434 0.017498
0.039614 0.161310 0.420949 0.377636 0.000490
0.963797 0.000035 0.025846 0.008318 0.002005
0.001399 0.016366 0.212677 0.766446 0.003112
0.000934 0.031248 0.911938 0.000000 0.055880
0.000629 0.706730 0.139748 0.151809 0.001083
0.002608 0.001804 0.199992 0.679259 0.116337
0.000338 0.043529 0.074619 0.872287 0.009226
0.848695 0.019559 0.039654 0.076320 0.015773
0.098200 0.005360 0.544920 0.338424 0.013096
0.003808 0.002403 0.052014 0.941657 0.000118
0.002568 0.972944 0.021689 0.002516 0.000282
0.006286 0.261351 0.174308 0.556956 0.001099
0.000000 0.139026 0.594129 0.031998 0.234847
0.013166 0.000912 0.241648 0.725362 0.018912
0.069992 0.011185 0.278446 0.639737 0.000640
0.955366 0.007481 0.015246 0.019627 0.002280
0.004140 0.000000 0.968424 0.014349 0.013086
0.000854 0.018291 0.141942 0.832943 0.005971
0.010785 0.001159 0.085205 0.902756 0.000095
0.002566 0.969443 0.023404 0.004214 0.000373
0.818552 0.115751 0.030849 0.023503 0.011345
0.002431 0.003531 0.370500 0.601388 0.022149
0.000000 0.078174 0.875778 0.012259 0.033789
0.925950 0.005845 0.034688 0.030049 0.003467
0.000000 0.130175 0.582616 0.034393 0.252816
0.032765 0.185860 0.369617 0.411149 0.000610
0.017638 0.010545 0.219350 0.684138 0.068328
0.000016 0.030959 0.110908 0.020030 0.838087
0.004166 0.003168 0.222961 0.654037 0.115668
0.007169 0.005126 0.337131 0.649975 0.000598
0.000307 0.053790 0.276422 0.669264 0.000217
0.099827 0.051690 0.136701 0.604337 0.107445
0.977049 0.000332 0.013163 0.009108 0.000347
0.001640 0.007407 0.465186 0.197831 0.327936
0.000000 0.078126 0.027668 0.282174 0.612032
0.332726 0.006985 0.154511 0.458203 0.047575
0.000183 0.566753 0.158385 0.274380 0.000299
0.002568 0.972913 0.021705 0.002531 0.000283
0.018204 0.128753 0.109009 0.739645 0.004389
0.000978 0.828739 0.112543 0.006787 0.050953
0.000004 0.005679 0.067415 0.026805 0.900098
0.011954 0.176548 0.048205 0.519008 0.244286
0.009689 0.001017 0.083479 0.896353 0.009462
0.163677 0.046318 0.699479 0.074465 0.016060
0.000629 0.040690 0.938279 0.019939 0.000462
0.010246 0.043790 0.395165 0.547254 0.003544
0.952042 0.000057 0.029478 0.014279 0.004144
0.000032 0.062192 0.168550 0.012121 0.757106
0.000141 0.061316 0.160066 0.778114 0.000364
0.975645 0.000369 0.013357 0.010188 0.000441
0.000438 0.031068 0.087848 0.872227 0.008419
0.024512 0.014659 0.899644 0.061185 0.000000
0.006695 0.386262 0.155328 0.450785 0.000930
0.007370 0.028301 0.072644 0.889230 0.002455
0.029897 0.131340 0.203620 0.624749 0.010395
0.023289 0.017649 0.884376 0.074687 0.000000
0.000644 0.006852 0.211761 0.179083 0.601659
0.936479 0.000208 0.034096 0.021724 0.007493
0.008407 0.065545 0.236696 0.679514 0.009838
0.019175 0.023946 0.223423 0.661938 0.071518
0.066314 0.001374 0.251789 0.672238 0.008285
0.000381 0.050696 0.328210 0.620561 0.000152
0.921316 0.000172 0.034428 0.043726 0.000359
0.000000 0.335997 0.521452 0.014564 0.127987
0.000524 0.072170 0.892772 0.033313 0.001221
0.001412 0.752418 0.068494 0.177597 0.000079
0.000000 0.155330 0.786413 0.013835 0.044422
0.000000 0.390090 0.567568 0.007323 0.035020
0.015049 0.338340 0.164261 0.472040 0.010311
0.973378 0.000431 0.013671 0.011928 0.000592
0.013814 0.037109 0.494050 0.453207 0.001821
0.005565 0.241419 0.421010 0.326662 0.005344
0.033038 0.070675 0.165667 0.727262 0.003358
0.002568 0.972158 0.022074 0.002897 0.000303
0.037267 0.000000 0.382208 0.571363 0.009162
0.959260 0.002492 0.015363 0.021224 0.001661
0.030207 0.005872 0.207159 0.753935 0.002826
0.774656 0.066988 0.040316 0.093944 0.024097
0.000180 0.557991 0.156975 0.284552 0.000302
0.000338 0.477786 0.510201 0.010719 0.000957
0.003087 0.012301 0.053270 0.923692 0.007650
0.012522 0.778555 0.126870 0.081754 0.000300
0.926561 0.005808 0.034641 0.029628 0.003363
0.096017 0.005490 0.536117 0.347791 0.014585
0.078538 0.175009 0.156208 0.532219 0.058026
0.008609 0.004936 0.075193 0.911140 0.000122
0.978345 0.000298 0.012984 0.008112 0.000261
0.043766 0.085175 0.768779 0.102259 0.000020
0.000409 0.049489 0.347997 0.601978 0.000127
0.000000 0.030311 0.955855 0.006030 0.007804
0.000000 0.174642 0.686656 0.017350 0.121353
0.000949 0.011579 0.190784 0.743540 0.053148
0.002782 0.079699 0.914709 0.002272 0.000537
0.005234 0.302224 0.159936 0.531536 0.001070
0.000926 0.780042 0.123821 0.015393 0.079818
0.563505 0.003544 0.201103 0.221590 0.010259
0.019726 0.006676 0.104413 0.839885 0.029300
0.008935 0.162743 0.073705 0.749582 0.005035
0.030520 0.021226 0.132875 0.446853 0.368526
0.000522 0.006390 0.180732 0.177520 0.634836
0.001329 0.007109 0.386088 0.192007 0.413467
0.023422 0.255336 0.293280 0.427234 0.000727
0.055492 0.009017 0.372327 0.520536 0.042628
0.189245 0.001056 0.340961 0.468689 0.000049
0.000000 0.094816 0.246222 0.655791 0.003171
0.001019 0.147977 0.842712 0.006351 0.001942
0.563479 0.003545 0.201097 0.221616 0.010263
0.000295 0.354240 0.461374 0.042417 0.141674
0.000135 0.037359 0.048366 0.903993 0.010147
0.000190 0.249502 0.681152 0.065866 0.003290
0.000494 0.550981 0.132893 0.314091 0.001542
0.005352 0.003157 0.132368 0.824978 0.034146
0.911245 0.000130 0.035704 0.052484 0.000437
0.022808 0.367297 0.048278 0.373322 0.188295
0.973885 0.000415 0.013601 0.011541 0.000558
0.946669 0.002920 0.017095 0.030810 0.002506
0.000006 0.010719 0.074303 0.025401 0.889571
0.000665 0.027926 0.117316 0.846925 0.007168
0.964281 0.000768 0.014915 0.018832 0.001205
0.003368 0.027461 0.967760 0.001265 0.000145
0.037814 0.000885 0.224139 0.733890 0.003273
0.006219 0.084562 0.654055 0.255164 0.000000
0.007536 0.048457 0.316940 0.375856 0.251210
0.002545 0.940021 0.037821 0.018483 0.001130
0.970981 0.000019 0.023631 0.004679 0.000689
0.006165 0.318604 0.219572 0.276852 0.178807
0.000090 0.007499 0.467489 0.033282 0.491639
0.000410 0.049484 0.348083 0.601897 0.000127
0.066979 0.033268 0.507858 0.309906 0.081989
0.007267 0.124420 0.069358 0.793808 0.005147
0.033990 0.005741 0.228620 0.729445 0.002203
0.919345 0.001198 0.035026 0.043761 0.000670
0.011576 0.357014 0.184967 0.433162 0.013282
0.001217 0.016747 0.189114 0.788865 0.004056
0.281626 0.033280 0.141676 0.478391 0.065027
0.000102 0.026944 0.044415 0.918463 0.010076
0.005503 0.094798 0.064265 0.830168 0.005266
0.015106 0.055163 0.371342 0.554263 0.004124
0.005454 0.427913 0.360574 0.206047 0.000013
0.004793 0.273804 0.161856 0.558431 0.001116
0.052513 0.104917 0.224577 0.617260 0.000732
0.000179 0.555228 0.156531 0.287759 0.000303
0.127388 0.001789 0.262937 0.607794 0.000093
0.000128 0.006344 0.080320 0.170340 0.742867
0.030173 0.000942 0.616818 0.330762 0.021305
0.002506 0.851641 0.081189 0.061262 0.003402
0.040792 0.698943 0.047651 0.120877 0.091737
0.000127 0.035706 0.047413 0.906606 0.010148
0.018426 0.293911 0.048069 0.429555 0.210039
0.971635 0.000018 0.023429 0.004348 0.000570
0.001173 0.100121 0.829656 0.022596 0.046453
0.000965 0.816272 0.115427 0.008991 0.058346
0.053807 0.128823 0.524027 0.293124 0.000219
0.001629 0.007396 0.462334 0.197618 0.331023
0.012909 0.002105 0.099693 0.875846 0.009447
0.425338 0.041128 0.319108 0.205548 0.008878
0.000067 0.006989 0.357887 0.031431 0.603627
0.062148 0.033455 0.239367 0.623266 0.041764
0.000409 0.006834 0.074494 0.916038 0.002224
0.019773 0.419719 0.161722 0.390045 0.008740
0.968382 0.000025 0.024432 0.005997 0.001164
0.971657 0.000018 0.023422 0.004337 0.000566
0.977268 0.000327 0.013133 0.008939 0.000333
0.000056 0.158622 0.094822 0.746066 0.000434
0.003140 0.292230 0.621454 0.083161 0.000016
0.038067 0.049525 0.184942 0.724456 0.003009
0.001376 0.016402 0.209608 0.769380 0.003234
0.001342 0.016454 0.205210 0.773584 0.003410
0.304964 0.053259 0.295688 0.341336 0.004752
0.010951 0.001017 0.089790 0.889056 0.009186
0.006378 0.024810 0.069512 0.896845 0.002455
0.033782 0.174712 0.378553 0.412351 0.000601
0.000000 0.038954 0.938150 0.007846 0.015051
0.970581 0.000504 0.014058 0.014079 0.000778
0.000000 0.029253 0.492803 0.471151 0.006793
0.000859 0.280677 0.202563 0.508020 0.007881
0.000000 0.920774 0.020935 0.054562 0.003729
0.000000 0.075667 0.806734 0.017030 0.100569
0.000000 0.817187 0.027620 0.147367 0.007826
0.005058 0.048206 0.618519 0.319557 0.008660
0.000000 0.061866 0.287465 0.647715 0.002954
0.003474 0.002210 0.212923 0.666606 0.114788
0.000000 0.035197 0.929455 0.008919 0.026429
0.932746 0.005046 0.034203 0.025662 0.002343
0.006808 0.029263 0.074136 0.881744 0.008049
0.003196 0.570078 0.098093 0.153727 0.174906
0.022593 0.372178 0.022086 0.311014 0.272129
0.970258 0.000021 0.023854 0.005046 0.000821
0.165678 0.044744 0.703638 0.071691 0.014249
0.071177 0.007098 0.435840 0.454292 0.031592
0.011347 0.009067 0.328746 0.539515 0.111325
0.396644 0.006324 0.167370 0.392317 0.037345
0.044538 0.081677 0.776104 0.097664 0.000018
0.864470 0.003485 0.028784 0.095410 0.007850
0.027035 0.021924 0.558218 0.290898 0.101924
0.017458 0.326960 0.097348 0.553769 0.004465
0.000151 0.060478 0.167232 0.771785 0.000355
0.000008 0.006094 0.087067 0.027006 0.879826
0.971648 0.000018 0.023425 0.004342 0.000568
0.001577 0.550585 0.244241 0.044340 0.159257
0.002568 0.972527 0.021894 0.002718 0.000293
0.003351 0.939787 0.040545 0.015382 0.000935
0.002567 0.971149 0.022568 0.003387 0.000329
0.777840 0.089312 0.037407 0.074179 0.021263
0.936139 0.000449 0.033914 0.020946 0.008553
0.006485 0.022525 0.069943 0.898613 0.002435
0.932824 0.005036 0.034197 0.025612 0.002330
0.024941 0.001075 0.152790 0.821131 0.000063
0.006691 0.024629 0.070545 0.895690 0.002445
0.002555 0.945945 0.034938 0.015586 0.000976
0.000024 0.065599 0.078350 0.855559 0.000467
0.978149 0.000303 0.013011 0.008262 0.000274
0.000000 0.060225 0.836228 0.015813 0.087734
0.001399 0.016367 0.212606 0.766514 0.003114
0.027948 0.671894 0.251898 0.046593 0.001667
0.000347 0.017922 0.397630 0.554903 0.029198
0.005342 0.505744 0.144484 0.333925 0.010505
0.978494 0.000294 0.012963 0.007998 0.000251
0.041500 0.050848 0.080308 0.679596 0.147749
0.162058 0.047614 0.696106 0.076700 0.017522
0.000630 0.040399 0.938619 0.019893 0.000459
0.000283 0.018941 0.114753 0.152985 0.713038
0.000673 0.135255 0.775183 0.000000 0.088888
0.089421 0.199751 0.501457 0.139956 0.069415
0.046379 0.147212 0.469852 0.336198 0.000359
0.006483 0.068379 0.069030 0.850913 0.005195
0.968818 0.000553 0.014302 0.015432 0.000896
0.019523 0.047838 0.315905 0.616734 0.000000
0.014744 0.007780 0.088665 0.856717 0.032094
0.001916 0.687393 0.151524 0.156103 0.003064
0.000240 0.249746 0.120944 0.626647 0.002423
0.003844 0.850990 0.085840 0.056241 0.003085
0.000000 0.371743 0.579569 0.008920 0.039769
0.000774 0.570392 0.177947 0.051521 0.199366
0.000003 0.005713 0.064575 0.026748 0.902962
0.971658 0.000018 0.023422 0.004336 0.000566
0.004917 0.005725 0.249688 0.738532 0.001138
0.008991 0.239464 0.196754 0.553725 0.001067
0.969922 0.007658 0.013160 0.007909 0.001352
0.000580 0.006492 0.195395 0.178441 0.619093
0.018165 0.006743 0.099472 0.845724 0.029896
0.003867 0.007011 0.208856 0.778858 0.001408
0.000019 0.014844 0.134168 0.025170 0.825799
0.002568 0.973001 0.021661 0.002488 0.000281
0.012745 0.793031 0.125872 0.068076 0.000276
0.000014 0.019419 0.108293 0.023375 0.848899
0.000251 0.074737 0.062508 0.852100 0.010404
0.015402 0.616299 0.342846 0.024323 0.001131
0.011236 0.008975 0.327115 0.541283 0.111390
0.966740 0.000472 0.024371 0.005096 0.003320
0.002037 0.733740 0.145743 0.115964 0.002516
0.005249 0.311632 0.373366 0.305898 0.003855
0.006830 0.005205 0.323953 0.663333 0.000679
0.971225 0.000019 0.023555 0.004556 0.000645
0.069894 0.123666 0.539132 0.263786 0.003523
0.016119 0.407682 0.216455 0.359051 0.000694
0.032868 0.005779 0.222255 0.736710 0.002388
0.000111 0.213319 0.129755 0.656433 0.000382
0.778022 0.109074 0.035086 0.058605 0.019213
0.978218 0.000302 0.013002 0.008210 0.000269
0.563532 0.003544 0.201108 0.221562 0.010255
0.004586 0.282652 0.370927 0.335943 0.005891
0.081293 0.006411 0.476695 0.410948 0.024653
0.037090 0.009895 0.809376 0.143530 0.000109
0.018383 0.000000 0.227509 0.748912 0.005196
0.002568 0.972936 0.021693 0.002520 0.000283
0.000019 0.015250 0.132316 0.025017 0.827398
0.001157 0.030999 0.214636 0.689978 0.063229
0.000332 0.052916 0.293809 0.652748 0.000195
0.168239 0.399763 0.159144 0.239770 0.033084
0.001268 0.004894 0.229761 0.721083 0.042994
0.044341 0.150967 0.455211 0.349082 0.000399
0.016088 0.776141 0.162276 0.043544 0.001951
0.007712 0.313744 0.393467 0.284939 0.000137
0.000122 0.157677 0.141090 0.700736 0.000375
0.030646 0.126560 0.145478 0.694741 0.002575
0.074826 0.525186 0.327076 0.036171 0.036741
0.028769 0.543088 0.128806 0.295619 0.003718
0.032244 0.005800 0.218716 0.740749 0.002491
0.000026 0.050667 0.147162 0.014987 0.787158
0.000116 0.012737 0.074609 0.159844 0.752695
0.000000 0.136404 0.807620 0.013601 0.042375
0.000143 0.439559 0.137973 0.421984 0.000342
0.000004 0.005680 0.068054 0.026815 0.899447
0.000023 0.065640 0.077979 0.855890 0.000468
0.006264 0.014370 0.840697 0.093516 0.045153
0.000072 0.218115 0.102549 0.678847 0.000416
0.017835 0.277309 0.660980 0.043876 0.000000
0.000210 0.063639 0.208185 0.727664 0.000302
0.886387 0.000390 0.038886 0.073603 0.000735
0.008214 0.055154 0.337975 0.594132 0.004524
0.030194 0.000941 0.617131 0.330501 0.021234
0.926112 0.007131 0.019449 0.043163 0.004145
0.927727 0.000091 0.033611 0.038294 0.000278
0.914380 0.000431 0.040721 0.032207 0.012261
0.065128 0.007490 0.411403 0.480242 0.035738
0.000017 0.021046 0.121062 0.023108 0.834767
0.002449 0.000650 0.354080 0.623899 0.018922
0.970287 0.000021 0.023845 0.005031 0.000816
0.004189 0.007163 0.059586 0.921900 0.007163
0.002782 0.065096 0.929116 0.002435 0.000571
0.913196 0.000125 0.035456 0.050806 0.000418
0.041852 0.049023 0.198753 0.707624 0.002748
0.000324 0.053037 0.288209 0.658228 0.000202
0.000000 0.031238 0.953925 0.006231 0.008606
0.000057 0.006085 0.062409 0.169484 0.761965
0.000647 0.036220 0.945107 0.017690 0.000336
0.274054 0.008832 0.486643 0.227885 0.002586
0.016992 0.074287 0.131262 0.768388 0.009071
0.000016 0.006050 0.124601 0.027647 0.841686
0.012268 0.762057 0.128008 0.097342 0.000326
0.038193 0.001003 0.216069 0.744702 0.000034
0.001274 0.666415 0.083962 0.248242 0.000107
0.001034 0.197657 0.793740 0.005758 0.001811
0.000685 0.020814 0.158138 0.756183 0.064180
0.024075 0.702512 0.224322 0.047244 0.001847
0.000022 0.012407 0.146218 0.026101 0.815252
0.000096 0.007614 0.491504 0.033695 0.467091
0.946424 0.000051 0.031240 0.022187 0.000098
0.000197 0.193369 0.119530 0.684321 0.002583
0.819947 0.115981 0.030703 0.022295 0.011074
0.006667 0.531635 0.335270 0.126419 0.000009
0.971626 0.000018 0.023432 0.004353 0.000572
0.319311 0.008107 0.151712 0.470794 0.050077
0.005237 0.148903 0.695848 0.070565 0.079447
0.001474 0.775244 0.064709 0.158503 0.000071
0.000412 0.006727 0.074588 0.916052 0.002221
0.002320 0.150386 0.164969 0.674984 0.007340
0.000000 0.034601 0.931668 0.008756 0.024974
0.010601 0.516576 0.154686 0.307537 0.010600
0.189749 0.001046 0.341596 0.467560 0.000048
0.012432 0.004217 0.347590 0.544279 0.091482
0.002565 0.968325 0.023952 0.004757 0.000401
0.947351 0.000148 0.030791 0.016360 0.005349
0.008140 0.847202 0.075676 0.061070 0.007913
0.737912 0.000892 0.057907 0.201080 0.002209
0.000000 0.105017 0.840345 0.013733 0.040904
0.005349 0.237159 0.053404 0.702081 0.002008
0.011936 0.740423 0.129505 0.117776 0.000361
0.162756 0.047043 0.697566 0.075742 0.016894
0.018426 0.054236 0.113178 0.809793 0.004366
0.000366 0.025016 0.078594 0.887367 0.008657
0.000068 0.018523 0.040165 0.931182 0.010061
0.000077 0.070426 0.115341 0.813736 0.000419
