0.035132 0.001016 0.201462 0.762350 0.000041
0.001646 0.007380 0.466651 0.197636 0.326687
0.010243 0.001217 0.200759 0.764209 0.023571
0.978540 0.000292 0.012957 0.007961 0.000249
0.978425 0.000295 0.012973 0.008050 0.000257
0.536217 0.003977 0.195588 0.249488 0.014730
0.005142 0.019852 0.291787 0.423786 0.259432
0.002566 0.923412 0.046066 0.026407 0.001549
0.927542 0.005644 0.034576 0.029022 0.003216
0.950099 0.001336 0.016852 0.029549 0.002164
0.001838 0.056824 0.294549 0.577159 0.069630
0.006344 0.602712 0.157468 0.224288 0.009188
0.000868 0.838645 0.150632 0.009851 0.000005
0.013771 0.006456 0.113959 0.860264 0.005550
0.001662 0.952375 0.031545 0.014405 0.000013
0.890941 0.001153 0.038558 0.068436 0.000912
0.967776 0.000026 0.024620 0.006302 0.001276
0.037949 0.000881 0.224819 0.733091 0.003261
0.000003 0.006066 0.065321 0.026656 0.901954
0.008342 0.001663 0.286943 0.606404 0.096649
0.009555 0.004672 0.072148 0.882885 0.030740
0.000000 0.430152 0.563146 0.006674 0.000028
0.964560 0.000731 0.014882 0.018642 0.001185
0.000448 0.010282 0.160331 0.169836 0.659102
0.020409 0.001277 0.131183 0.847057 0.000075
0.932479 0.005062 0.034223 0.025835 0.002400
0.073903 0.010791 0.102509 0.723407 0.089390
0.000439 0.132435 0.085388 0.770993 0.010745
0.007587 0.320959 0.237049 0.265088 0.169318
0.000670 0.010872 0.084581 0.901643 0.002234
0.024476 0.461542 0.116683 0.393307 0.003991
0.006434 0.002748 0.064593 0.926111 0.000114
0.000068 0.018510 0.040212 0.931152 0.010058
0.000110 0.162689 0.132149 0.704667 0.000385
0.000003 0.005672 0.064611 0.026763 0.902952
0.000499 0.557244 0.132991 0.307744 0.001522
0.050398 0.343544 0.368141 0.149652 0.088265
0.000000 0.331254 0.605995 0.012470 0.050281
0.015756 0.001237 0.113862 0.860861 0.008283
0.971690 0.000018 0.023412 0.004318 0.000562
0.000862 0.092408 0.239135 0.623953 0.043642
0.382421 0.053266 0.299617 0.249496 0.015201
0.924629 0.006010 0.034782 0.030884 0.003695
0.000000 0.006044 0.586011 0.183134 0.224811
0.020134 0.004653 0.105640 0.842437 0.027136
0.002405 0.563720 0.199891 0.230148 0.003837
0.000062 0.006584 0.063385 0.168777 0.761192
0.014023 0.008457 0.105783 0.858525 0.013213
0.947714 0.000048 0.031077 0.021074 0.000087
0.000000 0.389227 0.568017 0.007439 0.035317
0.002811 0.003337 0.416462 0.561777 0.015613
0.018136 0.126692 0.108852 0.741928 0.004393
0.000003 0.005809 0.064856 0.026725 0.902606
0.003728 0.340491 0.124989 0.493818 0.036975
0.026803 0.015059 0.136816 0.819491 0.001830
0.003649 0.001733 0.053407 0.911382 0.029829
0.000003 0.005665 0.064661 0.026766 0.902906
0.102128 0.233670 0.157039 0.455704 0.051458
0.036118 0.141316 0.412674 0.402590 0.007302
0.046770 0.016794 0.335960 0.549596 0.050880
0.109668 0.112413 0.576330 0.140048 0.061540
0.000627 0.704907 0.139373 0.154006 0.001087
0.000000 0.098066 0.819897 0.019670 0.062367
0.165864 0.044471 0.704061 0.071442 0.014162
0.000005 0.006731 0.071549 0.026558 0.895157
0.592985 0.000704 0.076462 0.326399 0.003450
0.028531 0.083715 0.148673 0.735408 0.003673
0.032458 0.005777 0.219939 0.739359 0.002467
0.069082 0.007775 0.427332 0.462576 0.033235
0.220907 0.144698 0.219332 0.378379 0.036684
0.000000 0.081699 0.042528 0.287597 0.588175
0.008898 0.159756 0.555993 0.273116 0.002238
0.000004 0.008077 0.068987 0.026112 0.896819
0.152434 0.144886 0.276357 0.278684 0.147638
0.970166 0.007668 0.013106 0.007727 0.001334
0.041444 0.096009 0.746600 0.115919 0.000029
0.000024 0.066604 0.078245 0.854660 0.000467
0.971678 0.000018 0.023415 0.004324 0.000564
0.006576 0.005308 0.314134 0.673239 0.000743
0.681181 0.000640 0.065121 0.250415 0.002643
0.978535 0.000292 0.012958 0.007965 0.000250
0.957404 0.000888 0.015880 0.024169 0.001659
0.135130 0.014614 0.274083 0.576017 0.000156
0.000000 0.145705 0.578142 0.032883 0.243271
0.023169 0.017974 0.882886 0.075971 0.000000
0.008563 0.155569 0.072663 0.758149 0.005057
0.024718 0.407837 0.022724 0.285533 0.259187
0.978539 0.000292 0.012958 0.007962 0.000249
0.956941 0.007508 0.015003 0.018370 0.002177
0.019189 0.071205 0.115214 0.790076 0.004316
0.002563 0.968109 0.024036 0.004885 0.000407
0.006123 0.002281 0.061249 0.900815 0.029532
0.013401 0.017627 0.201175 0.694444 0.073353
0.859000 0.005919 0.029217 0.097481 0.008383
0.009836 0.144719 0.597340 0.246514 0.001591
0.201031 0.136387 0.215862 0.376265 0.070455
0.001291 0.011346 0.232136 0.708101 0.047126
0.946163 0.000422 0.030802 0.015915 0.006698
0.954071 0.000068 0.028828 0.013196 0.003837
0.008553 0.518056 0.145055 0.327617 0.000719
0.000000 0.335810 0.517418 0.015046 0.131726
0.011327 0.028472 0.406202 0.550342 0.003658
0.000000 0.003619 0.779247 0.131595 0.085539
0.000000 0.409815 0.554564 0.005646 0.029975
0.978537 0.000292 0.012958 0.007964 0.000249
0.004012 0.000000 0.960174 0.016527 0.019287
0.004260 0.401700 0.130027 0.452130 0.011884
0.000118 0.171774 0.137350 0.690380 0.000378
0.012252 0.004504 0.344706 0.545522 0.093016
0.819488 0.116011 0.030697 0.022673 0.011131
0.013162 0.001769 0.100935 0.874952 0.009181
0.000017 0.031996 0.112924 0.019798 0.835266
0.000000 0.285250 0.687154 0.027554 0.000042
0.000116 0.031204 0.046105 0.912476 0.010099
0.003528 0.008998 0.055841 0.924253 0.007379
0.049426 0.171113 0.121405 0.639589 0.018466
0.106191 0.157127 0.131735 0.447434 0.157514
0.001594 0.078229 0.860212 0.059966 0.000000
0.909334 0.007801 0.035878 0.040764 0.006224
0.002566 0.973190 0.021544 0.002423 0.000277
0.971050 0.000019 0.023609 0.004643 0.000679
0.964999 0.000471 0.024890 0.006021 0.003618
0.000063 0.187895 0.097656 0.713960 0.000426
0.000127 0.035555 0.047391 0.906785 0.010142
0.008005 0.175332 0.516312 0.297510 0.002842
0.000028 0.006732 0.180184 0.028370 0.784686
0.006826 0.112088 0.068318 0.807595 0.005174
0.000112 0.204417 0.131033 0.664056 0.000381
0.016028 0.001701 0.403108 0.508072 0.071091
0.020359 0.001290 0.468682 0.454395 0.055274
0.046759 0.001500 0.189887 0.746827 0.015027
0.000000 0.030514 0.463683 0.497082 0.008722
0.967266 0.000027 0.024777 0.006560 0.001370
0.017366 0.076011 0.133186 0.764343 0.009095
0.000415 0.049113 0.352054 0.598296 0.000122
0.005599 0.063158 0.066078 0.859909 0.005255
0.002053 0.091116 0.444711 0.461440 0.000681
0.006342 0.117932 0.136665 0.739062 0.000000
0.000910 0.151107 0.244870 0.601258 0.001855
0.026953 0.001059 0.162411 0.809518 0.000059
0.000468 0.054824 0.147151 0.100671 0.696886
0.944956 0.003765 0.017213 0.031387 0.002679
0.011991 0.456343 0.439943 0.088951 0.002772
0.001485 0.009681 0.255754 0.690439 0.042642
0.066394 0.226102 0.126304 0.564410 0.016790
0.049872 0.047150 0.169237 0.293855 0.439886
0.001968 0.417118 0.579606 0.000825 0.000484
0.000876 0.781205 0.187710 0.030199 0.000010
0.007150 0.009269 0.890703 0.069229 0.023650
0.005837 0.231041 0.415809 0.343177 0.004137
0.028084 0.096166 0.548501 0.236310 0.090941
0.882314 0.000410 0.050783 0.048762 0.017731
0.004465 0.041506 0.727808 0.136088 0.090133
0.000165 0.018853 0.084616 0.151065 0.745301
0.977854 0.000310 0.013052 0.008489 0.000295
0.002675 0.010221 0.050984 0.928528 0.007592
0.000000 0.003611 0.780489 0.131251 0.084649
0.000133 0.129683 0.150696 0.719121 0.000366
0.965529 0.000994 0.014701 0.017633 0.001143
0.000029 0.056977 0.158626 0.013470 0.770898
0.058311 0.306468 0.084373 0.418666 0.132182
0.013276 0.003171 0.360842 0.537546 0.085164
0.000034 0.006394 0.208733 0.028958 0.755881
0.970164 0.007668 0.013106 0.007728 0.001334
0.000750 0.006747 0.238779 0.181123 0.572601
0.001533 0.503699 0.178421 0.311193 0.005154
0.932496 0.005060 0.034222 0.025824 0.002397
0.003420 0.001818 0.052223 0.931204 0.011335
0.005841 0.019695 0.067963 0.904071 0.002430
0.000005 0.006924 0.070238 0.026479 0.896355
0.000000 0.080093 0.172816 0.677657 0.069434
0.000000 0.032060 0.952092 0.006426 0.009422
0.060037 0.044132 0.265224 0.629102 0.001506
0.002018 0.001054 0.045147 0.940620 0.011160
0.971622 0.000018 0.023433 0.004353 0.000575
0.025178 0.691446 0.233345 0.048173 0.001858
0.003690 0.246082 0.191963 0.551647 0.006618
0.001602 0.826388 0.056097 0.115860 0.000053
0.041541 0.064186 0.852194 0.041630 0.000450
0.002562 0.957685 0.029170 0.009909 0.000674
0.002554 0.953787 0.031065 0.011818 0.000775
0.916725 0.001971 0.021530 0.055409 0.004365
0.007166 0.026002 0.076186 0.882857 0.007790
0.000395 0.200397 0.759735 0.037740 0.001733
0.016245 0.470128 0.317660 0.195921 0.000046
0.019414 0.000816 0.329125 0.640479 0.010166
0.942647 0.000315 0.032021 0.018152 0.006866
0.059753 0.016291 0.388381 0.493483 0.042092
0.008374 0.033250 0.075768 0.880143 0.002464
0.040211 0.584513 0.334488 0.039929 0.000859
0.000033 0.095320 0.082804 0.821386 0.000458
0.064328 0.448318 0.344098 0.084561 0.058696
0.958129 0.001218 0.015722 0.023294 0.001637
0.002778 0.200790 0.415333 0.381078 0.000021
0.000000 0.033911 0.933847 0.008593 0.023650
0.000282 0.288300 0.501350 0.049446 0.160623
0.941909 0.000291 0.032281 0.018621 0.006897
0.038329 0.000999 0.216730 0.743908 0.000034
0.978538 0.000292 0.012958 0.007963 0.000249
0.017604 0.390253 0.229709 0.361750 0.000683
0.960546 0.000042 0.026849 0.009959 0.002604
0.005993 0.025486 0.069547 0.891022 0.007952
0.001527 0.134599 0.094241 0.754170 0.015463
0.977828 0.000311 0.013056 0.008509 0.000297
0.020236 0.092324 0.097941 0.275327 0.514173
0.000550 0.007259 0.187641 0.176563 0.627986
0.010441 0.039455 0.082314 0.865334 0.002455
0.000000 0.037061 0.871079 0.091804 0.000057
0.001368 0.069771 0.894097 0.015742 0.019022
0.052437 0.154686 0.474525 0.313764 0.004589
0.971645 0.000018 0.023425 0.004341 0.000570
0.000415 0.049113 0.352060 0.598289 0.000122
0.066500 0.001369 0.252384 0.671484 0.008264
0.002767 0.001446 0.046973 0.948700 0.000115
0.002687 0.359742 0.386862 0.061062 0.189646
0.166896 0.001161 0.312779 0.519099 0.000064
0.000030 0.086295 0.081376 0.831838 0.000461
0.002536 0.913561 0.050822 0.031273 0.001808
0.053961 0.128185 0.525211 0.292426 0.000217
0.112284 0.102110 0.081461 0.500388 0.203756
0.001204 0.013629 0.971489 -0.000000 0.013679
0.000041 0.119780 0.086890 0.792840 0.000449
0.000000 0.431579 0.486334 0.006138 0.075949
0.964730 0.007602 0.013885 0.012103 0.001680
0.000650 0.035364 0.946380 0.017291 0.000315
0.008160 0.493723 0.146612 0.350746 0.000759
0.000000 0.445989 0.481652 0.004800 0.067559
0.000068 0.018535 0.040216 0.931122 0.010059
0.000000 0.052757 0.867703 0.013346 0.066194
0.002102 0.149716 0.104691 0.728595 0.014896
0.000410 0.039963 0.083910 0.866945 0.008773
0.000000 0.127558 0.584038 0.034579 0.253826
0.039869 0.013495 0.308667 0.583531 0.054438
0.006046 0.000000 0.129446 0.856934 0.007574
0.005204 0.081967 0.171520 0.728778 0.012531
0.000000 0.273759 0.537997 0.020778 0.167466
0.108279 0.016543 0.108758 0.680341 0.086079
0.010859 0.172368 0.080260 0.731614 0.004899
0.044813 0.286891 0.384441 0.181574 0.102281
0.002590 0.006966 0.159286 0.829448 0.001710
0.000000 0.411319 0.492910 0.008021 0.087750
0.000381 0.044565 0.129273 0.114813 0.710967
0.015768 0.752457 0.067361 0.163488 0.000926
0.001545 0.077960 0.075007 0.845488 0.000000
0.007086 0.003545 0.064314 0.894597 0.030459
0.000400 0.049763 0.341186 0.608515 0.000136
0.000182 0.049120 0.054271 0.886264 0.010163
0.040735 0.580780 0.338014 0.039646 0.000824
0.002954 0.591138 0.092458 0.145992 0.167459
0.000014 0.020579 0.107847 0.023043 0.848517
0.936723 0.006958 0.017950 0.034925 0.003444
0.000264 0.055472 0.246425 0.697584 0.000255
0.000097 0.138768 0.124877 0.735860 0.000398
0.002279 0.139023 0.840050 0.018648 0.000000
0.005540 0.248534 0.053582 0.690360 0.001985
0.001410 0.431894 0.204319 0.354896 0.007481
0.000056 0.005924 0.062251 0.169739 0.762029
0.006263 0.061065 0.068590 0.858873 0.005209
0.000000 0.033866 0.934017 0.008580 0.023538
0.000103 0.027506 0.044552 0.917759 0.010080
0.012102 0.000000 0.095232 0.854330 0.038337
0.432607 0.039582 0.322338 0.197642 0.007831
0.000000 0.033867 0.934011 0.008580 0.023541
0.002566 0.973202 0.021538 0.002418 0.000276
0.002655 0.001497 0.048370 0.936178 0.011300
0.004160 0.710762 0.112552 0.172457 0.000069
0.072529 0.247376 0.333676 0.340714 0.005705
0.012175 0.014021 0.196821 0.703941 0.073041
0.024503 0.215924 0.121510 0.636622 0.001441
0.000005 0.006659 0.071017 0.026571 0.895748
0.043672 0.293364 0.379499 0.180964 0.102502
0.000434 0.575352 0.349713 0.014024 0.060477
0.002566 0.972924 0.021674 0.002552 0.000284
0.014395 0.098287 0.736228 0.151090 0.000000
0.003009 0.007914 0.052914 0.928763 0.007400
0.002657 0.006575 0.969447 0.021321 0.000000
0.000028 0.079813 0.080336 0.839360 0.000463
0.000120 0.162350 0.139052 0.698102 0.000377
0.971694 0.000018 0.023410 0.004316 0.000562
0.033676 0.005735 0.226847 0.731475 0.002267
0.000005 0.009338 0.072263 0.025789 0.892605
0.091676 0.205702 0.156990 0.491181 0.054451
0.002508 0.000000 0.856666 0.041322 0.099505
0.001235 0.018646 0.106352 0.871528 0.002239
0.000000 0.180360 0.703908 0.025779 0.089953
0.002798 0.008419 0.167319 0.819778 0.001687
0.564196 0.003523 0.201246 0.220839 0.010197
0.003651 0.009046 0.200447 0.785360 0.001497
0.975874 0.000362 0.013326 0.010010 0.000427
0.000413 0.049211 0.350417 0.599834 0.000124
0.000185 0.572881 0.159007 0.267630 0.000296
0.000016 0.013761 0.120878 0.025275 0.840070
0.005239 0.227107 0.053468 0.712160 0.002026
0.070465 0.000000 0.913468 -0.000000 0.016067
0.000262 0.363590 0.595527 0.038489 0.002132
0.796264 0.054059 0.039995 0.088109 0.021573
0.000592 0.008171 0.081608 0.907426 0.002204
0.000090 0.008801 0.069656 0.165727 0.755726
0.034114 0.005720 0.229330 0.728641 0.002195
0.000000 0.159629 0.700478 0.017779 0.122114
0.000202 0.150177 0.124850 0.722109 0.002662
0.036499 0.171962 0.397736 0.393258 0.000546
0.000672 0.020389 0.156592 0.758304 0.064042
0.000106 0.011753 0.072478 0.161292 0.754370
0.002566 0.972883 0.021694 0.002572 0.000285
0.004069 0.000000 0.963807 0.015560 0.016564
0.000261 0.055703 0.244297 0.699482 0.000258
0.000224 0.006416 0.103373 0.828027 0.061960
0.964182 0.000033 0.025730 0.008123 0.001932
0.005174 0.021603 0.064963 0.900404 0.007856
0.002565 0.971641 0.022304 0.003174 0.000317
0.000000 0.042736 0.207774 0.724114 0.025376
0.000000 0.045647 0.577234 0.362415 0.014704
0.050317 0.209183 0.206695 0.531133 0.002672
0.010240 0.044484 0.093309 0.843584 0.008383
0.961370 0.000040 0.026596 0.009543 0.002451
0.933000 0.005001 0.034186 0.025499 0.002314
0.008181 0.061226 0.336438 0.589614 0.004540
0.932917 0.005011 0.034192 0.025552 0.002328
0.003895 0.006224 0.210008 0.778483 0.001389
0.052461 0.041198 0.163402 0.402123 0.340816
0.003917 0.002201 0.054738 0.927676 0.011468
0.002566 0.973204 0.021537 0.002417 0.000276
0.978524 0.000293 0.012960 0.007973 0.000250
0.030849 0.005833 0.210810 0.749778 0.002731
0.000000 0.083234 0.055958 0.293272 0.567536
0.000049 0.139510 0.091213 0.768787 0.000441
0.209936 0.503501 0.160435 0.104633 0.021495
0.494076 0.081228 0.179586 0.196246 0.048865
0.006993 0.132577 0.063767 0.794552 0.002110
0.024786 0.155768 0.409678 0.267714 0.142053
0.001763 0.006960 0.045863 0.937866 0.007549
0.820394 0.116162 0.030602 0.021887 0.010955
0.001206 0.021658 0.105151 0.869685 0.002300
0.004105 0.921595 0.051936 0.021152 0.001212
0.019697 0.432262 0.369987 0.178025 0.000029
0.002030 0.037848 0.914414 0.045708 0.000000
0.002564 0.970446 0.022890 0.003753 0.000347
0.042596 0.179880 0.429556 0.227712 0.120256
0.045740 0.012544 0.198953 0.741459 0.001303
0.012324 0.053692 0.104975 0.820419 0.008590
0.000000 0.112344 0.373211 0.512148 0.002298
0.060922 0.043926 0.268455 0.625251 0.001445
0.170647 0.106299 0.205012 0.505971 0.012071
0.002680 0.006274 0.970770 0.020276 -0.000000
0.002566 0.973017 0.021628 0.002507 0.000281
0.000039 0.113354 0.086148 0.800009 0.000451
0.000186 0.578028 0.159830 0.261661 0.000295
0.003326 0.006160 0.187893 0.801099 0.001522
0.006375 0.895643 0.072054 0.024616 0.001311
0.000000 0.100271 0.152099 0.718601 0.029028
0.087398 0.161932 0.388938 0.356385 0.005347
0.002680 0.006284 0.970723 0.020313 -0.000000
0.003603 0.072081 0.140192 0.770166 0.013958
0.020410 0.181274 0.672675 0.122438 0.003204
0.002558 0.950969 0.032464 0.013163 0.000847
0.011482 0.003335 0.088739 0.896339 0.000106
0.002626 0.957255 0.029588 0.009862 0.000669
0.001092 0.006949 0.325782 0.187341 0.478835
0.009060 0.877918 0.089458 0.022467 0.001096
0.000006 0.010558 0.074073 0.025454 0.889909
0.014823 0.000889 0.264865 0.702805 0.016618
0.003388 0.287678 0.461655 0.063748 0.183530
0.030809 0.742399 0.130984 0.092507 0.003301
0.978369 0.000297 0.012981 0.008093 0.000261
0.491368 0.063344 0.065277 0.305431 0.074579
0.005558 0.000000 0.125499 0.861381 0.007562
0.006840 0.058530 0.299813 0.629625 0.005192
0.002233 0.809268 0.136018 0.050859 0.001622
0.932992 0.005002 0.034187 0.025504 0.002315
0.000222 0.065494 0.058939 0.865011 0.010334
0.001983 0.418122 0.478836 0.101036 0.000023
0.000000 0.000000 0.202008 0.661729 0.136263
0.019895 0.430093 0.372978 0.177006 0.000028
0.002566 0.973180 0.021548 0.002428 0.000277
0.000000 0.563825 0.211573 0.194480 0.030122
0.000056 0.005944 0.062279 0.169710 0.762011
0.001238 0.000000 0.775920 0.063757 0.159084
0.978494 0.000293 0.012964 0.007997 0.000252
0.948123 0.000047 0.031025 0.020722 0.000083
0.000000 0.083585 0.056608 0.293422 0.566385
0.000371 0.218981 0.739430 0.039360 0.001858
0.000005 0.005704 0.073893 0.026905 0.893492
0.003277 0.343549 0.435933 0.056078 0.161164
0.002563 0.967595 0.024289 0.005133 0.000421
0.001240 0.019350 0.106540 0.870619 0.002251
0.591727 0.000702 0.076624 0.327487 0.003460
0.971694 0.000018 0.023410 0.004316 0.000562
0.029698 0.000954 0.609663 0.336655 0.023030
0.002566 0.973192 0.021543 0.002423 0.000277
0.001777 0.111275 0.154377 0.724949 0.007623
0.035602 0.001724 0.154568 0.789098 0.019008
0.002444 0.826922 0.066929 0.103658 0.000046
0.002602 0.071894 0.921943 0.002847 0.000714
0.025584 0.232819 0.468403 0.230576 0.042618
0.000838 0.805441 0.170200 0.023513 0.000008
0.002726 0.008506 0.051297 0.929990 0.007482
0.002093 0.090129 0.451666 0.455475 0.000637
0.008426 0.001888 0.068531 0.892793 0.028362
0.037114 0.001006 0.210928 0.750916 0.000036
0.971693 0.000018 0.023411 0.004317 0.000562
0.000709 0.123420 0.791721 -0.000000 0.084150
0.000000 0.419540 0.548208 0.004799 0.027453
0.962305 0.000037 0.026310 0.009075 0.002273
0.009939 0.610018 0.138479 0.240993 0.000571
0.002562 0.966717 0.024720 0.005558 0.000443
0.409491 0.007904 0.169791 0.376881 0.035932
0.032567 0.130720 0.731566 0.096467 0.008679
0.000000 0.354475 0.511284 0.013317 0.120924
0.964185 0.000673 0.014945 0.018992 0.001205
0.086833 0.182192 0.383681 0.342161 0.005133
0.942835 0.003895 0.017497 0.032947 0.002825
0.002315 0.115474 0.878197 0.003149 0.000865
0.213920 0.000936 0.372123 0.412989 0.000032
0.006365 0.095526 0.017204 0.510681 0.370225
0.000327 0.298073 0.663478 0.036250 0.001872
0.003432 0.058380 0.058402 0.874381 0.005405
0.971655 0.000018 0.023422 0.004336 0.000569
0.003714 0.015290 0.056792 0.916482 0.007721
0.017674 0.004763 0.426538 0.475264 0.075761
0.044659 0.080950 0.777358 0.097016 0.000017
0.000000 0.079073 0.870276 0.013223 0.037428
0.003958 0.002980 0.219975 0.657394 0.115693
0.000000 0.055209 0.944791 -0.000000 0.000000
0.011168 0.690725 0.132789 0.164877 0.000441
0.932872 0.007216 0.018466 0.037735 0.003711
0.000152 0.469597 0.142495 0.387425 0.000331
0.000024 0.065598 0.078209 0.855702 0.000467
0.002655 0.006594 0.969352 0.021399 0.000000
0.032060 0.774083 0.128404 0.062701 0.002752
0.001026 0.203753 0.787708 0.005711 0.001803
0.814740 0.115219 0.031195 0.026792 0.012054
0.022979 0.001261 0.508227 0.421094 0.046439
0.017557 0.002018 0.426053 0.487335 0.067038
0.086948 0.006011 0.499546 0.386667 0.020828
0.012101 0.751753 0.128506 0.107298 0.000343
0.000165 0.510403 0.149017 0.340098 0.000317
0.027729 0.101559 0.113359 0.264873 0.492481
0.002566 0.972256 0.022002 0.002876 0.000301
0.000000 0.945191 0.019339 0.032712 0.002757
0.002517 0.850996 0.081570 0.061503 0.003414
0.234733 0.037549 0.131853 0.522033 0.073832
0.018627 0.001815 0.125625 0.853770 0.000163
0.971589 0.000018 0.023443 0.004369 0.000581
0.000048 0.141178 0.090655 0.767678 0.000441
0.000000 0.045992 0.129556 0.793972 0.030480
0.000000 0.329597 0.545524 0.012790 0.112089
0.007590 0.786257 0.081409 0.113339 0.011405
0.564046 0.003525 0.201215 0.220993 0.010221
0.000000 0.273113 0.701939 0.024884 0.000063
0.002507 0.000000 0.862814 0.042410 0.092268
0.000000 0.186868 0.185829 0.600437 0.026866
0.001662 0.951795 0.031651 0.014879 0.000013
0.000406 0.006736 0.074403 0.916233 0.002222
0.971694 0.000018 0.023410 0.004316 0.000562
0.000187 0.579120 0.160005 0.260394 0.000294
0.016841 0.058590 0.056118 0.703803 0.164648
0.969482 0.007660 0.013204 0.008277 0.001377
0.000000 0.099516 0.080987 0.297819 0.521678
0.031958 0.771502 0.128614 0.065130 0.002797
0.023962 0.014434 0.127529 0.832173 0.001902
0.000404 0.046421 0.083058 0.861168 0.008948
0.018078 0.296264 0.249413 0.435453 0.000793
0.002816 0.003335 0.417029 0.561288 0.015532
0.205693 0.135389 0.219996 0.372753 0.066169
0.888834 0.013003 0.037004 0.051829 0.009330
0.000811 0.229099 0.711707 -0.000000 0.058384
0.039979 0.160315 0.423669 0.375553 0.000484
0.000000 0.030002 0.956361 0.005982 0.007655
0.014210 0.056337 0.353365 0.571178 0.004910
0.147060 0.548215 0.143203 0.153412 0.008110
0.000318 0.390318 0.443429 0.037731 0.128203
0.002693 0.489574 0.241396 0.260911 0.005426
0.978359 0.000297 0.012982 0.008101 0.000261
0.941160 0.000060 0.031909 0.026723 0.000149
0.930229 0.006034 0.018997 0.040944 0.003796
0.000414 0.049155 0.351361 0.598946 0.000123
0.000562 0.004547 0.144429 0.795605 0.054857
0.083343 0.240253 0.135528 0.525262 0.015614
0.975025 0.000387 0.013444 0.010661 0.000483
0.948433 0.000159 0.030435 0.015764 0.005208
0.009708 0.004118 0.083854 0.890907 0.011413
0.966479 0.000473 0.024429 0.005254 0.003365
0.008566 0.037077 0.083945 0.862195 0.008217
0.000056 0.005922 0.062285 0.169744 0.761992
0.003173 0.036089 0.958748 0.001694 0.000296
0.016625 0.000000 0.213652 0.764066 0.005657
0.000000 0.124384 0.029767 0.262220 0.583628
0.002366 0.000598 0.349590 0.628605 0.018840
0.000297 0.054095 0.269151 0.676232 0.000226
0.723803 0.030291 0.049128 0.159974 0.036804
0.002201 0.068150 0.337379 0.520881 0.071389
0.082322 0.116785 0.461636 0.280587 0.058670
0.011017 0.520184 0.060878 0.406507 0.001414
0.096080 0.003143 0.223587 0.677070 0.000120
0.000000 0.170666 0.279946 0.499372 0.050016
0.942372 0.000147 0.032351 0.018923 0.006207
0.004813 0.716944 0.119796 0.158384 0.000062
0.004668 0.092506 0.236179 0.660420 0.006227
0.002768 0.074894 0.615426 0.173585 0.133327
0.000000 0.030571 0.955178 0.006105 0.008146
0.000627 0.041031 0.937588 0.020273 0.000481
0.902841 0.000179 0.036778 0.059676 0.000526
0.002865 0.938867 0.039421 0.017768 0.001079
0.023711 0.000000 0.269975 0.702007 0.004307
0.024068 0.002339 0.118059 0.832022 0.023513
0.015771 0.007053 0.125291 0.846627 0.005258
0.002705 0.960176 0.028403 0.008141 0.000575
0.000000 0.431089 0.486491 0.006184 0.076236
0.003384 0.293822 0.459480 0.062792 0.180522
0.007227 0.344561 0.146789 0.467273 0.034149
0.020830 0.043507 0.116210 0.817247 0.002206
0.006459 0.088498 0.654372 0.250671 0.000000
0.024292 0.223598 0.304850 0.446511 0.000749
0.014960 0.240821 0.019803 0.405867 0.318550
0.007386 0.309450 0.057383 0.623945 0.001837
0.953655 0.000462 0.028429 0.011897 0.005556
0.001213 0.013164 0.973390 -0.000000 0.012234
0.002504 0.015020 0.155749 0.824853 0.001874
0.918377 0.001872 0.021309 0.054190 0.004251
0.971033 0.000019 0.023614 0.004651 0.000682
0.000000 0.015300 0.437362 0.209550 0.337788
0.075746 0.532411 0.325087 0.031999 0.034758
0.000104 0.309014 0.118990 0.571509 0.000382
0.002558 0.960113 0.027960 0.008756 0.000613
0.969700 0.000596 0.014170 0.014691 0.000843
0.948215 0.000047 0.031013 0.020642 0.000082
0.004716 0.087054 0.239692 0.665887 0.002650
0.000495 0.374361 0.218339 0.087136 0.319669
0.056904 0.012059 0.235546 0.694491 0.001000
0.971537 0.000018 0.023459 0.004396 0.000590
0.932979 0.005004 0.034188 0.025513 0.002317
0.002230 0.001389 0.044406 0.951860 0.000115
0.001045 0.172345 0.818748 0.006003 0.001859
0.000117 0.013133 0.074702 0.159288 0.752760
0.000000 0.362217 0.585632 0.009800 0.042351
0.951168 0.006427 0.015960 0.023972 0.002473
0.006620 0.024380 0.070345 0.896210 0.002445
0.869188 0.014916 0.038461 0.064818 0.012617
0.968488 0.000474 0.023803 0.004213 0.003022
0.025031 0.214207 0.670791 0.087767 0.002205
0.014087 0.001470 0.101019 0.883334 0.000090
0.001105 0.001062 0.072756 0.889162 0.035914
0.146895 0.060670 0.553467 0.221548 0.017420
0.039269 0.161886 0.418518 0.379829 0.000497
0.963741 0.000035 0.025864 0.008343 0.002016
0.001405 0.016310 0.213354 0.765830 0.003102
0.000935 0.031239 0.912123 0.000000 0.055703
0.000629 0.707100 0.139469 0.151721 0.001080
0.002618 0.001803 0.200260 0.679052 0.116266
0.000339 0.043689 0.074695 0.872053 0.009224
0.849313 0.019540 0.039608 0.075869 0.015670
0.098375 0.005333 0.545638 0.337614 0.013040
0.003838 0.002419 0.052168 0.941458 0.000118
0.002566 0.973071 0.021602 0.002481 0.000280
0.006318 0.261963 0.174501 0.556121 0.001097
0.000000 0.139354 0.594440 0.031925 0.234281
0.013101 0.000911 0.240764 0.726190 0.019032
0.070215 0.011140 0.279187 0.638821 0.000638
0.955114 0.007482 0.015266 0.019844 0.002293
0.004143 0.000000 0.968550 0.014297 0.013011
0.000851 0.018284 0.141688 0.833185 0.005991
0.010698 0.001159 0.084811 0.903237 0.000095
0.002564 0.969368 0.023419 0.004274 0.000375
0.818764 0.115889 0.030773 0.023302 0.011272
0.002416 0.003530 0.368673 0.602904 0.022478
0.000000 0.078228 0.875861 0.012224 0.033688
0.925629 0.005868 0.034713 0.030257 0.003532
0.000000 0.130139 0.583050 0.034353 0.252457
0.032761 0.185942 0.369619 0.411068 0.000610
0.017667 0.010555 0.219561 0.683918 0.068298
0.000016 0.030832 0.110623 0.020096 0.838433
0.004199 0.003188 0.223511 0.653524 0.115579
0.007187 0.005107 0.337845 0.649263 0.000597
0.000305 0.053795 0.274731 0.670951 0.000219
0.100107 0.051742 0.136983 0.603834 0.107333
0.976999 0.000333 0.013171 0.009146 0.000352
0.001646 0.007380 0.466608 0.197634 0.326733
0.000000 0.078129 0.027718 0.282213 0.611940
0.330306 0.007015 0.154056 0.460641 0.047982
0.000184 0.569042 0.158393 0.272084 0.000298
0.002566 0.973038 0.021618 0.002497 0.000281
0.018234 0.128984 0.109103 0.739293 0.004386
0.000979 0.829757 0.112160 0.006672 0.050431
0.000004 0.005679 0.067518 0.026808 0.899991
0.011998 0.176520 0.048278 0.518994 0.244209
0.009409 0.001018 0.082102 0.897946 0.009526
0.163664 0.046204 0.699491 0.074491 0.016151
0.000629 0.040781 0.938088 0.020034 0.000469
0.010208 0.043791 0.394159 0.548273 0.003569
0.951776 0.000058 0.029564 0.014409 0.004193
0.000032 0.062275 0.168434 0.012164 0.757095
0.000140 0.061338 0.159320 0.778838 0.000365
0.975512 0.000372 0.013377 0.010289 0.000451
0.000441 0.031221 0.088179 0.871749 0.008411
0.024533 0.014566 0.899944 0.060956 0.000000
0.006723 0.387357 0.155351 0.449641 0.000927
0.007430 0.028491 0.072848 0.888777 0.002454
0.030248 0.133013 0.205252 0.621082 0.010406
0.023250 0.017701 0.883950 0.075099 0.000000
0.000644 0.006851 0.211642 0.178959 0.601904
0.936474 0.000208 0.034098 0.021727 0.007493
0.008390 0.065506 0.236409 0.679832 0.009863
0.019271 0.024047 0.223805 0.661425 0.071453
0.066515 0.001369 0.252433 0.671425 0.008258
0.000381 0.050582 0.328073 0.620812 0.000152
0.921503 0.000172 0.034406 0.043563 0.000357
0.000000 0.334682 0.521769 0.014718 0.128831
0.000524 0.072184 0.892789 0.033282 0.001221
0.001417 0.753516 0.068344 0.176645 0.000078
0.000000 0.155444 0.786415 0.013810 0.044331
0.000000 0.389414 0.567897 0.007423 0.035267
0.015141 0.339779 0.164284 0.470519 0.010278
0.973265 0.000434 0.013687 0.012013 0.000601
0.013820 0.036997 0.494248 0.453108 0.001827
0.005575 0.241643 0.421398 0.326051 0.005333
0.033092 0.070744 0.165876 0.726930 0.003358
0.002566 0.972194 0.022032 0.002906 0.000302
0.037286 0.000000 0.381798 0.571769 0.009146
0.959121 0.002492 0.015381 0.021337 0.001669
0.030132 0.005860 0.206746 0.754414 0.002849
0.774013 0.066948 0.040367 0.094468 0.024204
0.000181 0.559423 0.156855 0.283241 0.000301
0.000338 0.478190 0.509746 0.010770 0.000957
0.003113 0.012386 0.053431 0.923422 0.007648
0.012509 0.778407 0.126642 0.082142 0.000299
0.926416 0.005811 0.034653 0.029721 0.003398
0.095965 0.005477 0.535919 0.347957 0.014682
0.079039 0.175821 0.156336 0.530920 0.057885
0.008530 0.004890 0.074782 0.911676 0.000122
0.978367 0.000297 0.012981 0.008094 0.000261
0.043771 0.084979 0.768926 0.102304 0.000020
0.000410 0.049326 0.348504 0.601634 0.000127
0.000000 0.030137 0.956080 0.006011 0.007771
0.000000 0.174543 0.686621 0.017369 0.121467
0.000950 0.011588 0.190843 0.743487 0.053133
0.002785 0.079643 0.914772 0.002265 0.000535
0.005260 0.302850 0.160067 0.530755 0.001068
0.000924 0.779197 0.123918 0.015596 0.080364
0.564183 0.003523 0.201243 0.220852 0.010199
0.019579 0.006629 0.103915 0.840593 0.029284
0.008943 0.162783 0.073719 0.749524 0.005031
0.030619 0.021273 0.133082 0.446686 0.368340
0.000516 0.006377 0.179209 0.177339 0.636559
0.001318 0.007073 0.383198 0.191561 0.416851
0.023513 0.255926 0.293840 0.425996 0.000724
0.055624 0.009027 0.372906 0.519876 0.042566
0.188867 0.001055 0.340507 0.469521 0.000049
0.000000 0.095397 0.246682 0.654755 0.003166
0.001023 0.148149 0.842559 0.006333 0.001936
0.564150 0.003524 0.201236 0.220886 0.010204
0.000296 0.355158 0.461111 0.042267 0.141168
0.000136 0.037575 0.048491 0.903655 0.010142
0.000191 0.250118 0.680774 0.065638 0.003279
0.000491 0.548382 0.132615 0.316964 0.001548
0.005342 0.003150 0.132202 0.825173 0.034133
0.911412 0.000130 0.035687 0.052335 0.000435
0.022811 0.367045 0.048295 0.373573 0.188276
0.973689 0.000420 0.013629 0.011690 0.000572
0.946735 0.002921 0.017085 0.030758 0.002501
0.000006 0.010793 0.074523 0.025391 0.889286
0.000668 0.027984 0.117621 0.846565 0.007162
0.964308 0.000768 0.014912 0.018808 0.001204
0.003370 0.027284 0.967941 0.001260 0.000145
0.037947 0.000881 0.224812 0.733099 0.003261
0.006260 0.084946 0.654372 0.254423 0.000000
0.007560 0.048573 0.317249 0.375640 0.250977
0.002546 0.940119 0.037773 0.018435 0.001127
0.970956 0.000019 0.023638 0.004690 0.000696
0.006182 0.319211 0.219641 0.276465 0.178501
0.000090 0.007453 0.464113 0.033172 0.495173
0.000410 0.049317 0.348654 0.601493 0.000127
0.067437 0.033428 0.508256 0.309102 0.081777
0.007294 0.124752 0.069445 0.793367 0.005142
0.034110 0.005720 0.229307 0.728667 0.002195
0.918666 0.001197 0.035074 0.044388 0.000676
0.011570 0.357086 0.184910 0.433155 0.013279
0.001215 0.016713 0.188799 0.789190 0.004083
0.279671 0.033057 0.141257 0.480804 0.065211
0.000103 0.027132 0.044547 0.918146 0.010072
0.005549 0.095441 0.064424 0.829326 0.005261
0.015154 0.054942 0.372318 0.553478 0.004108
0.005455 0.427813 0.360570 0.206149 0.000013
0.004819 0.274374 0.162016 0.557677 0.001114
0.052490 0.104689 0.224518 0.617566 0.000736
0.000179 0.555513 0.156230 0.287776 0.000302
0.127597 0.001791 0.263232 0.607287 0.000093
0.000128 0.006354 0.080437 0.170331 0.742750
0.030229 0.000937 0.617660 0.329965 0.021210
0.002517 0.851540 0.081303 0.061240 0.003400
0.040665 0.697230 0.047570 0.122404 0.092132
0.000128 0.035898 0.047530 0.906300 0.010144
0.018536 0.295285 0.048111 0.428525 0.209542
0.971667 0.000018 0.023419 0.004330 0.000567
0.001171 0.100299 0.829053 0.022665 0.046811
0.000964 0.816161 0.115319 0.009072 0.058484
0.053935 0.128246 0.525020 0.292582 0.000218
0.001633 0.007368 0.463385 0.197396 0.330218
0.012960 0.002112 0.099953 0.875534 0.009441
0.425324 0.041024 0.319124 0.205603 0.008926
0.000066 0.006952 0.354588 0.031339 0.607056
0.062775 0.033825 0.240974 0.620626 0.041800
0.000411 0.006837 0.074619 0.915910 0.002223
0.019811 0.420199 0.161737 0.389527 0.008726
0.968332 0.000025 0.024448 0.006020 0.001175
0.971692 0.000018 0.023411 0.004317 0.000562
0.977222 0.000327 0.013140 0.008974 0.000337
0.000056 0.158782 0.094877 0.745852 0.000433
0.003139 0.292489 0.621259 0.083097 0.000016
0.037751 0.049529 0.183809 0.725876 0.003036
0.001378 0.016352 0.209872 0.769158 0.003240
0.001341 0.016410 0.205145 0.773675 0.003429
0.304344 0.053271 0.295309 0.342273 0.004804
0.010841 0.001017 0.089265 0.889664 0.009213
0.006435 0.024987 0.069716 0.896408 0.002454
0.033441 0.175311 0.376155 0.414484 0.000609
0.000000 0.039002 0.937931 0.007872 0.015195
0.970482 0.000506 0.014073 0.014153 0.000786
0.000000 0.029123 0.493820 0.470291 0.006766
0.000863 0.280581 0.202840 0.507840 0.007876
0.000000 0.920100 0.020945 0.055204 0.003751
0.000000 0.075668 0.807076 0.016984 0.100272
0.000000 0.817120 0.027620 0.147438 0.007823
0.005068 0.047977 0.619449 0.318880 0.008626
0.000000 0.061931 0.287668 0.647449 0.002952
0.003500 0.002221 0.213414 0.666165 0.114700
0.000000 0.035120 0.929347 0.008925 0.026608
0.932906 0.005012 0.034193 0.025559 0.002329
0.006792 0.029188 0.074016 0.881964 0.008040
0.003209 0.571227 0.098048 0.153213 0.174303
0.022498 0.370616 0.022045 0.312339 0.272503
0.970171 0.000021 0.023881 0.005088 0.000839
0.165864 0.044472 0.704060 0.071442 0.014162
0.070971 0.007104 0.435045 0.455108 0.031772
0.011281 0.009014 0.327593 0.540830 0.111282
0.396840 0.006321 0.167432 0.392066 0.037340
0.044591 0.081256 0.776717 0.097418 0.000017
0.864892 0.003480 0.028738 0.095070 0.007821
0.027246 0.022116 0.560541 0.288414 0.101682
0.017335 0.324761 0.096907 0.556530 0.004467
0.000149 0.060508 0.166090 0.772897 0.000356
0.000008 0.006103 0.087167 0.027004 0.879719
0.971680 0.000018 0.023415 0.004323 0.000564
0.001577 0.550826 0.244180 0.044308 0.159109
0.002566 0.972623 0.021822 0.002698 0.000291
0.003350 0.939509 0.040669 0.015530 0.000942
0.002565 0.971155 0.022542 0.003409 0.000329
0.776629 0.089225 0.037500 0.075175 0.021470
0.935825 0.000449 0.034000 0.021124 0.008602
0.006536 0.022662 0.070132 0.898236 0.002434
0.932999 0.005001 0.034186 0.025499 0.002314
0.024816 0.001074 0.152209 0.821837 0.000064
0.006746 0.024793 0.070744 0.895272 0.002444
0.002556 0.945884 0.034963 0.015621 0.000977
0.000024 0.065582 0.078470 0.855457 0.000467
0.978163 0.000302 0.013010 0.008251 0.000274
0.000000 0.060610 0.834521 0.015938 0.088931
0.001404 0.016311 0.213267 0.765913 0.003105
0.027663 0.673735 0.250086 0.046823 0.001693
0.000348 0.017909 0.398001 0.554570 0.029172
0.005309 0.502938 0.143834 0.337394 0.010525
0.978540 0.000292 0.012957 0.007961 0.000249
0.041299 0.050865 0.080141 0.679799 0.147895
0.161985 0.047548 0.695995 0.076807 0.017665
0.000629 0.040477 0.938441 0.019987 0.000465
0.000282 0.018860 0.114488 0.153164 0.713206
0.000671 0.134829 0.775191 0.000000 0.089309
0.089472 0.199753 0.501546 0.139870 0.069359
0.046197 0.147438 0.468590 0.337411 0.000363
0.006515 0.068601 0.069165 0.850527 0.005192
0.968738 0.000554 0.014314 0.015492 0.000902
0.019557 0.047681 0.316371 0.616391 0.000000
0.014649 0.007727 0.088318 0.857261 0.032045
0.001905 0.683410 0.151892 0.159684 0.003109
0.000241 0.250605 0.121063 0.625671 0.002419
0.003854 0.851161 0.085814 0.056094 0.003077
0.000000 0.371247 0.579806 0.008997 0.039950
0.000775 0.570828 0.177926 0.051450 0.199020
0.000003 0.005715 0.064698 0.026751 0.902833
0.971693 0.000018 0.023411 0.004317 0.000562
0.004893 0.005723 0.248773 0.739465 0.001146
0.009006 0.239663 0.196905 0.553359 0.001066
0.970096 0.007667 0.013115 0.007783 0.001338
0.000580 0.006486 0.195427 0.178348 0.619160
0.018025 0.006692 0.098993 0.846417 0.029873
0.003868 0.007016 0.208942 0.778764 0.001410
0.000019 0.014867 0.134277 0.025170 0.825666
0.002566 0.973137 0.021569 0.002449 0.000278
0.012756 0.794494 0.125519 0.066957 0.000274
0.000014 0.019324 0.108014 0.023415 0.849233
0.000250 0.074458 0.062380 0.852519 0.010393
0.015383 0.615967 0.342852 0.024662 0.001137
0.011174 0.008925 0.326012 0.542544 0.111346
0.966792 0.000473 0.024331 0.005092 0.003312
0.002033 0.732431 0.145728 0.117278 0.002529
0.005263 0.311939 0.373893 0.305063 0.003842
0.006820 0.005193 0.323590 0.663712 0.000684
0.971216 0.000019 0.023558 0.004558 0.000649
0.069771 0.123386 0.538817 0.264494 0.003532
0.016106 0.407399 0.216406 0.359394 0.000694
0.032863 0.005763 0.222236 0.736738 0.002400
0.000110 0.212112 0.129320 0.658076 0.000382
0.776895 0.108943 0.035167 0.059590 0.019405
0.978241 0.000300 0.012999 0.008191 0.000269
0.564217 0.003523 0.201250 0.220817 0.010193
0.004603 0.283274 0.371473 0.334784 0.005867
0.080996 0.006417 0.475522 0.412163 0.024904
0.037127 0.009839 0.809822 0.143103 0.000109
0.018460 0.000000 0.228164 0.748187 0.005189
0.002566 0.973064 0.021605 0.002484 0.000280
0.000019 0.015272 0.132402 0.025019 0.827288
0.001139 0.030517 0.212249 0.692956 0.063139
0.000330 0.052887 0.292669 0.653917 0.000197
0.167404 0.397858 0.158958 0.242508 0.033272
0.001272 0.004905 0.230353 0.720524 0.042946
0.044160 0.151170 0.453959 0.350308 0.000403
0.016105 0.776217 0.162307 0.043426 0.001945
0.007756 0.314849 0.393346 0.283913 0.000137
0.000122 0.157631 0.141053 0.700819 0.000375
0.030400 0.125599 0.144542 0.696890 0.002570
0.074878 0.526019 0.326535 0.035992 0.036577
0.028884 0.545781 0.128899 0.292737 0.003700
0.032199 0.005786 0.218471 0.741035 0.002509
0.000026 0.050401 0.146482 0.015107 0.787984
0.000117 0.012809 0.074804 0.159801 0.752469
0.000000 0.136532 0.807676 0.013559 0.042233
0.000142 0.437792 0.137455 0.424269 0.000342
0.000004 0.005679 0.068095 0.026818 0.899404
0.000024 0.065625 0.078101 0.855782 0.000468
0.006259 0.014386 0.840427 0.093616 0.045311
0.000072 0.217881 0.102489 0.679142 0.000416
0.017886 0.278367 0.660470 0.043277 0.000000
0.000210 0.063647 0.208324 0.727516 0.000302
0.886587 0.000390 0.038860 0.073430 0.000733
0.008218 0.055196 0.338106 0.593955 0.004526
0.030254 0.000936 0.618036 0.329650 0.021124
0.925950 0.007128 0.019464 0.043306 0.004152
0.927633 0.000091 0.033626 0.038371 0.000279
0.914513 0.000431 0.040676 0.032149 0.012232
0.065059 0.007488 0.411172 0.480464 0.035817
0.000017 0.020981 0.120734 0.023139 0.835129
0.002450 0.000650 0.354114 0.623876 0.018910
0.970241 0.000021 0.023859 0.005053 0.000826
0.004196 0.007173 0.059653 0.921817 0.007162
0.002782 0.065147 0.929067 0.002432 0.000571
0.913319 0.000125 0.035445 0.050695 0.000417
0.041646 0.049008 0.198022 0.708555 0.002768
0.000320 0.053074 0.285826 0.660574 0.000205
0.000000 0.031148 0.953978 0.006230 0.008643
0.000058 0.006091 0.062532 0.169495 0.761824
0.000647 0.036072 0.945279 0.017666 0.000336
0.274130 0.008803 0.486742 0.227732 0.002593
0.016848 0.073699 0.130291 0.770120 0.009041
0.000016 0.006047 0.124194 0.027634 0.842108
0.012246 0.761284 0.127838 0.098305 0.000327
0.038328 0.000999 0.216726 0.743913 0.000034
0.001280 0.667098 0.083938 0.247577 0.000107
0.001039 0.198320 0.793104 0.005734 0.001804
0.000679 0.020647 0.157438 0.757136 0.064100
0.024027 0.702804 0.224035 0.047282 0.001853
0.000022 0.012422 0.146188 0.026097 0.815272
0.000095 0.007577 0.490562 0.033623 0.468142
0.946393 0.000050 0.031245 0.022213 0.000099
0.000199 0.194424 0.119711 0.683088 0.002578
0.820349 0.116153 0.030607 0.021927 0.010964
0.006652 0.530593 0.335315 0.127430 0.000009
0.971655 0.000018 0.023422 0.004336 0.000569
0.320633 0.008108 0.152006 0.469368 0.049885
0.005220 0.148491 0.694828 0.071586 0.079876
0.001477 0.775952 0.064616 0.157885 0.000071
0.000413 0.006726 0.074702 0.915939 0.002220
0.002328 0.150794 0.165133 0.674412 0.007332
0.000000 0.034438 0.931877 0.008738 0.024946
0.010563 0.515090 0.154519 0.309190 0.010638
0.188723 0.001049 0.340324 0.469856 0.000049
0.012439 0.004221 0.347673 0.544215 0.091452
0.002563 0.968211 0.023987 0.004835 0.000405
0.947477 0.000148 0.030752 0.016295 0.005327
0.008129 0.846739 0.075584 0.061618 0.007931
0.739120 0.000892 0.057762 0.200029 0.002197
0.000000 0.105098 0.840494 0.013680 0.040728
0.005377 0.238095 0.053469 0.701054 0.002005
0.011908 0.739151 0.129389 0.119190 0.000363
0.162669 0.046987 0.697426 0.075868 0.017049
0.018256 0.054252 0.112586 0.810527 0.004379
0.000368 0.025153 0.078922 0.886907 0.008649
0.000068 0.018521 0.040231 0.931122 0.010058
0.000078 0.070529 0.115404 0.813571 0.000419
