0.327558 0.671517 0.000925
0.080740 0.911773 0.007487
0.012984 0.794877 0.192139
0.041941 0.953338 0.004721
0.060455 0.898272 0.041274
0.382581 0.617273 0.000147
0.390060 0.609936 0.000004
0.060135 0.939498 0.000368
0.999360 0.000640 0.000000
0.008593 0.611283 0.380124
0.000000 0.001340 0.998660
0.013151 0.978016 0.008833
0.000003 0.402557 0.597440
0.029627 0.963821 0.006552
0.000216 0.122916 0.876868
0.139782 0.857324 0.002895
0.000237 0.164494 0.835269
0.191587 0.804233 0.004180
0.260312 0.735367 0.004321
0.000026 0.482899 0.517075
0.000253 0.027311 0.972436
0.162133 0.807440 0.030427
0.001358 0.803576 0.195066
0.000255 0.588855 0.410890
0.390517 0.604815 0.004668
0.120764 0.874968 0.004267
0.000039 0.786660 0.213301
0.902167 0.097827 0.000006
0.011318 0.970411 0.018271
0.000001 0.038615 0.961384
0.987298 0.012702 0.000001
0.000030 0.198638 0.801332
0.096257 0.892291 0.011452
0.102876 0.858460 0.038664
0.000051 0.408704 0.591245
0.998249 0.001750 0.000000
0.171838 0.803636 0.024526
0.104319 0.890987 0.004693
0.009875 0.972228 0.017897
0.232445 0.753713 0.013841
0.000022 0.153771 0.846206
0.000423 0.504419 0.495158
0.893050 0.106950 0.000000
0.000575 0.770942 0.228483
0.666384 0.333483 0.000133
0.000000 0.000094 0.999906
0.015284 0.968527 0.016189
0.407322 0.592152 0.000526
0.040630 0.811992 0.147378
0.000001 0.083244 0.916755
0.078675 0.918902 0.002423
0.013463 0.966256 0.020281
0.987821 0.012179 0.000000
0.208739 0.771145 0.020116
0.120428 0.876567 0.003005
0.000000 0.000068 0.999932
0.887529 0.111770 0.000701
0.000251 0.017426 0.982324
0.104148 0.807150 0.088702
0.935473 0.064527 0.000000
0.017026 0.824800 0.158174
0.048803 0.947582 0.003615
0.009381 0.987640 0.002979
0.270875 0.722911 0.006214
0.000036 0.220442 0.779523
0.320534 0.678844 0.000622
0.003489 0.757018 0.239493
0.000126 0.589594 0.410280
0.009632 0.464624 0.525744
0.999942 0.000058 0.000000
0.215447 0.783543 0.001010
0.999672 0.000328 0.000000
0.101823 0.896182 0.001995
0.735137 0.264856 0.000007
0.929237 0.070757 0.000006
0.000000 0.034801 0.965198
0.000650 0.608748 0.390601
0.000541 0.963066 0.036393
0.001963 0.700296 0.297741
0.004186 0.870046 0.125768
0.000030 0.157686 0.842285
0.032248 0.959939 0.007813
0.000023 0.241904 0.758072
0.212340 0.785687 0.001973
0.006053 0.107766 0.886181
0.026217 0.969045 0.004738
0.206114 0.792594 0.001293
0.006536 0.987635 0.005829
0.000029 0.156468 0.843503
0.940078 0.059919 0.000004
0.007941 0.912014 0.080045
0.005243 0.968309 0.026447
0.151010 0.845728 0.003262
0.109879 0.865475 0.024646
0.000269 0.018771 0.980960
0.022070 0.969306 0.008624
0.000000 0.000002 0.999998
0.172372 0.825962 0.001667
0.527321 0.472407 0.000273
0.045232 0.940361 0.014407
0.113393 0.885883 0.000724
0.147197 0.852612 0.000191
0.117569 0.860330 0.022101
0.475557 0.524441 0.000002
0.000000 0.001620 0.998380
0.159717 0.803230 0.037053
0.051205 0.858562 0.090233
0.877176 0.122649 0.000175
0.240270 0.759575 0.000155
0.476199 0.523799 0.000001
0.000520 0.060622 0.938858
0.016426 0.952504 0.031070
0.000000 0.000601 0.999399
0.997581 0.002419 0.000000
0.976055 0.023944 0.000001
0.003153 0.456297 0.540550
0.123719 0.873939 0.002343
0.008285 0.985261 0.006454
0.815523 0.184407 0.000071
0.134181 0.865015 0.000804
0.000221 0.014089 0.985691
0.000000 0.000639 0.999361
0.319904 0.679943 0.000153
0.175338 0.824009 0.000652
0.007451 0.751812 0.240737
0.637494 0.362390 0.000116
0.488317 0.511642 0.000041
0.067194 0.902474 0.030332
0.983754 0.016243 0.000003
0.258938 0.728736 0.012326
0.127786 0.824732 0.047481
0.024844 0.897270 0.077886
0.100450 0.892850 0.006700
0.000166 0.431864 0.567970
0.824700 0.175270 0.000030
0.941106 0.058890 0.000004
0.974356 0.025643 0.000000
0.024942 0.815540 0.159518
0.085340 0.888606 0.026054
0.079447 0.790044 0.130509
0.700713 0.291799 0.007489
0.110434 0.888265 0.001301
0.893202 0.106788 0.000010
0.009498 0.987474 0.003028
0.227948 0.756677 0.015375
0.994832 0.005166 0.000002
0.400783 0.598552 0.000665
0.001227 0.920509 0.078263
0.067617 0.928966 0.003417
0.040493 0.943792 0.015715
0.000100 0.134699 0.865201
0.552187 0.447402 0.000411
0.106968 0.874744 0.018288
0.124706 0.874656 0.000638
0.359587 0.638960 0.001453
0.028780 0.910871 0.060349
0.002732 0.866507 0.130761
0.000142 0.641737 0.358121
0.034804 0.931181 0.034015
0.584635 0.414663 0.000702
0.998300 0.001700 0.000000
0.001826 0.364288 0.633887
0.279416 0.717334 0.003250
0.016586 0.950252 0.033162
0.444084 0.555510 0.000406
0.958530 0.041462 0.000008
0.186756 0.809788 0.003456
0.103197 0.891401 0.005402
0.067934 0.927949 0.004117
0.018765 0.860056 0.121179
0.040465 0.085813 0.873722
0.853313 0.146623 0.000064
0.624140 0.375498 0.000362
0.812389 0.187577 0.000034
0.127993 0.830052 0.041955
0.999842 0.000158 0.000000
0.031396 0.966756 0.001848
0.054178 0.935379 0.010443
0.241943 0.745972 0.012085
0.000117 0.103738 0.896145
0.998640 0.001360 0.000000
0.000004 0.005942 0.994053
0.973561 0.026396 0.000042
0.000022 0.045500 0.954477
0.000408 0.399882 0.599710
0.996966 0.003034 0.000000
0.099913 0.865811 0.034276
0.000214 0.948494 0.051292
0.000000 0.000091 0.999909
0.042415 0.886827 0.070758
0.000084 0.698518 0.301398
0.397274 0.602352 0.000374
0.003358 0.986319 0.010324
0.999977 0.000023 0.000000
0.113669 0.885328 0.001002
0.000002 0.086723 0.913275
0.895091 0.104900 0.000009
0.817579 0.182377 0.000044
0.002597 0.064179 0.933224
0.102563 0.896812 0.000625
0.643376 0.330012 0.026612
0.001606 0.741983 0.256411
0.660624 0.339349 0.000027
0.000000 0.019465 0.980535
0.024540 0.969390 0.006071
0.346776 0.648903 0.004321
0.003781 0.987340 0.008879
0.009227 0.975074 0.015699
0.018667 0.948439 0.032895
0.145084 0.854900 0.000016
0.998322 0.001677 0.000000
0.011652 0.820903 0.167445
0.004543 0.168668 0.826789
0.000000 0.000037 0.999963
0.000000 0.011575 0.988425
0.424737 0.574426 0.000837
0.132506 0.867219 0.000275
0.102480 0.892659 0.004861
0.348941 0.648691 0.002368
0.965504 0.034109 0.000387
0.353849 0.644321 0.001830
0.332603 0.663655 0.003742
0.000524 0.976304 0.023172
0.199051 0.738618 0.062332
0.015109 0.354909 0.629981
0.321610 0.677829 0.000561
0.323615 0.676220 0.000165
0.000004 0.264201 0.735795
0.276664 0.712384 0.010952
0.016943 0.981499 0.001557
0.122856 0.866278 0.010865
0.961682 0.038205 0.000113
0.042536 0.944076 0.013388
0.999707 0.000293 0.000000
0.003014 0.127305 0.869681
0.749163 0.250790 0.000047
0.000032 0.622953 0.377015
0.000000 0.008558 0.991442
0.711250 0.287405 0.001345
0.017827 0.885010 0.097163
0.972414 0.027586 0.000000
0.043883 0.949834 0.006283
0.000866 0.976678 0.022456
0.031537 0.961760 0.006703
0.998973 0.001027 0.000000
0.249369 0.745443 0.005188
0.000592 0.986845 0.012562
0.000717 0.876095 0.123188
0.857077 0.142900 0.000023
0.000377 0.980121 0.019501
0.510603 0.489384 0.000013
0.001031 0.871689 0.127280
0.009943 0.971903 0.018154
0.006308 0.990778 0.002915
0.512856 0.487141 0.000003
0.250310 0.738505 0.011185
0.351377 0.646590 0.002034
0.000008 0.111998 0.887995
0.025969 0.849959 0.124072
0.000042 0.817075 0.182883
0.005459 0.876769 0.117773
0.197867 0.801756 0.000377
0.000081 0.853307 0.146612
0.970247 0.029749 0.000004
0.756718 0.243105 0.000177
0.174429 0.825484 0.000086
0.191863 0.485729 0.322408
0.302437 0.692707 0.004856
0.036705 0.823281 0.140014
0.088354 0.901458 0.010187
0.000889 0.891849 0.107261
0.143894 0.854181 0.001925
0.809760 0.190225 0.000015
0.181728 0.766861 0.051412
0.067670 0.892675 0.039655
0.000225 0.296946 0.702829
0.227202 0.770962 0.001835
0.553731 0.446089 0.000180
0.000019 0.322902 0.677079
0.025519 0.972377 0.002104
0.093694 0.894917 0.011388
0.090081 0.908074 0.001845
0.104289 0.893669 0.002042
0.041619 0.957850 0.000531
0.118491 0.868664 0.012845
0.500572 0.499192 0.000236
0.000012 0.022145 0.977843
0.000532 0.959907 0.039561
0.000213 0.940229 0.059558
0.048495 0.932701 0.018804
0.223337 0.771876 0.004787
0.545945 0.453986 0.000068
0.984751 0.015249 0.000000
0.000935 0.812973 0.186092
0.345406 0.653892 0.000702
0.387166 0.612281 0.000553
0.000012 0.011514 0.988474
0.102726 0.843335 0.053939
0.979450 0.020549 0.000000
0.001475 0.367794 0.630732
0.789936 0.209958 0.000106
0.316890 0.678046 0.005064
0.488188 0.511744 0.000068
0.029530 0.966031 0.004439
0.050085 0.948971 0.000944
0.084546 0.844597 0.070856
0.202258 0.761276 0.036466
0.142541 0.857074 0.000385
0.000209 0.910913 0.088878
0.049620 0.946803 0.003576
0.999909 0.000091 0.000000
0.053959 0.940145 0.005896
0.086032 0.815922 0.098046
0.004194 0.985272 0.010534
0.000002 0.136397 0.863601
0.303845 0.691442 0.004712
0.000000 0.026091 0.973909
0.985736 0.014264 0.000000
0.239782 0.759976 0.000242
0.006292 0.900339 0.093368
0.184758 0.677869 0.137373
0.368487 0.631279 0.000234
0.000054 0.352639 0.647307
0.004096 0.912452 0.083452
0.002810 0.994617 0.002573
0.997004 0.002994 0.000002
0.024835 0.970553 0.004612
0.000052 0.104820 0.895128
0.014680 0.833957 0.151363
0.481574 0.517780 0.000646
0.078367 0.919179 0.002454
0.824004 0.152964 0.023032
0.002248 0.574295 0.423457
0.851204 0.148776 0.000020
0.267382 0.722036 0.010582
0.999991 0.000009 0.000000
0.989392 0.010608 0.000000
0.989605 0.010381 0.000014
0.044827 0.951487 0.003686
0.000713 0.981313 0.017974
0.007396 0.748255 0.244349
0.953399 0.046600 0.000002
0.850306 0.141024 0.008670
0.000619 0.730598 0.268783
0.000056 0.277254 0.722690
0.059179 0.930886 0.009935
0.959690 0.040306 0.000004
0.593805 0.406074 0.000122
0.099153 0.893189 0.007658
0.027230 0.850439 0.122331
0.984200 0.015800 0.000000
0.956574 0.043418 0.000008
0.044249 0.951407 0.004344
0.146870 0.846850 0.006280
0.997990 0.002010 0.000000
0.000607 0.538498 0.460895
0.995527 0.004473 0.000000
0.001656 0.896124 0.102221
0.010651 0.922935 0.066414
0.347039 0.652957 0.000005
0.000618 0.936840 0.062541
0.109307 0.799359 0.091334
0.438448 0.561192 0.000361
0.212276 0.786110 0.001614
0.043239 0.954250 0.002511
0.201666 0.798309 0.000025
0.146661 0.846154 0.007186
0.000719 0.923611 0.075669
0.300381 0.698246 0.001372
0.000147 0.518944 0.480909
0.996773 0.003227 0.000000
0.981517 0.018349 0.000134
0.000000 0.003107 0.996893
0.017296 0.970234 0.012471
0.000294 0.285257 0.714449
0.045678 0.910468 0.043854
0.005822 0.563363 0.430816
0.990425 0.009574 0.000001
0.071722 0.926279 0.001999
0.023152 0.859384 0.117464
0.000029 0.270006 0.729965
0.413597 0.585992 0.000411
0.035097 0.896704 0.068200
0.023876 0.855579 0.120545
0.000000 0.072762 0.927238
0.001724 0.993607 0.004669
0.067329 0.915834 0.016837
0.249644 0.750260 0.000096
0.104746 0.895043 0.000211
0.421078 0.578881 0.000040
0.445540 0.554458 0.000002
0.000000 0.017485 0.982515
0.004208 0.683088 0.312704
0.017768 0.961742 0.020489
0.989800 0.010156 0.000044
0.961480 0.038520 0.000000
0.969202 0.030797 0.000001
0.307221 0.680187 0.012591
0.287613 0.684531 0.027856
0.587754 0.412192 0.000054
0.006547 0.760153 0.233299
0.023309 0.442014 0.534677
0.008034 0.975202 0.016764
0.263347 0.726788 0.009866
0.301911 0.505282 0.192807
0.007821 0.574325 0.417854
0.146688 0.853070 0.000242
0.999492 0.000508 0.000000
0.000255 0.168092 0.831653
0.343876 0.653782 0.002342
0.030256 0.965642 0.004102
0.001184 0.916783 0.082033
0.003808 0.567026 0.429166
0.023624 0.967811 0.008565
0.085653 0.890315 0.024031
0.865910 0.134071 0.000020
0.082825 0.733940 0.183235
0.054220 0.945571 0.000209
0.000000 0.077197 0.922803
0.004937 0.882736 0.112327
0.078670 0.884466 0.036864
0.953361 0.046639 0.000000
0.117467 0.872329 0.010203
0.017619 0.878517 0.103864
0.181323 0.817982 0.000695
0.882677 0.117319 0.000003
0.009450 0.876846 0.113704
0.010348 0.722140 0.267512
0.125320 0.866134 0.008546
0.204499 0.795491 0.000011
0.976714 0.023286 0.000000
0.117264 0.879653 0.003083
0.000039 0.821871 0.178090
0.284789 0.713332 0.001880
0.114952 0.876557 0.008492
0.000106 0.759285 0.240609
0.996366 0.003632 0.000002
0.002657 0.974624 0.022720
0.143023 0.822666 0.034311
0.969529 0.030470 0.000001
0.296854 0.699198 0.003948
0.138722 0.844687 0.016592
0.000372 0.316576 0.683052
0.000000 0.001983 0.998017
0.155742 0.843659 0.000599
0.006364 0.913404 0.080232
0.424163 0.575667 0.000170
0.000290 0.671996 0.327714
0.991475 0.008525 0.000000
0.317608 0.680702 0.001690
0.008487 0.987266 0.004247
0.365800 0.633164 0.001035
0.265619 0.733091 0.001290
0.092493 0.894715 0.012792
0.000014 0.003806 0.996180
0.063836 0.891730 0.044434
0.003697 0.388963 0.607340
0.029179 0.803298 0.167523
0.999982 0.000018 0.000000
0.002231 0.872254 0.125515
0.214395 0.785207 0.000398
0.103536 0.743751 0.152713
0.000395 0.972911 0.026695
0.614264 0.385310 0.000426
0.192584 0.806956 0.000459
0.001506 0.540039 0.458454
0.017856 0.644471 0.337673
0.851163 0.141148 0.007689
0.963462 0.036201 0.000337
0.017150 0.711121 0.271729
0.000066 0.518896 0.481037
0.439697 0.559869 0.000434
0.374249 0.625283 0.000468
0.016568 0.971803 0.011629
0.106571 0.891637 0.001792
0.032381 0.967108 0.000511
0.738342 0.260833 0.000825
0.885219 0.114735 0.000046
0.005207 0.963959 0.030834
0.462529 0.536666 0.000805
0.066948 0.860266 0.072786
0.920549 0.079442 0.000009
0.716298 0.283448 0.000254
0.268350 0.728645 0.003004
0.775304 0.223192 0.001504
0.284854 0.714758 0.000388
0.098488 0.855796 0.045716
0.206824 0.774049 0.019127
0.002237 0.984258 0.013505
0.176568 0.822533 0.000899
0.052098 0.946915 0.000986
0.026442 0.775019 0.198540
0.791518 0.208441 0.000042
0.856979 0.143001 0.000020
0.010684 0.527565 0.461751
0.000174 0.436833 0.562993
0.000218 0.850695 0.149086
0.278902 0.717466 0.003633
0.714227 0.285333 0.000440
0.373618 0.625819 0.000563
0.644005 0.355990 0.000005
0.585328 0.413866 0.000806
0.000046 0.877113 0.122841
0.999546 0.000454 0.000000
0.001689 0.937486 0.060825
0.006827 0.964200 0.028973
0.102627 0.891087 0.006286
0.042909 0.414264 0.542826
0.119008 0.879336 0.001656
0.999944 0.000056 0.000000
0.164294 0.828471 0.007234
0.000507 0.200444 0.799049
0.869637 0.129316 0.001047
0.214880 0.781860 0.003259
0.129539 0.870362 0.000099
0.990892 0.009108 0.000000
0.739062 0.260930 0.000007
0.000949 0.318959 0.680092
0.984659 0.015340 0.000001
0.996508 0.003492 0.000000
0.987925 0.012074 0.000001
0.000158 0.927341 0.072501
0.538036 0.461734 0.000230
0.982115 0.017882 0.000003
0.000769 0.897083 0.102148
0.027620 0.759896 0.212484
0.782430 0.217570 0.000000
0.258767 0.736042 0.005190
0.998735 0.001265 0.000000
0.011698 0.987989 0.000313
0.427683 0.572058 0.000259
0.097699 0.877065 0.025236
0.992885 0.007115 0.000000
0.016111 0.971123 0.012765
0.997856 0.002144 0.000000
0.000466 0.974555 0.024979
0.004632 0.974979 0.020388
0.246090 0.752047 0.001863
0.666183 0.333688 0.000129
0.001565 0.490158 0.508277
0.003677 0.659120 0.337203
0.037598 0.953882 0.008520
0.181054 0.789011 0.029935
0.626068 0.353876 0.020056
0.001490 0.494517 0.503993
0.308345 0.684357 0.007298
0.945315 0.054680 0.000005
0.359175 0.639609 0.001216
0.427633 0.571150 0.001217
0.024416 0.384542 0.591042
0.008801 0.956496 0.034702
0.014138 0.956928 0.028934
0.014834 0.384257 0.600909
0.986829 0.013147 0.000024
0.227283 0.767453 0.005264
0.063755 0.904038 0.032207
0.010207 0.989012 0.000781
0.004053 0.870743 0.125203
0.080479 0.903892 0.015629
0.995217 0.004783 0.000000
0.000208 0.022364 0.977428
0.953187 0.046812 0.000000
0.886343 0.113655 0.000002
0.000011 0.051055 0.948934
0.251946 0.732850 0.015204
0.092277 0.898538 0.009185
0.067044 0.102644 0.830313
0.006912 0.949779 0.043309
0.605379 0.394472 0.000150
0.725852 0.273807 0.000341
0.000026 0.170657 0.829317
0.001471 0.731010 0.267519
0.253393 0.736246 0.010361
0.588635 0.411355 0.000010
0.069723 0.928038 0.002238
0.001034 0.982932 0.016035
0.204674 0.772594 0.022732
0.133816 0.864653 0.001531
0.056403 0.900107 0.043490
0.179969 0.786729 0.033302
0.019832 0.958352 0.021816
0.001963 0.977309 0.020728
0.025627 0.918845 0.055528
0.093449 0.895359 0.011192
0.000823 0.427568 0.571608
0.000000 0.004604 0.995396
0.001421 0.821611 0.176968
0.040199 0.849099 0.110702
0.052486 0.946101 0.001414
0.148534 0.851211 0.000255
0.030102 0.947414 0.022485
0.100953 0.892915 0.006133
0.060309 0.936079 0.003612
0.358963 0.638553 0.002484
0.989363 0.010629 0.000008
0.102924 0.889271 0.007804
0.073515 0.923806 0.002678
0.278083 0.717715 0.004201
0.000122 0.131296 0.868582
0.282927 0.716094 0.000979
0.959431 0.040081 0.000488
0.044818 0.930056 0.025125
0.029548 0.962111 0.008341
0.007083 0.966495 0.026422
0.001174 0.989374 0.009452
0.171071 0.827632 0.001297
0.000087 0.366523 0.633389
0.364478 0.634021 0.001501
0.283182 0.707481 0.009337
0.144684 0.853884 0.001432
0.020237 0.978360 0.001403
0.063685 0.888507 0.047808
0.959535 0.040464 0.000001
0.059425 0.937572 0.003002
0.286139 0.710545 0.003315
0.041915 0.956308 0.001777
0.995373 0.004627 0.000000
0.291109 0.704629 0.004262
0.007737 0.847000 0.145263
0.223216 0.774769 0.002015
0.084884 0.913678 0.001437
0.001606 0.927093 0.071301
0.060145 0.895428 0.044427
0.000314 0.518702 0.480984
0.501507 0.498192 0.000300
0.003375 0.914754 0.081871
0.000000 0.005028 0.994972
0.048733 0.945511 0.005757
0.169325 0.800827 0.029847
0.003260 0.475816 0.520924
0.009776 0.983056 0.007168
0.000000 0.030460 0.969539
0.000014 0.319720 0.680266
0.006813 0.842123 0.151064
0.109288 0.882139 0.008574
0.003813 0.991423 0.004765
0.999279 0.000721 0.000000
0.047403 0.948547 0.004049
0.300040 0.699919 0.000042
0.001791 0.997850 0.000360
0.922838 0.077160 0.000002
0.025820 0.846520 0.127660
0.435033 0.564934 0.000033
0.020784 0.944637 0.034579
0.641693 0.358303 0.000004
0.104846 0.890914 0.004240
0.008326 0.967350 0.024324
0.302611 0.694800 0.002589
0.024885 0.974261 0.000854
0.003481 0.907247 0.089272
0.999284 0.000716 0.000000
0.025440 0.956270 0.018291
0.004395 0.995095 0.000510
0.035956 0.935171 0.028873
0.000000 0.006123 0.993876
0.192020 0.778219 0.029761
0.095325 0.889457 0.015218
0.173463 0.826459 0.000077
0.162539 0.814115 0.023346
0.949421 0.050579 0.000000
0.163115 0.836615 0.000270
0.352695 0.646750 0.000555
0.000235 0.332944 0.666820
0.999932 0.000068 0.000000
0.993174 0.006777 0.000049
0.452166 0.547796 0.000038
0.410828 0.588746 0.000426
0.183136 0.814085 0.002780
0.190428 0.807882 0.001689
0.986641 0.013359 0.000000
0.924318 0.075095 0.000586
0.007908 0.980690 0.011402
0.997166 0.002834 0.000000
0.023643 0.947887 0.028470
0.999973 0.000027 0.000000
0.924685 0.075315 0.000000
0.006761 0.990836 0.002403
0.993253 0.006745 0.000003
0.024484 0.973119 0.002397
0.000993 0.949322 0.049685
0.982009 0.017990 0.000001
0.262196 0.737383 0.000421
0.009523 0.967928 0.022549
0.000254 0.204047 0.795699
0.797140 0.158964 0.043896
0.096224 0.901541 0.002234
0.959218 0.040696 0.000086
0.820499 0.179472 0.000028
0.999981 0.000019 0.000000
0.123112 0.860913 0.015975
0.179262 0.797117 0.023621
0.998371 0.001629 0.000000
0.985860 0.014139 0.000001
0.079514 0.919826 0.000661
0.198451 0.788526 0.013023
0.072289 0.898185 0.029526
0.004230 0.947487 0.048282
0.142930 0.855469 0.001601
0.023189 0.967713 0.009098
0.003789 0.490582 0.505629
0.990438 0.009562 0.000000
0.121013 0.859508 0.019480
0.000241 0.180323 0.819435
0.000181 0.963370 0.036449
0.050828 0.884883 0.064289
0.046794 0.941814 0.011392
0.012056 0.636060 0.351884
0.812289 0.187385 0.000326
0.246587 0.750599 0.002814
0.069398 0.889328 0.041273
0.081939 0.909123 0.008938
0.993656 0.006344 0.000000
0.018176 0.840624 0.141200
0.767162 0.232837 0.000001
0.329749 0.670228 0.000023
0.987587 0.012413 0.000000
0.031851 0.951710 0.016440
0.194118 0.804896 0.000986
0.000317 0.584912 0.414771
0.404611 0.595124 0.000265
0.011181 0.987641 0.001177
0.289680 0.709680 0.000640
0.011524 0.648074 0.340402
0.000018 0.055628 0.944354
0.061467 0.887749 0.050784
0.106137 0.874223 0.019639
0.042918 0.872081 0.085001
0.815136 0.184769 0.000095
0.942578 0.057287 0.000135
0.050888 0.944532 0.004581
0.003703 0.937339 0.058958
0.587329 0.412647 0.000023
0.146124 0.846237 0.007640
0.123546 0.875571 0.000883
0.063917 0.834857 0.101226
0.000000 0.000234 0.999766
0.782993 0.160875 0.056132
0.774907 0.225050 0.000042
0.002508 0.646428 0.351064
0.019705 0.740610 0.239685
0.270843 0.718259 0.010899
0.996307 0.003693 0.000000
0.943982 0.055739 0.000279
0.040192 0.716768 0.243040
0.029531 0.824940 0.145529
0.007464 0.979938 0.012597
0.337058 0.659297 0.003644
0.925630 0.074370 0.000001
0.999963 0.000037 0.000000
0.296975 0.700032 0.002993
0.193876 0.795517 0.010607
0.000003 0.142535 0.857462
0.419235 0.580761 0.000004
0.016898 0.624419 0.358682
0.115671 0.876266 0.008063
0.014991 0.945700 0.039309
0.992220 0.007780 0.000000
0.001085 0.700793 0.298122
0.000000 0.000584 0.999415
0.000233 0.949774 0.049993
0.091807 0.906428 0.001765
0.022008 0.961389 0.016603
0.000001 0.127764 0.872235
0.011469 0.964318 0.024213
0.084610 0.914387 0.001003
0.013096 0.969015 0.017889
0.075946 0.885584 0.038469
0.016739 0.982154 0.001107
0.005582 0.983656 0.010762
0.976680 0.023320 0.000000
0.000364 0.098540 0.901096
0.000000 0.000324 0.999676
0.005506 0.611001 0.383493
0.025786 0.897463 0.076751
0.000000 0.005556 0.994443
0.448899 0.550795 0.000306
0.116321 0.881248 0.002431
0.232797 0.755991 0.011212
0.019234 0.885402 0.095364
0.086395 0.897114 0.016491
0.096190 0.898341 0.005469
0.115722 0.611927 0.272351
0.050022 0.800018 0.149960
0.095524 0.900408 0.004068
0.014815 0.971298 0.013887
0.327364 0.672051 0.000585
0.238688 0.748429 0.012883
0.987099 0.012890 0.000012
0.074085 0.881643 0.044272
0.677553 0.322355 0.000092
0.203832 0.794876 0.001292
0.132834 0.866632 0.000534
0.108118 0.889495 0.002386
0.000229 0.659594 0.340177
0.003363 0.624819 0.371818
0.937939 0.062053 0.000009
0.000373 0.813016 0.186611
0.963717 0.036233 0.000049
0.091020 0.899818 0.009162
0.389698 0.609242 0.001060
0.000109 0.588199 0.411692
0.863909 0.135900 0.000190
0.912503 0.087489 0.000008
0.000001 0.002148 0.997851
0.387535 0.610433 0.002032
0.000494 0.463566 0.535940
0.823257 0.176044 0.000699
0.012728 0.955693 0.031579
0.019447 0.820794 0.159758
0.999652 0.000348 0.000000
0.001495 0.607465 0.391040
0.859618 0.140382 0.000000
0.002913 0.923841 0.073246
0.993108 0.006890 0.000002
0.023757 0.805320 0.170923
0.008874 0.975235 0.015891
0.991867 0.008130 0.000004
0.000014 0.102132 0.897854
0.005620 0.968883 0.025497
0.029073 0.970775 0.000152
0.569760 0.430231 0.000009
0.733930 0.265439 0.000631
0.110355 0.884984 0.004661
0.621638 0.378193 0.000170
0.002013 0.540409 0.457578
0.099632 0.862824 0.037544
0.034422 0.963715 0.001863
0.000000 0.012533 0.987467
0.204785 0.790798 0.004417
0.022158 0.873478 0.104364
0.043880 0.278303 0.677817
0.000044 0.924782 0.075174
0.351936 0.645901 0.002163
0.529525 0.470209 0.000266
0.036036 0.519702 0.444262
0.000791 0.087757 0.911453
0.808705 0.191071 0.000223
0.011448 0.949164 0.039387
0.126815 0.866665 0.006520
0.009159 0.971045 0.019796
0.005693 0.743977 0.250330
0.990620 0.009380 0.000000
0.005253 0.765351 0.229396
0.004008 0.922749 0.073243
0.540375 0.459587 0.000038
0.071385 0.928415 0.000200
0.268009 0.731789 0.000202
0.124705 0.872305 0.002990
0.999928 0.000072 0.000000
0.003205 0.932368 0.064427
0.825278 0.147777 0.026945
0.150089 0.809106 0.040806
0.667811 0.332069 0.000120
0.871241 0.128757 0.000002
0.000003 0.183244 0.816753
0.992541 0.007459 0.000000
0.000001 0.036688 0.963311
0.999861 0.000139 0.000000
0.377795 0.621512 0.000692
0.970726 0.029273 0.000001
0.682770 0.317127 0.000103
0.000002 0.062101 0.937897
0.047701 0.945475 0.006824
0.418251 0.581645 0.000104
0.590495 0.409240 0.000265
0.151319 0.846594 0.002087
0.068487 0.931245 0.000269
0.000000 0.002329 0.997671
0.001144 0.882387 0.116469
0.000003 0.057733 0.942264
0.005032 0.896557 0.098411
0.007923 0.593242 0.398835
0.743209 0.256718 0.000073
0.029065 0.962369 0.008566
0.303602 0.695171 0.001227
0.000018 0.278181 0.721800
0.928509 0.071491 0.000001
0.037560 0.806129 0.156311
0.668845 0.331084 0.000072
0.137471 0.862521 0.000008
0.996150 0.003850 0.000000
0.078199 0.921308 0.000492
0.000218 0.805149 0.194633
0.000042 0.114401 0.885557
0.875812 0.124186 0.000002
0.026057 0.932063 0.041879
0.954110 0.045052 0.000838
0.085276 0.868245 0.046479
0.005015 0.819879 0.175106
0.297423 0.700480 0.002098
0.011625 0.979993 0.008382
0.407050 0.591164 0.001786
0.000156 0.713726 0.286117
0.994201 0.005799 0.000000
0.003088 0.938980 0.057932
0.012585 0.932595 0.054820
0.090310 0.833413 0.076277
0.001036 0.988896 0.010068
0.000002 0.038705 0.961293
0.124945 0.874827 0.000228
0.995083 0.004917 0.000000
0.005666 0.988372 0.005962
0.333738 0.662727 0.003535
0.002064 0.935355 0.062581
0.999513 0.000487 0.000000
0.221552 0.763138 0.015310
0.503825 0.495446 0.000729
0.988361 0.011638 0.000000
0.097946 0.887518 0.014536
0.016957 0.895671 0.087373
0.000765 0.494870 0.504365
0.600423 0.399576 0.000001
0.148209 0.851207 0.000584
0.998001 0.001996 0.000003
0.002874 0.984127 0.012999
0.996810 0.003189 0.000001
0.000091 0.923058 0.076851
0.000098 0.899383 0.100519
0.477300 0.457312 0.065388
0.000000 0.001080 0.998920
0.306197 0.692472 0.001331
0.118695 0.877642 0.003664
0.386765 0.613219 0.000016
0.010849 0.880182 0.108969
0.095050 0.904746 0.000204
0.483996 0.515720 0.000284
0.170701 0.829244 0.000055
0.171576 0.821255 0.007169
0.952265 0.047733 0.000003
0.024395 0.888275 0.087331
0.355731 0.642778 0.001491
0.664164 0.335808 0.000028
0.002639 0.993853 0.003507
0.918471 0.081528 0.000001
0.003818 0.782018 0.214164
0.126618 0.869214 0.004168
0.311027 0.688203 0.000770
0.014848 0.944965 0.040186
0.454028 0.545865 0.000107
0.000532 0.439484 0.559985
0.305778 0.687996 0.006226
0.031868 0.900960 0.067172
0.129134 0.870612 0.000253
0.999995 0.000005 0.000000
0.088706 0.894753 0.016541
0.000002 0.038637 0.961361
0.801152 0.198844 0.000004
0.912793 0.087204 0.000003
0.366412 0.632583 0.001004
0.000089 0.314839 0.685071
0.041290 0.922782 0.035928
0.000590 0.712855 0.286555
0.263664 0.735980 0.000356
0.060509 0.939176 0.000315
0.003884 0.713502 0.282614
0.052575 0.934862 0.012563
0.000751 0.770273 0.228977
0.000639 0.785820 0.213541
0.523234 0.473186 0.003581
0.510106 0.489892 0.000003
0.838951 0.146394 0.014655
0.111078 0.885161 0.003762
0.859811 0.140176 0.000013
0.000112 0.491270 0.508619
0.015786 0.793171 0.191043
0.000000 0.000383 0.999617
0.309164 0.684866 0.005970
0.957471 0.042529 0.000000
0.360671 0.639306 0.000023
0.006506 0.989102 0.004392
0.111987 0.887192 0.000821
0.248652 0.751317 0.000031
0.028913 0.963339 0.007748
0.004337 0.966329 0.029334
0.942404 0.057585 0.000010
0.604279 0.325982 0.069739
0.291512 0.700668 0.007819
0.274771 0.719969 0.005260
0.016839 0.969319 0.013842
0.212129 0.785974 0.001897
0.999773 0.000227 0.000000
0.000000 0.020112 0.979888
0.009094 0.933757 0.057149
0.274179 0.720783 0.005038
0.377846 0.619356 0.002799
0.998357 0.001643 0.000000
0.000487 0.807937 0.191576
0.004805 0.991787 0.003407
0.000791 0.660979 0.338230
0.986761 0.013166 0.000073
0.071269 0.925864 0.002867
0.028527 0.965205 0.006268
0.029201 0.944039 0.026760
0.962232 0.037767 0.000001
0.014642 0.815564 0.169794
0.653239 0.346643 0.000117
0.000139 0.933657 0.066204
0.000358 0.966878 0.032764
0.000000 0.000176 0.999824
0.000000 0.011515 0.988485
0.143008 0.855922 0.001070
0.072519 0.926116 0.001364
0.997591 0.002409 0.000000
0.974759 0.025239 0.000001
0.016076 0.982883 0.001041
0.001657 0.946179 0.052164
0.004488 0.559249 0.436263
0.324570 0.670467 0.004963
0.362081 0.637621 0.000298
0.001197 0.920811 0.077992
0.047679 0.923089 0.029232
0.029388 0.965149 0.005464
0.137447 0.860593 0.001960
0.987600 0.012400 0.000000
0.139574 0.856604 0.003823
0.704169 0.292391 0.003439
0.001796 0.404670 0.593534
0.011145 0.822196 0.166659
0.250142 0.740941 0.008917
0.201272 0.757298 0.041430
0.007670 0.808322 0.184008
0.999944 0.000056 0.000000
0.010771 0.969936 0.019293
0.000003 0.051800 0.948197
0.019785 0.943638 0.036577
0.002693 0.687216 0.310090
0.855278 0.144692 0.000030
0.000000 0.000389 0.999611
0.000758 0.798208 0.201034
0.265340 0.733573 0.001087
0.106700 0.892517 0.000782
0.135642 0.860830 0.003527
0.003986 0.741418 0.254596
0.173825 0.824723 0.001452
0.039807 0.734581 0.225612
0.039971 0.953476 0.006552
0.000003 0.010869 0.989129
0.083992 0.915989 0.000019
0.999925 0.000075 0.000000
0.000176 0.624829 0.374995
0.217979 0.710597 0.071423
0.802012 0.197987 0.000001
0.822326 0.177629 0.000045
0.002365 0.673281 0.324354
0.938721 0.061274 0.000005
0.027619 0.959244 0.013137
0.153593 0.729201 0.117206
0.963856 0.036142 0.000002
0.036674 0.898074 0.065252
0.000248 0.966437 0.033314
0.010938 0.963806 0.025256
0.039523 0.850879 0.109599
0.000065 0.868706 0.131229
0.021648 0.971509 0.006843
0.071135 0.859262 0.069603
0.359972 0.638783 0.001245
0.001572 0.988907 0.009521
0.051595 0.879103 0.069302
0.955044 0.044955 0.000000
0.080461 0.869919 0.049620
0.707840 0.292139 0.000021
0.001768 0.961805 0.036427
0.474782 0.523854 0.001364
0.455376 0.457619 0.087004
0.120563 0.878645 0.000792
0.000348 0.382898 0.616754
0.014633 0.983013 0.002354
0.030451 0.944685 0.024865
0.289884 0.709538 0.000579
0.001802 0.146527 0.851671
0.000035 0.302137 0.697829
0.379950 0.619656 0.000394
0.708101 0.291897 0.000002
0.000000 0.000617 0.999383
0.000197 0.955294 0.044509
0.786550 0.157744 0.055706
0.997591 0.002409 0.000000
0.447640 0.443324 0.109035
0.001556 0.793864 0.204580
0.265535 0.730240 0.004224
0.418446 0.581536 0.000017
0.768612 0.226078 0.005310
0.703775 0.296127 0.000097
0.948540 0.051448 0.000012
0.107629 0.891258 0.001114
0.122889 0.811462 0.065648
0.859156 0.140778 0.000066
0.075996 0.922639 0.001365
0.000228 0.179157 0.820615
0.040371 0.955734 0.003895
0.092328 0.878620 0.029051
0.166451 0.832085 0.001464
0.698733 0.301252 0.000014
0.326615 0.670436 0.002949
0.892907 0.106842 0.000251
0.006773 0.628403 0.364824
0.000079 0.911368 0.088553
0.998699 0.001300 0.000001
0.002029 0.974297 0.023674
0.997723 0.002272 0.000005
0.986295 0.013705 0.000000
0.000009 0.349400 0.650591
0.563165 0.393495 0.043339
0.146317 0.818528 0.035155
0.231041 0.767455 0.001503
0.759988 0.239947 0.000065
0.173370 0.825569 0.001061
0.010115 0.198204 0.791680
0.008799 0.516563 0.474638
0.190437 0.809541 0.000022
0.399659 0.600327 0.000013
0.133846 0.865324 0.000831
0.057100 0.940065 0.002834
0.000314 0.910951 0.088735
0.510197 0.489781 0.000023
0.350804 0.648739 0.000457
0.573960 0.425903 0.000137
0.997602 0.002398 0.000000
0.194701 0.804920 0.000379
0.028829 0.857854 0.113318
0.203530 0.795448 0.001023
0.071905 0.920788 0.007307
0.000532 0.495720 0.503749
0.031054 0.961932 0.007013
0.004256 0.945990 0.049753
0.999721 0.000279 0.000000
0.010726 0.950488 0.038785
0.083152 0.914638 0.002210
0.000097 0.159577 0.840326
0.008212 0.963072 0.028716
0.068993 0.919451 0.011556
0.125162 0.799945 0.074893
0.005796 0.838206 0.155998
0.125616 0.874369 0.000015
0.032639 0.873825 0.093537
0.269944 0.721277 0.008779
0.731944 0.265994 0.002062
0.629253 0.370572 0.000176
0.348022 0.649543 0.002436
0.481994 0.517944 0.000062
0.078458 0.914814 0.006729
0.062214 0.934880 0.002906
0.155187 0.762077 0.082736
0.020526 0.630139 0.349335
0.252437 0.746791 0.000773
0.999893 0.000107 0.000000
0.710363 0.283496 0.006141
0.357320 0.642653 0.000027
0.340988 0.656218 0.002794
0.233514 0.763406 0.003080
0.396004 0.599520 0.004476
0.549699 0.449978 0.000323
0.090990 0.900911 0.008098
0.667889 0.332110 0.000000
0.000000 0.018725 0.981275
0.013664 0.967216 0.019120
0.003118 0.797126 0.199756
0.115878 0.834659 0.049462
0.000531 0.544916 0.454553
0.002895 0.623325 0.373780
0.292282 0.707657 0.000061
0.963059 0.036941 0.000000
0.000191 0.274752 0.725057
0.979945 0.019795 0.000260
0.115105 0.871794 0.013101
0.024199 0.974526 0.001275
0.198271 0.799988 0.001742
0.085224 0.899470 0.015306
0.971926 0.028074 0.000000
0.412293 0.587562 0.000145
0.001515 0.792855 0.205630
0.029302 0.913818 0.056879
0.035999 0.884157 0.079844
0.977024 0.022975 0.000001
0.182437 0.197577 0.619986
0.000002 0.021684 0.978314
0.021445 0.977318 0.001237
0.001632 0.904697 0.093671
0.044640 0.539174 0.416187
0.000003 0.003276 0.996721
0.000017 0.390247 0.609736
0.129569 0.867418 0.003013
0.067738 0.927188 0.005074
0.999478 0.000522 0.000000
0.000346 0.972085 0.027570
0.999995 0.000005 0.000000
0.314307 0.679939 0.005754
0.004267 0.539898 0.455835
0.004217 0.913351 0.082432
0.191555 0.808368 0.000077
0.030927 0.720841 0.248232
0.995864 0.004135 0.000000
0.309461 0.683918 0.006621
0.806957 0.193034 0.000009
0.156559 0.841431 0.002010
0.110727 0.881433 0.007840
0.000002 0.044614 0.955383
0.000017 0.004967 0.995016
0.080686 0.916848 0.002466
0.497195 0.502757 0.000049
0.002069 0.986969 0.010963
0.179681 0.813877 0.006442
0.043200 0.476072 0.480728
0.423958 0.575984 0.000058
0.249766 0.733195 0.017039
0.059911 0.893101 0.046987
0.154415 0.822365 0.023220
0.999956 0.000044 0.000000
0.250510 0.749205 0.000284
0.026722 0.758017 0.215261
0.000747 0.990349 0.008904
0.962149 0.037851 0.000000
0.056240 0.852391 0.091369
0.000205 0.957879 0.041916
0.092661 0.898608 0.008731
0.000768 0.956234 0.042998
0.000203 0.123882 0.875915
0.003688 0.942742 0.053570
0.000081 0.189181 0.810738
0.061135 0.935382 0.003483
0.093823 0.896281 0.009896
0.073651 0.922650 0.003699
0.025027 0.559201 0.415772
0.000000 0.000342 0.999658
0.014514 0.775668 0.209819
0.024729 0.843616 0.131655
0.369275 0.630040 0.000684
0.923364 0.076635 0.000001
0.005256 0.993341 0.001404
0.000189 0.720678 0.279134
0.000000 0.040050 0.959950
0.796929 0.203028 0.000043
0.079186 0.890672 0.030142
0.999798 0.000202 0.000000
0.007983 0.988418 0.003599
0.510849 0.488834 0.000316
0.035924 0.961776 0.002299
0.999986 0.000014 0.000000
0.047592 0.940311 0.012097
0.018869 0.968137 0.012994
0.010917 0.833119 0.155964
0.148170 0.800735 0.051095
0.996474 0.003525 0.000001
0.949182 0.050817 0.000001
0.884048 0.115947 0.000005
0.000000 0.000252 0.999748
0.669607 0.330292 0.000101
0.826208 0.171293 0.002499
0.999839 0.000161 0.000000
0.161837 0.749938 0.088225
0.154430 0.845027 0.000543
0.015283 0.971167 0.013550
0.000002 0.055413 0.944585
0.011266 0.715491 0.273243
0.198596 0.693376 0.108027
0.000007 0.203426 0.796567
0.996119 0.003881 0.000000
0.179153 0.820645 0.000202
0.000000 0.128530 0.871470
0.000002 0.306675 0.693324
0.997535 0.002465 0.000000
0.015637 0.926965 0.057398
0.286418 0.703353 0.010228
0.000410 0.483689 0.515900
0.033262 0.941063 0.025675
0.433731 0.566193 0.000076
0.137952 0.854217 0.007830
0.381996 0.617658 0.000345
0.358641 0.641213 0.000147
0.000000 0.022910 0.977090
0.000793 0.876372 0.122835
0.989053 0.010947 0.000000
0.169958 0.828404 0.001639
0.178296 0.820184 0.001519
0.000001 0.086669 0.913330
0.190454 0.808933 0.000613
0.329979 0.666332 0.003689
0.933589 0.064773 0.001638
0.287562 0.702958 0.009480
0.031403 0.942183 0.026413
0.406335 0.593402 0.000263
0.971836 0.028132 0.000032
0.025776 0.965012 0.009212
0.063873 0.898462 0.037665
0.999952 0.000048 0.000000
0.005052 0.991961 0.002988
0.065607 0.922032 0.012361
0.219655 0.779654 0.000691
0.005878 0.627313 0.366810
0.912878 0.087113 0.000010
0.000001 0.021371 0.978628
0.045146 0.924418 0.030435
0.198069 0.801081 0.000850
0.090508 0.907605 0.001887
0.226994 0.772133 0.000873
0.276536 0.702310 0.021154
0.103545 0.896206 0.000249
0.992819 0.007181 0.000000
0.074604 0.920822 0.004574
0.880898 0.119087 0.000015
0.012937 0.933812 0.053251
0.254215 0.745226 0.000558
0.029897 0.940930 0.029173
0.105161 0.893216 0.001623
0.202644 0.771567 0.025789
0.060698 0.931607 0.007695
0.643576 0.302838 0.053586
0.029355 0.916464 0.054182
0.449718 0.549247 0.001035
0.000098 0.721148 0.278753
0.000199 0.045681 0.954121
0.000047 0.082940 0.917014
0.181114 0.189235 0.629651
0.000427 0.882560 0.117013
0.000269 0.997436 0.002295
0.027870 0.875113 0.097016
0.000000 0.006012 0.993988
0.984792 0.015208 0.000001
0.018212 0.931762 0.050026
0.231481 0.766524 0.001994
0.001616 0.718231 0.280153
0.129068 0.861335 0.009597
0.348668 0.651309 0.000022
0.178891 0.820785 0.000324
0.000000 0.081021 0.918978
0.006967 0.818764 0.174269
0.003210 0.451637 0.545153
0.008341 0.834959 0.156700
0.016254 0.968637 0.015110
0.019484 0.975111 0.005405
0.000005 0.029542 0.970453
0.161092 0.837374 0.001535
0.995146 0.004849 0.000005
0.000154 0.351605 0.648241
0.008727 0.726911 0.264362
0.052354 0.940384 0.007262
0.218886 0.780580 0.000534
0.000002 0.100931 0.899068
0.000500 0.726563 0.272937
0.790685 0.209249 0.000066
0.096198 0.899075 0.004728
0.007038 0.903063 0.089899
0.021358 0.969631 0.009011
0.251150 0.707953 0.040897
0.356547 0.641459 0.001994
0.090793 0.903894 0.005313
0.980170 0.019830 0.000000
0.122949 0.863752 0.013300
0.138570 0.858577 0.002853
0.951268 0.048717 0.000015
0.250975 0.748110 0.000915
0.040717 0.753971 0.205312
0.129077 0.870895 0.000028
0.000451 0.472694 0.526855
0.000002 0.090406 0.909592
0.005487 0.990525 0.003988
0.016332 0.816384 0.167284
0.001306 0.871565 0.127129
0.995169 0.004831 0.000000
0.000009 0.321783 0.678208
0.216124 0.780353 0.003522
0.062091 0.904506 0.033404
0.999912 0.000088 0.000000
0.426146 0.573742 0.000112
0.049196 0.924576 0.026228
0.002912 0.963828 0.033260
0.376155 0.623387 0.000458
0.011039 0.972365 0.016595
0.000050 0.624552 0.375398
0.095118 0.759964 0.144919
0.000031 0.345690 0.654280
0.070030 0.927337 0.002633
0.081554 0.901145 0.017301
0.000343 0.654509 0.345149
0.990884 0.009116 0.000000
0.000000 0.074209 0.925791
0.001039 0.987804 0.011157
0.000052 0.438267 0.561681
0.167028 0.830970 0.002002
0.220908 0.726300 0.052793
0.145537 0.847950 0.006514
0.947528 0.052459 0.000014
0.052619 0.942201 0.005181
0.440250 0.559572 0.000178
0.049908 0.911224 0.038868
0.999920 0.000080 0.000000
0.998668 0.001332 0.000000
0.987774 0.012226 0.000000
0.446399 0.553217 0.000384
0.112492 0.886774 0.000735
0.005254 0.946354 0.048392
0.000036 0.664703 0.335261
0.003918 0.799678 0.196404
0.000000 0.024257 0.975743
0.027325 0.956236 0.016439
0.993805 0.006170 0.000025
0.022542 0.975107 0.002351
0.312485 0.687037 0.000478
0.032780 0.948552 0.018669
0.377917 0.621379 0.000704
0.099027 0.858863 0.042110
0.008713 0.989081 0.002206
0.031739 0.958219 0.010042
0.063132 0.881141 0.055727
0.996108 0.003892 0.000000
0.999636 0.000364 0.000000
0.979986 0.020014 0.000000
0.000075 0.082662 0.917263
0.000066 0.039858 0.960077
0.000056 0.023420 0.976524
0.981516 0.018484 0.000000
0.156548 0.810477 0.032975
0.314824 0.684674 0.000502
0.013509 0.967243 0.019248
0.994150 0.005849 0.000000
0.230702 0.766928 0.002369
0.122394 0.865738 0.011868
0.854158 0.145049 0.000793
0.999355 0.000645 0.000000
0.010320 0.975269 0.014410
0.105187 0.891292 0.003521
0.996683 0.003316 0.000000
0.000066 0.423052 0.576882
0.205333 0.776226 0.018441
0.006165 0.719884 0.273952
0.986031 0.013888 0.000081
0.186015 0.680395 0.133590
0.668171 0.325234 0.006595
0.000127 0.842687 0.157186
0.457787 0.542160 0.000053
0.045411 0.953664 0.000925
0.002944 0.992950 0.004105
0.200410 0.798399 0.001191
0.330433 0.669107 0.000460
0.031024 0.888732 0.080244
0.033993 0.859378 0.106629
0.414730 0.585224 0.000046
0.050139 0.786486 0.163375
0.023128 0.847228 0.129644
0.348316 0.570847 0.080837
0.424233 0.575704 0.000063
0.062099 0.934765 0.003136
0.348998 0.647779 0.003224
0.000605 0.237227 0.762168
0.145155 0.851633 0.003212
0.089665 0.898852 0.011483
0.967058 0.032550 0.000391
0.973391 0.026607 0.000001
0.247219 0.751413 0.001369
0.203537 0.796458 0.000005
0.027476 0.938322 0.034202
0.049453 0.950343 0.000204
0.066840 0.921566 0.011594
0.152650 0.846664 0.000685
0.991752 0.008248 0.000000
0.635401 0.363955 0.000644
0.517723 0.481773 0.000504
0.000062 0.286237 0.713701
0.155573 0.844382 0.000046
0.080332 0.823449 0.096219
0.986938 0.013062 0.000000
0.009011 0.988688 0.002302
0.000000 0.004912 0.995088
0.135347 0.860144 0.004510
0.025139 0.950608 0.024253
0.026277 0.734028 0.239695
0.002277 0.817614 0.180110
0.999336 0.000664 0.000000
0.030014 0.962414 0.007572
0.240768 0.758388 0.000845
0.113360 0.881353 0.005286
0.003821 0.591895 0.404285
0.115952 0.879606 0.004442
0.000000 0.046404 0.953596
0.000111 0.707673 0.292216
0.988739 0.011078 0.000183
0.457489 0.542508 0.000003
0.112526 0.853155 0.034319
0.002467 0.925256 0.072277
0.382454 0.615920 0.001626
0.014682 0.677956 0.307362
