0.000193 0.978322 0.020022 0.000258 0.001187 0.000019
0.005942 0.635934 0.321604 0.003475 0.029176 0.003868
0.872251 0.007695 0.108135 0.006643 0.004924 0.000353
0.756619 0.083365 0.107667 0.050123 0.002047 0.000178
0.000268 0.973071 0.025868 0.000352 0.000392 0.000049
0.000170 0.980519 0.017478 0.000237 0.001574 0.000021
0.166045 0.175484 -0.000000 0.636690 0.011296 0.010484
0.850739 0.009883 0.124972 0.005973 0.008374 0.000059
0.000023 0.995193 0.000399 0.000121 0.004211 0.000054
0.002766 0.020437 0.097305 0.877596 0.001837 0.000059
0.007432 0.000000 0.002569 0.004220 0.154736 0.831043
0.197555 0.138352 0.000000 0.660239 0.000600 0.003254
0.958846 0.011948 0.022719 0.001370 0.004512 0.000604
0.942236 0.018614 0.034361 0.001081 0.003656 0.000052
0.000503 0.030668 0.007954 0.891228 0.024272 0.045375
0.709708 0.067882 0.162591 0.003795 0.056000 0.000023
0.000523 0.035909 0.009808 0.890053 0.022209 0.041498
0.039516 0.273807 0.510394 0.108122 0.059940 0.008222
0.000208 0.977168 0.021327 0.000274 0.001001 0.000022
0.133998 0.054071 0.582384 0.181519 0.003216 0.044811
0.014132 0.000000 0.015685 0.006432 0.151527 0.812224
0.000245 0.975062 0.023595 0.000327 0.000725 0.000046
0.002931 0.023775 0.118209 0.854141 0.000911 0.000032
0.753005 0.046289 0.175556 0.018331 0.001487 0.005333
0.246891 0.143084 0.078667 0.371276 0.028727 0.131355
0.002909 0.031824 0.129840 0.831290 0.004126 0.000011
0.951980 0.014777 0.029768 0.001184 0.002023 0.000269
0.041038 0.348498 0.188889 0.038041 0.366628 0.016907
0.000727 0.088942 0.028215 0.876242 0.003129 0.002744
0.974288 0.005587 0.006861 0.001790 0.010118 0.001356
0.000669 0.303645 0.062446 0.016983 0.543489 0.072768
0.000626 0.974358 0.020075 0.001186 0.003022 0.000733
0.039500 0.002841 0.866844 0.000971 0.089100 0.000744
0.000262 0.973863 0.024927 0.000349 0.000545 0.000054
0.387122 0.003952 0.480996 0.006632 0.102663 0.018636
0.002134 0.000000 0.002246 0.002024 0.774177 0.219419
0.000240 0.975181 0.023492 0.000319 0.000726 0.000041
0.927288 0.024225 0.032945 0.001177 0.014243 0.000122
0.000269 0.972056 0.027161 0.000338 0.000147 0.000029
0.000223 0.976345 0.022206 0.000296 0.000897 0.000033
0.967211 0.008502 0.014127 0.001598 0.007551 0.001011
0.000626 0.061923 0.019013 0.884234 0.011957 0.022246
0.288266 0.518960 0.088692 0.036741 0.058947 0.008395
0.605252 0.250689 0.101633 0.011420 0.023862 0.007145
0.046780 0.890938 0.021586 0.032931 0.006738 0.001026
0.006316 0.000000 0.000385 0.003852 0.155286 0.834161
0.093571 0.809990 0.045360 0.050050 0.000364 0.000665
0.511362 0.344531 0.091889 0.000664 0.050424 0.001130
0.103712 0.787084 0.041573 0.063054 0.001462 0.003116
0.208276 0.039599 0.261475 0.350135 0.009398 0.131117
0.000245 0.973276 0.025878 0.000301 0.000290 0.000010
0.000269 0.972125 0.027069 0.000340 0.000166 0.000031
0.000037 0.993750 0.002079 0.000132 0.003951 0.000051
0.000230 0.975979 0.022595 0.000307 0.000852 0.000038
0.000237 0.974202 0.024790 0.000296 0.000462 0.000014
0.727479 0.059040 0.000717 0.021704 0.146729 0.044331
0.000214 0.000999 0.074175 0.071304 0.846205 0.007103
0.011498 0.000000 0.010530 0.005562 0.152832 0.819577
0.731842 0.061522 0.153044 0.004081 0.049455 0.000056
0.000065 0.990956 0.005333 0.000154 0.003448 0.000044
0.000328 0.972588 0.025798 0.000480 0.000658 0.000148
0.008428 0.004545 0.837178 0.105794 0.037841 0.006214
0.816333 0.014275 0.144912 0.020945 0.003491 0.000044
0.000214 0.976736 0.021806 0.000282 0.000937 0.000025
0.919385 0.004443 0.055079 0.009106 0.010710 0.001277
0.000195 0.978038 0.020356 0.000259 0.001134 0.000017
0.952749 0.014442 0.028430 0.001221 0.002825 0.000333
0.006588 0.657633 0.328054 0.006423 0.000232 0.001070
0.007959 0.082299 0.045185 0.824402 0.025223 0.014932
0.610125 0.143205 0.000568 0.003292 0.241107 0.001704
0.242366 0.496094 0.254545 0.006702 0.000000 0.000293
0.000022 0.995332 0.000237 0.000119 0.004236 0.000054
0.641781 0.142823 0.188837 0.011898 0.014239 0.000422
0.000390 0.128353 0.013404 0.710564 0.134017 0.013272
0.318453 0.416363 0.081593 0.073897 0.106259 0.003435
0.851825 0.081733 0.023005 0.001453 0.029777 0.012208
0.956232 0.013022 0.025317 0.001302 0.003646 0.000481
0.588880 0.276391 0.115178 0.010041 0.007354 0.002155
0.180442 0.592412 0.124001 0.092348 0.005648 0.005149
0.868305 0.007749 0.114862 0.006296 0.002552 0.000236
0.000702 0.974881 0.018528 0.001366 0.003640 0.000883
0.000259 0.972438 0.026793 0.000320 0.000173 0.000018
0.689220 0.075577 0.132400 0.087104 0.009740 0.005959
0.257766 0.006054 0.537669 0.003767 0.192555 0.002188
0.003369 0.000335 0.093512 0.226732 0.392868 0.283184
0.023266 0.000000 0.954296 0.011285 0.009730 0.001423
0.000218 0.975871 0.022868 0.000278 0.000750 0.000014
0.649132 0.224268 0.124484 0.000654 0.001241 0.000220
0.000537 0.039437 0.011063 0.889299 0.020786 0.038878
0.000059 0.991565 0.004623 0.000149 0.003558 0.000046
0.000707 0.083311 0.026350 0.878198 0.004698 0.006736
0.559718 0.007032 0.394317 0.030910 0.006062 0.001961
0.275644 0.005693 0.581631 0.003841 0.131477 0.001715
0.554032 0.150204 0.228050 0.054469 0.012453 0.000793
0.011834 0.000000 0.011187 0.005673 0.152663 0.818643
0.856422 0.008912 0.124642 0.005896 0.004063 0.000066
0.006149 0.000000 0.000058 0.003797 0.155368 0.834627
0.003189 0.228106 0.636381 0.027349 0.089198 0.015777
0.000154 0.982099 0.015636 0.000225 0.001860 0.000025
0.458594 0.117011 0.376337 0.027793 0.018892 0.001374
0.781079 0.018249 0.135769 0.022095 0.042652 0.000156
0.000232 0.974276 0.024745 0.000287 0.000452 0.000007
0.720942 0.064735 0.160944 0.003875 0.049472 0.000032
0.000174 0.980000 0.018090 0.000240 0.001477 0.000019
0.133513 0.000946 0.005056 0.070445 0.549899 0.240142
0.064753 0.046754 0.727148 0.000000 0.132906 0.028440
0.000294 0.973054 0.025591 0.000410 0.000555 0.000096
0.000267 0.140869 0.007772 0.652880 0.180315 0.017896
0.032805 0.023687 0.797685 0.016126 0.129268 0.000430
0.000175 0.979941 0.018159 0.000241 0.001466 0.000019
0.020461 0.000000 0.028077 0.008522 0.148488 0.794452
0.000273 0.972205 0.026918 0.000350 0.000213 0.000041
0.006831 0.000000 0.001393 0.004022 0.155032 0.832721
0.000042 0.000682 0.007756 0.031243 0.952605 0.007673
0.000044 0.993094 0.002842 0.000137 0.003833 0.000049
0.000596 0.054593 0.016327 0.885375 0.015312 0.027797
0.305467 0.111068 0.526071 0.006377 0.051010 0.000007
0.000262 0.971987 0.027330 0.000321 0.000086 0.000015
0.000392 0.001333 0.143683 0.112380 0.736135 0.006078
0.004815 0.004359 0.882810 0.004418 0.091272 0.012326
0.010741 0.000000 0.009048 0.005312 0.153185 0.821714
0.000418 0.009423 0.000442 0.896003 0.032622 0.061091
0.033411 0.003692 0.732067 0.000938 0.229018 0.000874
0.685730 0.074337 0.155763 0.003837 0.080304 0.000029
0.000359 0.972626 0.025392 0.000551 0.000867 0.000206
0.000134 0.984134 0.013271 0.000209 0.002224 0.000029
0.265310 0.258379 0.236310 0.101034 0.134894 0.004073
0.696618 0.069205 0.214157 0.015299 0.003304 0.001417
0.024804 0.003476 0.010269 0.015232 0.924883 0.021336
0.000214 0.977064 0.021387 0.000287 0.001017 0.000032
0.334945 0.205444 0.292197 0.113013 0.049916 0.004485
0.002986 0.026666 0.128181 0.840896 0.001252 0.000018
0.928608 0.023725 0.032944 0.001172 0.013428 0.000122
0.958576 0.012059 0.022978 0.001363 0.004432 0.000591
0.159130 0.075284 0.192747 0.006814 0.565699 0.000325
0.000058 0.991676 0.004493 0.000148 0.003578 0.000046
0.127392 0.444334 0.013463 0.006179 0.402221 0.006411
0.326672 0.384364 0.278423 0.009311 0.000000 0.001229
0.932646 0.022189 0.032683 0.001166 0.011183 0.000133
0.000303 0.973707 0.024654 0.000440 0.000771 0.000126
0.144297 0.006628 0.077187 0.049209 0.701500 0.021180
0.239710 0.108417 0.532675 0.114275 0.004923 0.000000
0.000074 0.990057 0.006379 0.000161 0.003287 0.000042
0.334867 0.017915 0.635918 0.005167 0.005757 0.000377
0.000223 0.976303 0.022252 0.000297 0.000891 0.000033
0.003098 0.000000 0.004100 0.002344 0.771647 0.218811
0.062919 0.863438 0.030487 0.038107 0.004345 0.000704
0.665210 0.212700 0.117575 0.000711 0.002735 0.001069
0.000248 0.973120 0.026041 0.000306 0.000272 0.000013
0.004172 0.000000 0.197262 0.787124 0.002589 0.008853
0.852838 0.025812 0.063853 0.006402 0.050769 0.000326
0.000147 0.982879 0.014727 0.000220 0.002001 0.000027
0.644211 0.143161 0.183678 0.012280 0.015968 0.000702
0.037529 0.002942 0.857140 0.000912 0.101034 0.000443
0.000180 0.979702 0.018408 0.000248 0.001439 0.000023
0.107912 0.174764 0.633867 0.049089 0.023237 0.011132
0.949909 0.015617 0.031504 0.001139 0.001644 0.000187
0.205070 0.000000 0.694208 0.014656 0.065190 0.020875
0.024299 0.000000 0.927433 0.007574 0.040693 0.000001
0.000456 0.121148 0.016377 0.742295 0.108742 0.010982
0.000028 0.994688 0.000987 0.000125 0.004120 0.000053
0.146149 0.695626 0.033057 0.109850 0.004024 0.011295
0.000592 0.106080 0.022405 0.807637 0.056835 0.006451
0.000274 0.972214 0.026897 0.000352 0.000220 0.000042
0.402138 0.349162 0.078199 0.008175 0.159701 0.002625
0.000208 0.147043 0.005095 0.624979 0.202636 0.020038
0.000643 0.100655 0.024751 0.832119 0.037253 0.004578
0.927677 0.024078 0.032943 0.001176 0.014004 0.000122
0.138255 0.662669 0.138512 0.057545 0.002657 0.000363
0.000314 0.972527 0.026038 0.000447 0.000553 0.000121
0.020652 0.000000 0.028801 0.008569 0.170029 0.771950
0.317249 0.514549 0.043478 0.000691 0.121398 0.002634
0.000130 0.984483 0.012860 0.000207 0.002289 0.000031
0.801014 0.071604 0.020326 0.002011 0.104306 0.000739
0.000257 0.974415 0.024280 0.000346 0.000647 0.000056
0.001119 0.000000 0.000295 0.001687 0.776825 0.220073
0.022094 0.000000 0.943870 0.006362 0.027674 0.000000
0.733704 0.000955 0.237926 0.002648 0.023606 0.001163
0.000220 0.976502 0.022035 0.000293 0.000919 0.000031
0.025653 0.000000 0.038236 0.010236 0.145781 0.780094
0.000224 0.000369 0.005175 0.036407 0.922342 0.035484
0.008599 0.000000 0.004854 0.004605 0.154162 0.827779
0.008476 0.000000 0.014433 0.004128 0.757116 0.215848
0.003793 0.000000 0.004930 0.760141 0.041650 0.189486
0.000590 0.052867 0.015806 0.886246 0.015539 0.028952
0.000029 0.994616 0.001071 0.000125 0.004107 0.000053
0.235190 0.150695 0.269083 0.276405 0.002459 0.066168
0.000286 0.972016 0.027018 0.000375 0.000246 0.000059
0.123906 0.014624 -0.000000 0.745048 0.006309 0.110113
0.000289 0.972828 0.025940 0.000395 0.000466 0.000082
0.000000 0.072342 0.756081 0.115753 0.004686 0.051138
0.000181 0.979432 0.018738 0.000247 0.001382 0.000020
0.006191 0.000000 0.947279 0.044571 0.000005 0.001954
0.007508 0.003003 0.000378 0.010389 0.956687 0.022034
0.432222 0.079118 0.454520 0.002252 0.030495 0.001393
0.850329 0.026588 0.067091 0.006326 0.049350 0.000317
0.542274 0.268199 0.105704 0.028103 0.046800 0.008921
0.000091 0.988362 0.008350 0.000175 0.002983 0.000039
0.017877 0.000000 0.023032 0.007668 0.150659 0.800763
0.037807 0.002886 0.866694 0.000909 0.091302 0.000403
0.172169 0.007233 0.091204 0.057719 0.645259 0.026416
0.000671 0.073343 0.023025 0.881528 0.007599 0.013834
0.425999 0.419238 0.070857 0.000675 0.081462 0.001769
0.000458 0.019492 0.004005 0.893755 0.028651 0.053639
0.101263 0.178236 0.662717 0.042615 0.012508 0.002661
0.000187 0.979208 0.018961 0.000256 0.001363 0.000025
0.023148 0.000000 0.962163 0.006649 0.008039 0.000000
0.008778 0.004307 0.854221 0.109895 0.012931 0.009868
0.581266 0.280226 0.114423 0.009910 0.012226 0.001949
0.301179 0.113723 0.524284 0.006303 0.054504 0.000006
0.011900 0.003123 0.002890 0.011619 0.948610 0.021857
0.000335 0.972547 0.025768 0.000495 0.000694 0.000160
0.034427 0.000000 0.055438 0.013131 0.143040 0.753963
0.006239 0.000000 0.000234 0.003826 0.155324 0.834376
0.976440 0.004700 0.004652 0.001849 0.010899 0.001460
0.279062 0.000000 0.370465 0.005735 0.342697 0.002041
0.727117 0.109814 0.101256 0.053763 0.007659 0.000392
0.929201 0.023507 0.033121 0.001165 0.012893 0.000113
0.000182 0.979538 0.018586 0.000252 0.001417 0.000025
0.008953 0.000000 0.015317 0.004287 0.753785 0.217658
0.000182 0.979514 0.018622 0.000250 0.001408 0.000023
0.000190 0.978888 0.019333 0.000259 0.001306 0.000025
0.000274 0.971938 0.027256 0.000347 0.000150 0.000036
0.000617 0.095570 0.022591 0.831284 0.041098 0.008840
0.000564 0.048602 0.013730 0.884111 0.020103 0.032889
0.006761 0.755970 0.207049 0.003356 0.023645 0.003219
0.442789 0.335171 0.087856 0.008465 0.123678 0.002041
0.072063 0.000000 0.807737 0.050367 0.028595 0.041238
0.000208 0.977598 0.020774 0.000281 0.001107 0.000031
0.944269 0.017864 0.034950 0.001056 0.001837 0.000024
0.521720 0.009190 0.365058 0.031607 0.069661 0.002764
0.035646 0.003769 0.016423 0.018285 0.904830 0.021047
0.091205 0.814263 0.044457 0.048873 0.000603 0.000599
0.008881 0.955388 0.000473 0.020998 0.012416 0.001844
0.029345 0.000000 0.045482 0.011454 0.145025 0.768694
0.000111 0.986395 0.010640 0.000190 0.002629 0.000034
0.750760 0.046708 0.177868 0.018134 0.001420 0.005111
0.000439 0.014601 0.002274 0.894847 0.030580 0.057259
0.002483 0.000704 0.149530 0.133398 0.685334 0.028550
0.221558 0.108311 -0.000000 0.622577 0.002876 0.044679
0.000046 0.992850 0.003127 0.000139 0.003789 0.000049
0.000255 0.972661 0.026546 0.000315 0.000206 0.000016
0.861347 0.008125 0.123786 0.005865 0.000796 0.000081
0.000258 0.972419 0.026822 0.000318 0.000166 0.000017
0.000034 0.000668 0.004693 0.029416 0.957480 0.007710
0.303368 0.058055 0.438589 0.008228 0.191620 0.000140
0.023828 0.000000 0.962663 0.010923 0.001154 0.001431
0.691767 0.108269 0.182890 0.012957 0.002863 0.001253
0.031593 0.916780 0.013151 0.028123 0.009006 0.001347
0.344053 0.017289 0.628316 0.005435 0.003812 0.001094
0.029836 0.004353 0.621640 0.000963 0.341941 0.001267
0.000308 0.972177 0.026555 0.000428 0.000429 0.000103
0.036528 0.004451 0.799311 0.138409 0.016596 0.004706
0.575322 0.121206 0.252659 0.049942 0.000739 0.000132
0.056315 0.179585 0.587392 0.093743 0.076930 0.006035
0.000218 0.976691 0.021823 0.000290 0.000948 0.000031
0.000183 0.979434 0.018713 0.000252 0.001395 0.000023
0.837684 0.029580 0.089766 0.025625 0.003763 0.013581
0.551174 0.200309 0.203227 0.036776 0.003432 0.005082
0.081216 0.076724 0.716476 0.107982 0.007104 0.010498
0.949194 0.015896 0.031769 0.001134 0.001833 0.000175
0.563677 0.298677 0.105079 0.000656 0.031199 0.000712
0.600830 0.110225 0.227480 0.057837 0.002256 0.001371
0.000043 0.993232 0.002682 0.000136 0.003858 0.000049
0.000101 0.987424 0.009440 0.000183 0.002816 0.000037
0.006520 0.000000 0.918010 0.068064 0.000120 0.007286
0.007690 0.024374 0.402017 0.057642 0.121102 0.387176
0.070980 0.849260 0.034195 0.041459 0.003354 0.000751
0.585732 0.264708 0.103339 0.010822 0.029875 0.005524
0.723378 0.001049 0.231186 0.002724 0.040001 0.001662
0.049066 0.002356 0.912893 0.001257 0.032213 0.002215
0.535423 0.166801 0.226665 0.053522 0.016965 0.000623
0.035951 0.909382 0.015603 0.029471 0.008347 0.001246
0.000637 0.094545 0.023624 0.839128 0.034395 0.007672
0.735983 0.000956 0.229216 0.002753 0.028950 0.002142
0.212986 0.055693 0.050539 0.328034 0.004381 0.348367
0.254550 0.006119 0.529913 0.003753 0.203400 0.002265
0.000151 0.982447 0.015233 0.000222 0.001922 0.000026
0.000581 0.050480 0.014971 0.886835 0.016429 0.030704
0.000800 0.000146 0.980817 0.001750 0.016327 0.000160
0.930780 0.022903 0.032927 0.001165 0.012102 0.000122
0.528529 0.008695 0.379626 0.030680 0.050764 0.001707
0.840488 0.012201 0.119632 0.006478 0.021051 0.000149
0.736789 0.000916 0.244870 0.002566 0.014373 0.000487
0.172798 0.000000 0.705749 0.022573 0.096750 0.002129
0.628585 0.151861 0.174299 0.020159 0.021047 0.004048
0.003661 0.003815 0.052213 0.038186 0.069059 0.833065
0.006973 0.004272 0.968711 0.005325 0.007969 0.006750
0.772206 0.071169 0.104183 0.051562 0.000460 0.000419
0.696216 0.066357 0.219163 0.014811 0.002466 0.000987
0.173151 0.165243 -0.000000 0.643242 0.008712 0.009652
0.000147 0.982781 0.014849 0.000219 0.001979 0.000026
0.000037 0.993757 0.002071 0.000132 0.003952 0.000051
0.106692 0.781756 0.042800 0.064442 0.001135 0.003174
0.496137 0.211606 0.201277 0.056997 0.032883 0.001100
0.000182 0.979395 0.018778 0.000248 0.001377 0.000020
0.011365 0.000000 0.010269 0.005519 0.152800 0.820047
0.006191 0.624295 0.305633 0.003876 0.047120 0.012884
0.000174 0.150589 0.003537 0.608844 0.215560 0.021296
0.000581 0.050516 0.014943 0.886602 0.016624 0.030734
0.002259 0.632677 0.108475 0.001981 0.245599 0.009010
0.000196 0.978439 0.019842 0.000265 0.001232 0.000026
0.000160 0.981445 0.016403 0.000229 0.001739 0.000023
0.000727 0.091720 0.028561 0.872144 0.005279 0.001569
0.277595 0.413841 0.301671 0.006808 0.000000 0.000085
0.000278 0.973645 0.025021 0.000382 0.000595 0.000079
0.000236 0.976100 0.022371 0.000322 0.000920 0.000051
0.764055 0.020162 0.130982 0.022704 0.061880 0.000218
0.048960 0.216194 0.577344 0.129723 0.009572 0.018207
0.000720 0.092860 0.028241 0.867946 0.008510 0.001723
0.000105 0.157662 0.000397 0.576478 0.241506 0.023851
0.631815 0.239426 0.120207 0.000656 0.007545 0.000351
0.550706 0.007981 0.350000 0.034287 0.051217 0.005809
0.023252 0.000000 0.961160 0.006709 0.008879 0.000000
0.965766 0.009097 0.015613 0.001559 0.007024 0.000941
0.070782 0.849611 0.034106 0.041374 0.003378 0.000749
0.002214 0.007103 0.023643 0.962734 0.004151 0.000154
0.000038 0.993662 0.002181 0.000133 0.003935 0.000050
0.673746 0.077560 0.152230 0.003860 0.092572 0.000032
0.000298 0.972189 0.026648 0.000407 0.000371 0.000086
0.000607 0.088477 0.021115 0.838512 0.038627 0.012662
0.000567 0.109923 0.021445 0.794120 0.067134 0.006810
0.002656 0.017354 0.081933 0.895838 0.002139 0.000079
0.044325 0.012815 0.905027 0.019452 0.017440 0.000940
0.248401 0.245449 0.494328 0.011562 0.000002 0.000258
0.000000 0.013788 0.006452 0.000000 0.974255 0.005505
0.000257 0.972270 0.027022 0.000314 0.000124 0.000012
0.862288 0.022894 0.051828 0.006687 0.055943 0.000359
0.948857 0.015982 0.030470 0.001174 0.003281 0.000236
0.391020 0.352787 0.075383 0.008109 0.169865 0.002837
0.648349 0.136844 0.191526 0.011802 0.011119 0.000360
0.027152 0.000000 0.049530 0.010359 0.658282 0.254678
0.956490 0.012908 0.024795 0.001316 0.003986 0.000505
0.002992 0.000000 0.010362 0.652991 0.268910 0.064745
0.000212 0.977211 0.021227 0.000284 0.001037 0.000030
0.001026 0.000000 0.000116 0.001656 0.777067 0.220135
0.012695 0.948906 0.002607 0.022189 0.011842 0.001759
0.019084 0.003319 0.006990 0.013634 0.935381 0.021592
0.099329 0.182673 0.652957 0.042067 0.020530 0.002444
0.820576 0.013742 0.142267 0.021336 0.001967 0.000112
0.000671 0.074127 0.023117 0.880341 0.008234 0.013510
0.001051 0.936154 0.059736 0.001857 0.000965 0.000236
0.021940 0.000000 0.039964 0.008610 0.699835 0.229651
0.577198 0.180430 0.190328 0.040613 0.003116 0.008315
0.470612 0.000000 0.335982 0.011174 0.164870 0.017363
0.000000 0.093858 0.815151 0.075140 0.007103 0.008748
0.000048 0.992644 0.003366 0.000141 0.003752 0.000048
0.856344 0.050850 0.026031 0.001640 0.064675 0.000460
0.551857 0.149259 0.234524 0.052741 0.011092 0.000527
0.199513 0.509004 0.238596 0.023886 0.021114 0.007888
0.000037 0.993814 0.002004 0.000131 0.003963 0.000051
0.000211 0.146730 0.005233 0.626409 0.201490 0.019926
0.694127 0.065670 0.223007 0.014461 0.002099 0.000636
0.707230 0.068510 0.160339 0.003831 0.060063 0.000027
0.000023 0.995156 0.000442 0.000121 0.004204 0.000054
0.956631 0.012858 0.024917 0.001312 0.003783 0.000499
0.042074 0.301647 -0.000000 0.557280 0.051551 0.047449
0.101437 0.793211 0.044070 0.058424 0.000759 0.002100
0.006673 0.623800 0.331125 0.004095 0.021368 0.012940
0.666585 0.079487 0.150197 0.003872 0.099824 0.000034
0.209119 0.034730 0.729708 0.011862 0.008582 0.005998
0.045611 0.242218 0.520244 0.128781 0.041386 0.021760
0.611222 0.094314 0.131412 0.004030 0.158968 0.000055
0.913218 0.029512 0.031757 0.001264 0.024070 0.000180
0.000803 0.000168 0.968766 0.001851 0.028178 0.000234
0.669007 0.096889 0.207191 0.016364 0.008848 0.001701
0.705194 0.069055 0.159654 0.003837 0.062232 0.000028
0.000710 0.082982 0.026458 0.879493 0.003687 0.006670
0.648537 0.084302 0.143320 0.003939 0.119860 0.000043
0.731583 0.092832 0.148999 0.015774 0.007462 0.003351
0.000027 0.994766 0.000896 0.000124 0.004134 0.000053
0.006037 0.000000 0.009733 0.003319 0.762828 0.218083
0.000428 0.011838 0.001296 0.895464 0.031670 0.059304
0.000264 0.972170 0.027067 0.000329 0.000146 0.000023
0.962836 0.010303 0.018586 0.001480 0.005995 0.000800
0.257829 0.261799 0.465504 0.013203 0.000026 0.001638
0.203317 0.093028 0.186760 0.265025 0.001185 0.250685
0.001844 0.197944 0.006865 0.485696 0.297532 0.010118
0.004990 0.003839 0.925574 0.004322 0.052484 0.008791
0.011021 0.684507 0.275589 0.005568 0.007903 0.015412
0.259960 0.000000 0.406616 0.152044 0.001207 0.180174
0.000168 0.980731 0.017226 0.000237 0.001616 0.000023
0.000000 0.043088 0.882928 0.000000 0.064899 0.009085
0.946600 0.016857 0.031131 0.001162 0.004045 0.000205
0.969681 0.007485 0.011593 0.001665 0.008445 0.001131
0.452433 0.059090 0.484759 0.002117 0.001080 0.000520
0.089723 0.816655 0.043417 0.048629 0.000885 0.000692
0.515700 0.188590 0.215542 0.054871 0.024495 0.000802
0.033976 0.018537 0.862479 0.014679 0.070089 0.000240
0.000186 0.978808 0.019474 0.000250 0.001264 0.000017
0.000175 0.979931 0.018170 0.000241 0.001465 0.000019
0.131909 0.027691 -0.000000 0.736083 0.005654 0.098663
0.701090 0.187694 0.098631 0.000858 0.008448 0.003279
0.580164 0.282342 0.115671 0.009793 0.010518 0.001512
0.004412 0.000000 0.006618 0.002780 0.767690 0.218500
0.101493 0.183078 0.230643 0.068009 0.398382 0.018396
0.000048 0.992703 0.003298 0.000140 0.003763 0.000048
0.000203 0.978265 0.019981 0.000279 0.001237 0.000036
0.000218 0.977659 0.020582 0.000304 0.001186 0.000051
0.257275 0.044125 0.405702 0.006759 0.281633 0.004506
0.951948 0.014755 0.028725 0.001215 0.003039 0.000319
0.000581 0.054310 0.015417 0.881016 0.019551 0.029125
0.456372 0.059740 0.477071 0.002189 0.003499 0.001129
0.075515 0.841181 0.036112 0.043522 0.002844 0.000826
0.086363 0.000000 0.159985 0.030150 0.294581 0.428921
0.800933 0.041731 0.125740 0.004923 0.026521 0.000153
0.704410 0.001206 0.226381 0.002773 0.063461 0.001769
0.000022 0.995279 0.000298 0.000120 0.004226 0.000054
0.000526 0.036563 0.010040 0.889908 0.021951 0.041014
0.000186 0.979152 0.019036 0.000255 0.001347 0.000024
0.000727 0.091810 0.028570 0.871999 0.005360 0.001533
0.352910 0.079075 0.553817 0.007073 0.007110 0.000014
0.253363 0.076144 0.071113 0.357077 0.003188 0.239115
0.000261 0.972274 0.026974 0.000323 0.000149 0.000019
0.179674 0.000000 0.722526 0.023236 0.072091 0.002473
0.051587 0.835231 0.041960 0.037989 0.031686 0.001547
0.000647 0.080718 0.022513 0.862846 0.020591 0.012686
0.000789 0.000181 0.961786 0.001853 0.035173 0.000218
0.726815 0.032135 0.164733 0.005565 0.040216 0.030535
0.180400 0.019301 0.000000 0.771842 0.005621 0.022837
0.850751 0.010641 0.117004 0.006464 0.014943 0.000196
0.000057 0.991798 0.004351 0.000147 0.003600 0.000046
0.042351 0.253197 0.550272 0.110620 0.036548 0.007012
0.011527 0.032937 0.680416 0.076257 0.021707 0.177155
0.000669 0.099111 0.026077 0.842675 0.028330 0.003137
0.000080 0.989449 0.007087 0.000166 0.003177 0.000041
0.948424 0.016190 0.031831 0.001134 0.002249 0.000172
0.176102 0.599648 0.125457 0.088783 0.005350 0.004660
0.000239 0.974355 0.024569 0.000303 0.000513 0.000021
0.691591 0.072784 0.158426 0.003806 0.073367 0.000025
0.642447 0.055205 0.035154 0.015073 0.250545 0.001577
0.000237 0.974138 0.024863 0.000297 0.000451 0.000014
0.039219 0.004115 0.727205 0.165587 0.043727 0.020147
0.000584 0.107376 0.022120 0.803289 0.060111 0.006519
0.608696 0.259732 0.114198 0.000661 0.016163 0.000551
0.876200 0.007173 0.106301 0.006688 0.003252 0.000385
0.002643 0.000000 0.003225 0.002193 0.772821 0.219117
0.586201 0.279797 0.116699 0.009866 0.005890 0.001547
0.135833 0.669474 0.126938 0.060647 0.005939 0.001170
0.000042 0.993258 0.002652 0.000136 0.003863 0.000049
0.000198 0.978166 0.020164 0.000266 0.001181 0.000024
0.000240 0.974651 0.024176 0.000310 0.000594 0.000029
0.962825 0.010307 0.018580 0.001480 0.006008 0.000800
0.000424 0.010907 0.000967 0.895672 0.032037 0.059993
0.726337 0.110549 0.100944 0.053929 0.007836 0.000405
0.590905 0.270983 0.111566 0.010352 0.012841 0.003353
0.000168 0.980736 0.017226 0.000236 0.001613 0.000022
0.401867 0.074190 0.496503 0.009169 0.018233 0.000039
0.000943 0.072713 0.016801 0.864832 0.044624 0.000087
0.007539 0.147877 0.059852 0.705142 0.076752 0.002838
0.465919 0.110900 0.391660 0.027121 0.003835 0.000564
0.000177 0.979920 0.018159 0.000245 0.001476 0.000023
0.028250 0.005394 0.614972 0.121334 0.223909 0.006141
0.931024 0.022810 0.032906 0.001165 0.011972 0.000123
0.008220 0.000000 0.004111 0.004480 0.154352 0.828837
0.547979 0.007842 0.372999 0.032180 0.035589 0.003410
0.163477 0.080202 -0.000000 0.700079 0.003159 0.053083
0.185567 0.123698 0.000000 0.670400 0.002032 0.018303
0.001091 0.000000 0.000241 0.001678 0.776898 0.220092
0.000308 0.972196 0.026524 0.000430 0.000437 0.000105
0.233053 0.131764 0.504603 0.121953 0.008627 0.000000
0.000645 0.083784 0.022757 0.857580 0.023658 0.011576
0.947886 0.016462 0.033928 0.001073 0.000579 0.000072
0.490997 0.282556 0.121124 0.014506 0.088686 0.002131
0.000222 0.975299 0.023550 0.000280 0.000638 0.000010
0.000439 0.973092 0.023859 0.000742 0.001504 0.000364
0.008089 0.573549 0.281156 0.005975 0.079603 0.051627
0.022955 0.000000 0.041931 0.008946 0.698093 0.228075
0.001031 0.162155 -0.000000 0.070958 0.354694 0.411161
0.689118 0.196871 0.101332 0.000829 0.008986 0.002864
0.729280 0.093714 0.150985 0.015609 0.007184 0.003228
0.000171 0.980413 0.017596 0.000239 0.001559 0.000022
0.000176 0.979962 0.018118 0.000243 0.001479 0.000021
0.000264 0.972154 0.027090 0.000328 0.000141 0.000023
0.680624 0.082807 0.213947 0.015539 0.005827 0.001256
0.006058 0.000000 0.944928 0.047004 0.000029 0.001981
0.124597 0.006180 0.067033 0.043284 0.740612 0.018294
0.000282 0.139377 0.008463 0.659863 0.174696 0.017318
0.025556 0.000000 0.955365 0.012477 0.003665 0.002936
0.000164 0.981174 0.016706 0.000234 0.001698 0.000024
0.000684 0.087705 0.025563 0.864437 0.014894 0.006717
0.000064 0.991129 0.005130 0.000153 0.003480 0.000045
0.000110 0.986557 0.010449 0.000190 0.002660 0.000035
0.465619 0.326053 0.092185 0.008707 0.105395 0.002041
0.126592 0.006221 0.068009 0.043903 0.736517 0.018758
0.003202 0.716456 0.277425 0.002581 0.000263 0.000073
0.000266 0.973828 0.024930 0.000357 0.000559 0.000060
0.081126 0.831069 0.038286 0.046278 0.002267 0.000974
0.037495 0.012605 0.930051 0.014542 0.005067 0.000240
0.411797 0.147353 0.335303 0.027611 0.075919 0.002016
0.017407 0.042314 0.757695 0.182458 0.000000 0.000127
0.947394 0.016504 0.029517 0.001208 0.005095 0.000282
0.000360 0.131343 0.012037 0.696665 0.145188 0.014407
0.000084 0.989135 0.007451 0.000169 0.003122 0.000040
0.000614 0.060226 0.018053 0.882655 0.014455 0.023998
0.000615 0.058958 0.017969 0.884927 0.013099 0.024433
0.601223 0.110086 0.227023 0.057975 0.002299 0.001393
0.115085 0.708853 0.112471 0.052411 0.010481 0.000699
0.002462 0.000703 0.148529 0.132308 0.688204 0.027795
0.000173 0.980229 0.017807 0.000242 0.001527 0.000022
0.005396 0.791221 0.160050 0.003008 0.035911 0.004414
0.004537 0.000000 0.017587 0.756780 0.177163 0.043933
0.950295 0.015470 0.031497 0.001138 0.001412 0.000187
0.010307 0.003080 0.001979 0.011173 0.951542 0.021920
0.084761 0.193870 0.581358 0.124623 0.008193 0.007194
0.000275 0.972039 0.027117 0.000350 0.000180 0.000039
0.927944 0.023977 0.032938 0.001175 0.013845 0.000122
0.293278 0.007824 0.127148 0.103877 0.336006 0.131867
0.232235 0.302010 0.453171 0.011831 0.000052 0.000701
0.000021 0.995418 0.000137 0.000119 0.004251 0.000054
0.000659 0.098227 0.025383 0.840793 0.030620 0.004318
0.000535 0.038828 0.010835 0.889368 0.021089 0.039345
0.021355 0.000000 0.039133 0.008402 0.719442 0.211667
0.307940 0.226880 0.280694 0.105179 0.076440 0.002867
0.092189 0.200720 0.608112 0.040691 0.055558 0.002730
0.277205 0.183854 0.021635 0.004906 0.512226 0.000174
0.018976 0.006443 0.375069 0.107661 0.480085 0.011765
0.005108 0.000749 0.239607 0.284183 0.272496 0.197857
0.000037 0.993800 0.002021 0.000132 0.003960 0.000051
0.000030 0.994504 0.001201 0.000126 0.004087 0.000052
0.023185 0.003432 0.009344 0.014778 0.927865 0.021395
0.000293 0.972067 0.026865 0.000393 0.000307 0.000074
0.000153 0.982241 0.015471 0.000224 0.001885 0.000026
0.000170 0.151008 0.003344 0.606888 0.217132 0.021457
0.867469 0.007735 0.116555 0.006206 0.001829 0.000207
0.171622 0.018336 0.000000 0.763368 0.012560 0.034114
0.000441 0.123134 0.015734 0.734512 0.114810 0.011369
0.003685 0.000000 0.169569 0.790960 0.015562 0.020225
0.000025 0.995038 0.000579 0.000122 0.004183 0.000054
0.022120 0.000000 0.962732 0.006164 0.008984 0.000000
0.000166 0.980888 0.017046 0.000235 0.001642 0.000023
0.002911 0.030595 0.127951 0.834877 0.003651 0.000014
0.000034 0.994117 0.001651 0.000129 0.004017 0.000051
0.944757 0.017658 0.034295 0.001074 0.002162 0.000055
0.262331 0.187841 0.016721 0.004946 0.527983 0.000179
0.000275 0.971943 0.027239 0.000349 0.000157 0.000037
0.003789 0.576547 0.414593 0.003527 0.001114 0.000431
0.166591 0.173064 -0.000000 0.638279 0.010948 0.011119
0.203247 0.070029 0.269891 0.007216 0.449356 0.000261
0.958871 0.011930 0.022464 0.001378 0.004742 0.000616
0.721901 0.097024 0.156183 0.015160 0.006839 0.002893
0.000258 0.972545 0.026664 0.000320 0.000195 0.000019
0.000239 0.975502 0.023092 0.000322 0.000799 0.000046
0.003163 0.000785 0.188359 0.164822 0.605923 0.036947
0.958329 0.012154 0.023028 0.001363 0.004537 0.000589
0.000197 0.978419 0.019848 0.000269 0.001238 0.000028
0.274536 0.024005 0.108671 0.041817 0.536523 0.014448
0.000183 0.979361 0.018807 0.000250 0.001377 0.000022
0.000543 0.111838 0.020291 0.783701 0.075706 0.007921
0.000943 0.001631 0.260063 0.286003 0.394141 0.057220
0.188879 0.523577 0.256207 0.020734 0.007609 0.002995
0.000273 0.972160 0.026981 0.000349 0.000199 0.000039
0.000575 0.051216 0.014681 0.883669 0.018940 0.030919
0.020711 0.003363 0.007917 0.014090 0.932380 0.021538
0.003762 0.000000 0.174269 0.790272 0.013602 0.018095
0.003761 0.594812 0.393511 0.003669 0.003587 0.000661
0.069557 0.000000 0.927268 0.002631 0.000462 0.000081
0.949582 0.015744 0.031617 0.001137 0.001739 0.000182
0.443841 0.073355 0.454752 0.002298 0.023880 0.001874
0.000030 0.994528 0.001172 0.000126 0.004091 0.000052
0.011741 0.000000 0.011006 0.005643 0.152695 0.818915
0.154422 0.434999 0.019856 0.006373 0.378318 0.006031
0.525370 0.293201 0.047648 0.083428 0.047994 0.002360
0.747124 0.052880 0.070110 0.106278 0.014644 0.008964
0.000216 0.976994 0.021452 0.000291 0.001013 0.000034
0.043742 0.160179 0.746881 0.012355 0.034104 0.002739
0.023183 0.000000 0.034005 0.009393 0.184079 0.749341
0.765744 0.052615 0.171350 0.003846 0.006418 0.000027
0.000140 0.983530 0.013973 0.000214 0.002116 0.000028
0.000387 0.001323 0.141824 0.111503 0.738747 0.006216
0.966131 0.008947 0.015236 0.001569 0.007159 0.000959
0.121686 0.056749 0.634969 0.153755 0.002258 0.030583
0.000216 0.976730 0.021788 0.000287 0.000950 0.000029
0.055922 0.875448 0.026775 0.035711 0.005342 0.000802
0.000246 0.973099 0.026086 0.000302 0.000257 0.000010
0.342360 0.017356 0.630407 0.005377 0.003563 0.000938
0.000231 0.975948 0.022616 0.000310 0.000855 0.000040
0.137355 0.067847 0.689478 0.015231 0.083256 0.006834
0.000270 0.972996 0.025944 0.000355 0.000385 0.000051
0.083742 0.825950 0.038626 0.048263 0.002185 0.001233
0.944379 0.017790 0.033948 0.001086 0.002726 0.000072
0.000272 0.971945 0.027269 0.000343 0.000139 0.000032
0.025584 0.000000 0.927439 0.008173 0.038802 0.000001
0.686852 0.077345 0.214289 0.015420 0.004798 0.001297
0.959869 0.011523 0.021553 0.001402 0.004995 0.000659
0.000430 0.012255 0.001444 0.895371 0.031505 0.058996
0.950994 0.015177 0.030598 0.001162 0.001839 0.000230
0.006826 0.613336 0.312856 0.004426 0.041462 0.021095
0.188489 0.040682 0.730557 0.010341 0.028344 0.001586
0.135374 0.069676 0.682257 0.015152 0.090879 0.006661
0.753943 0.055893 0.171967 0.003785 0.014393 0.000020
0.435025 0.079241 0.450064 0.002295 0.031608 0.001767
0.937135 0.020534 0.034038 0.001109 0.007115 0.000068
0.000182 0.979548 0.018580 0.000251 0.001416 0.000024
0.020316 0.003353 0.007696 0.013978 0.933119 0.021538
0.741426 0.097242 0.103377 0.052481 0.005136 0.000339
0.186810 0.043060 0.716327 0.010538 0.041048 0.002216
0.000586 0.106494 0.022121 0.805193 0.058866 0.006740
0.430633 0.000000 0.198433 0.023258 0.162499 0.185177
0.450369 0.332132 0.089284 0.008546 0.117625 0.002044
0.010060 0.000000 0.017436 0.004655 0.750320 0.217529
0.152685 0.054150 0.741697 0.015942 0.026844 0.008681
0.188844 0.021902 0.000000 0.776669 0.006825 0.005760
0.009800 0.687959 0.290460 0.004436 0.002460 0.004885
0.947087 0.016787 0.034633 0.001055 0.000399 0.000039
0.274047 0.005720 0.581542 0.003810 0.133327 0.001554
0.000487 0.973403 0.022906 0.000855 0.001890 0.000458
0.000177 0.979947 0.018121 0.000246 0.001484 0.000024
0.000206 0.977642 0.020737 0.000278 0.001107 0.000029
0.534463 0.167767 0.226343 0.053534 0.017270 0.000624
0.335664 0.000000 0.636006 0.011249 0.014631 0.002449
0.292292 0.412136 0.287269 0.007755 0.000000 0.000547
0.000046 0.992902 0.003067 0.000139 0.003799 0.000049
0.937366 0.020449 0.034097 0.001106 0.006916 0.000066
0.007204 0.746120 0.219067 0.003516 0.020598 0.003495
0.000800 0.000165 0.970634 0.001825 0.026365 0.000212
0.000032 0.994326 0.001408 0.000127 0.004055 0.000052
0.000199 0.978022 0.020331 0.000268 0.001155 0.000024
0.870877 0.007663 0.111013 0.006489 0.003656 0.000303
0.242309 0.497235 0.253415 0.006730 0.000000 0.000310
0.481091 0.000000 0.460256 0.006190 0.050908 0.001555
0.590037 0.114653 0.238636 0.054374 0.001472 0.000828
0.938845 0.019838 0.032548 0.001147 0.007482 0.000139
0.000424 0.972971 0.024190 0.000705 0.001376 0.000333
0.000160 0.981576 0.016244 0.000230 0.001766 0.000024
0.548643 0.197630 0.214067 0.034886 0.001414 0.003359
0.002102 0.004486 0.008760 0.979815 0.004665 0.000173
0.000254 0.972756 0.026441 0.000313 0.000220 0.000016
0.084661 0.824504 0.039332 0.048350 0.001994 0.001159
0.000604 0.056674 0.017066 0.884922 0.014480 0.026254
0.000733 0.090211 0.028723 0.876278 0.002330 0.001725
0.869874 0.000309 0.054777 0.004902 0.046493 0.023645
0.960042 0.011455 0.021491 0.001403 0.004947 0.000662
0.726779 0.052499 0.200499 0.016232 0.001075 0.002917
0.043188 0.166790 0.733057 0.012437 0.041528 0.002999
0.000262 0.971907 0.027433 0.000319 0.000065 0.000013
0.000193 0.000365 0.003227 0.035111 0.925500 0.035604
0.443868 0.067912 0.470948 0.002181 0.014144 0.000947
0.447717 0.333615 0.089149 0.008491 0.119095 0.001934
0.068548 0.000000 0.928875 0.002470 0.000079 0.000028
0.001495 0.631368 0.062669 0.001687 0.292205 0.010576
0.009207 0.004128 0.770802 0.128460 0.046531 0.040870
0.891722 0.037581 0.029732 0.001402 0.039284 0.000279
0.000716 0.087520 0.027359 0.874637 0.005485 0.004284
0.010496 0.300989 0.553251 0.007466 0.118602 0.009196
0.927065 0.024310 0.032945 0.001178 0.014381 0.000122
0.674137 0.116156 0.195361 0.011881 0.002015 0.000449
0.263098 0.139209 0.085058 0.379689 0.023886 0.109061
0.000254 0.972231 0.027110 0.000306 0.000093 0.000005
0.948932 0.016015 0.032379 0.001116 0.001412 0.000146
0.000023 0.995213 0.000376 0.000120 0.004214 0.000054
0.667320 0.121538 0.194556 0.011846 0.004324 0.000416
0.013166 0.103411 0.876834 0.005057 0.001125 0.000406
0.043229 0.002520 0.910525 0.001046 0.041624 0.001057
0.000434 0.013272 0.001804 0.895144 0.031104 0.058242
0.000634 0.098098 0.023896 0.832960 0.038009 0.006403
0.145168 0.061432 0.711602 0.015717 0.057676 0.008405
0.684941 0.074563 0.156069 0.003827 0.080572 0.000028
0.334279 0.054235 0.473785 0.008806 0.128724 0.000171
0.350309 0.164260 0.045768 0.004712 0.434804 0.000147
0.081991 0.831066 0.041213 0.044007 0.001459 0.000263
0.002660 0.682541 0.298692 0.002780 0.012995 0.000332
0.000587 0.051973 0.015495 0.886475 0.015864 0.029606
0.001117 0.000000 0.000292 0.001687 0.776830 0.220074
0.003341 0.000000 0.004562 0.002425 0.770631 0.219041
0.000167 0.980809 0.017145 0.000234 0.001624 0.000021
0.000178 0.979783 0.018329 0.000244 0.001445 0.000021
0.089668 0.210088 0.576407 0.041373 0.077669 0.004796
0.079129 0.835706 0.039242 0.043498 0.001993 0.000432
0.000036 0.993943 0.001855 0.000130 0.003986 0.000051
0.000952 0.000477 0.051703 0.067699 0.845859 0.033309
0.454553 0.059900 0.479250 0.002166 0.003205 0.000926
0.000026 0.994868 0.000777 0.000123 0.004152 0.000053
0.194187 0.136115 -0.000000 0.661845 0.001175 0.006679
0.000813 0.000000 0.000097 0.507112 0.396741 0.095237
0.000071 0.990417 0.005960 0.000158 0.003351 0.000043
0.040849 0.002389 0.948027 0.000905 0.007634 0.000197
0.003910 0.000000 0.005661 0.002613 0.769496 0.218320
0.095851 0.068001 0.733102 0.099184 0.001586 0.002276
0.025376 0.000000 0.949998 0.007824 0.016801 0.000001
0.000537 0.000416 0.025272 0.049782 0.889719 0.034274
0.291971 0.059458 0.424887 0.008026 0.215525 0.000132
0.147923 0.644760 0.143283 0.062192 0.001088 0.000754
0.005847 0.011787 0.226155 0.048765 0.054288 0.653159
0.026555 0.000000 0.048045 0.010176 0.639061 0.276163
0.000241 0.973678 0.025405 0.000299 0.000365 0.000012
0.011610 0.000000 0.020453 0.005168 0.748492 0.214277
0.000093 0.988165 0.008580 0.000176 0.002947 0.000038
0.000020 0.995472 0.000073 0.000118 0.004261 0.000055
0.533220 0.300228 0.106021 0.009350 0.049445 0.001736
0.000238 0.975332 0.023321 0.000317 0.000751 0.000041
0.000025 0.995035 0.000582 0.000122 0.004182 0.000054
0.000140 0.154053 0.001999 0.592994 0.228266 0.022548
0.017326 0.046601 0.747362 0.188543 0.000000 0.000169
0.000232 0.975400 0.023306 0.000304 0.000727 0.000031
0.936320 0.020801 0.032769 0.001150 0.008831 0.000129
0.821644 0.013561 0.138387 0.021890 0.004321 0.000198
0.536479 0.165469 0.227640 0.053357 0.016454 0.000600
0.000261 0.972268 0.026978 0.000324 0.000150 0.000020
0.000482 0.973426 0.022934 0.000845 0.001864 0.000450
0.000033 0.994204 0.001550 0.000128 0.004033 0.000052
0.719451 0.065147 0.160939 0.003869 0.050563 0.000031
0.184293 0.612408 0.023718 0.153664 0.006794 0.019124
0.464760 0.057675 0.470990 0.002268 0.002473 0.001834
0.103194 0.072854 0.687754 0.119971 0.003692 0.012536
0.010802 0.010330 0.839541 0.117334 0.010967 0.011026
0.000637 0.066202 0.020134 0.881136 0.012270 0.019622
0.000316 0.135761 0.009989 0.675979 0.161833 0.016121
0.000626 0.102700 0.023992 0.823572 0.043998 0.005112
0.936472 0.020735 0.032503 0.001157 0.008991 0.000141
0.189383 0.146692 0.000000 0.654989 0.003256 0.005680
0.000148 0.153214 0.002370 0.596822 0.225198 0.022247
0.351623 0.000000 0.560013 0.013310 0.041146 0.033908
0.000108 0.986675 0.010317 0.000188 0.002678 0.000034
0.035613 0.301758 0.458050 0.104161 0.091077 0.009341
0.000036 0.993854 0.001958 0.000131 0.003970 0.000051
0.000263 0.972455 0.026715 0.000331 0.000209 0.000027
0.473270 0.282057 0.195627 0.032599 0.014253 0.002194
0.002801 0.020714 0.100997 0.873948 0.001485 0.000055
0.218535 0.550601 0.223851 0.006599 0.000000 0.000414
0.320299 0.022052 0.645054 0.004489 0.007859 0.000247
0.000577 0.108639 0.021847 0.799077 0.063281 0.006579
0.780486 0.000700 0.189723 0.003246 0.018531 0.007314
0.000479 0.024783 0.005877 0.892572 0.026565 0.049723
0.070234 0.095706 0.722398 0.090034 0.016284 0.005344
0.644112 0.143126 0.183940 0.012261 0.015873 0.000688
0.812247 0.014549 0.131060 0.022888 0.018922 0.000333
0.000338 0.133614 0.010985 0.686035 0.153741 0.015287
0.015308 0.000000 0.027556 0.006395 0.738301 0.212441
0.564180 0.291632 0.115166 0.009441 0.018826 0.000755
0.948219 0.016308 0.033068 0.001098 0.001194 0.000113
0.000147 0.982779 0.014852 0.000219 0.001978 0.000026
0.092177 0.204574 0.587785 0.042178 0.068049 0.005236
0.924166 0.025407 0.032957 0.001188 0.016161 0.000122
0.152232 0.640063 0.130702 0.070310 0.004483 0.002210
0.119977 0.011710 0.002277 0.238691 0.002698 0.624647
0.026682 0.000000 0.048156 0.010224 0.630533 0.284404
0.000104 0.987059 0.009867 0.000185 0.002749 0.000036
0.121254 0.749941 0.039157 0.081249 0.002215 0.006184
0.401520 0.012138 0.205621 0.128089 0.180057 0.072575
