0.708929 0.290454 0.000618
0.928474 0.065621 0.005905
0.824572 0.009007 0.166421
0.965354 0.030992 0.003653
0.921252 0.048615 0.030133
0.619165 0.380749 0.000086
0.718650 0.281348 0.000002
0.960021 0.039740 0.000239
0.002588 0.997412 0.000000
0.651064 0.005718 0.343218
0.003312 0.000000 0.996688
0.984621 0.008447 0.006932
0.526370 0.000001 0.473630
0.973857 0.021009 0.005134
0.172012 0.000106 0.827882
0.882569 0.115269 0.002162
0.222969 0.000128 0.776903
0.813610 0.183307 0.003083
0.757599 0.239605 0.002796
0.607926 0.000008 0.392065
0.040522 0.000123 0.959355
0.838629 0.139679 0.021692
0.839546 0.000638 0.159816
0.669465 0.000112 0.330422
0.638269 0.358059 0.003672
0.902603 0.094104 0.003293
0.839710 0.000012 0.160278
0.158930 0.841067 0.000004
0.978206 0.007212 0.014582
0.075906 0.000000 0.924094
0.030096 0.969904 0.000000
0.357181 0.000011 0.642808
0.901352 0.090061 0.008587
0.889959 0.082156 0.027885
0.535195 0.000016 0.464789
0.003782 0.996218 0.000000
0.834520 0.148397 0.017083
0.906024 0.090518 0.003458
0.981613 0.005760 0.012627
0.787092 0.203545 0.009363
0.230459 0.000009 0.769532
0.587036 0.000175 0.412789
0.199767 0.800232 0.000000
0.821186 0.000279 0.178535
0.394273 0.605641 0.000086
0.000359 0.000000 0.999641
0.977938 0.009746 0.012316
0.655155 0.344489 0.000357
0.850623 0.030073 0.119304
0.146101 0.000000 0.853899
0.936059 0.062305 0.001636
0.977228 0.008402 0.014370
0.028227 0.971773 0.000000
0.801732 0.184242 0.014026
0.898792 0.099100 0.002108
0.000352 0.000000 0.999648
0.130315 0.869133 0.000552
0.025833 0.000135 0.974032
0.835892 0.093067 0.071042
0.109495 0.890505 0.000000
0.870100 0.011123 0.118777
0.957502 0.039538 0.002959
0.991773 0.005983 0.002243
0.765692 0.230421 0.003887
0.289557 0.000018 0.710425
0.721053 0.278538 0.000408
0.789384 0.002139 0.208476
0.732751 0.000040 0.267209
0.513794 0.006782 0.479425
0.000506 0.999494 0.000000
0.792511 0.206804 0.000685
0.001354 0.998646 0.000000
0.918317 0.080220 0.001463
0.346446 0.653549 0.000005
0.140209 0.859788 0.000004
0.066727 0.000000 0.933273
0.658169 0.000321 0.341510
0.972154 0.000224 0.027622
0.757992 0.001020 0.240988
0.893121 0.002638 0.104241
0.295753 0.000011 0.704236
0.971723 0.022695 0.005582
0.337143 0.000008 0.662849
0.787633 0.210928 0.001439
0.135313 0.004326 0.860360
0.974843 0.021995 0.003161
0.824140 0.174982 0.000878
0.991445 0.004095 0.004460
0.236560 0.000010 0.763430
0.096308 0.903690 0.000002
0.928251 0.004678 0.067071
0.974899 0.003293 0.021808
0.853442 0.144259 0.002299
0.882205 0.099469 0.018326
0.027818 0.000119 0.972063
0.977500 0.015629 0.006871
0.000013 0.000000 0.999987
0.850668 0.148022 0.001310
0.523524 0.476302 0.000173
0.951165 0.037117 0.011718
0.904167 0.095337 0.000496
0.889678 0.110206 0.000116
0.882462 0.100963 0.016576
0.602062 0.397938 0.000001
0.004923 0.000000 0.995077
0.817721 0.153004 0.029275
0.892854 0.039277 0.067869
0.172590 0.827278 0.000131
0.799865 0.200043 0.000093
0.603721 0.396279 0.000001
0.085326 0.000237 0.914437
0.967151 0.010790 0.022059
0.001612 0.000000 0.998388
0.005823 0.994177 0.000000
0.046708 0.953291 0.000000
0.504352 0.001971 0.493677
0.880364 0.117955 0.001680
0.990519 0.005079 0.004402
0.242021 0.757926 0.000053
0.881082 0.118334 0.000584
0.021484 0.000102 0.978414
0.002367 0.000000 0.997633
0.725728 0.274177 0.000095
0.836262 0.163285 0.000453
0.817619 0.004291 0.178091
0.421122 0.578807 0.000071
0.605859 0.394116 0.000025
0.922305 0.054536 0.023159
0.025582 0.974416 0.000002
0.756323 0.235239 0.008438
0.847005 0.114593 0.038401
0.915410 0.018328 0.066263
0.909131 0.085932 0.004937
0.523956 0.000073 0.475971
0.242246 0.757736 0.000019
0.093745 0.906253 0.000002
0.049126 0.950873 0.000000
0.848748 0.019397 0.131855
0.908663 0.070934 0.020404
0.835348 0.065618 0.099034
0.303974 0.690263 0.005763
0.909328 0.089739 0.000933
0.153324 0.846670 0.000006
0.990929 0.006765 0.002306
0.786962 0.202539 0.010500
0.008930 0.991069 0.000001
0.626796 0.372756 0.000449
0.938339 0.000665 0.060995
0.946023 0.051566 0.002411
0.956889 0.030038 0.013073
0.201308 0.000049 0.798643
0.491070 0.508664 0.000266
0.895823 0.090657 0.013520
0.891307 0.108247 0.000446
0.649521 0.349545 0.000934
0.928214 0.022485 0.049301
0.890982 0.001585 0.107433
0.713921 0.000052 0.286027
0.943715 0.029712 0.026573
0.481388 0.518095 0.000517
0.007211 0.992789 0.000000
0.492126 0.000868 0.507007
0.738578 0.259098 0.002324
0.965519 0.010935 0.023546
0.602883 0.396835 0.000282
0.080717 0.919277 0.000006
0.829326 0.168305 0.002369
0.906843 0.089166 0.003991
0.943971 0.052897 0.003132
0.896441 0.012155 0.091404
0.100924 0.032879 0.866197
0.211740 0.788216 0.000044
0.417307 0.582458 0.000235
0.311528 0.688450 0.000022
0.862921 0.106374 0.030705
0.000366 0.999634 0.000000
0.972612 0.026013 0.001376
0.947966 0.043685 0.008349
0.780323 0.211588 0.008089
0.144361 0.000043 0.855596
0.003534 0.996466 0.000000
0.010003 0.000002 0.989996
0.039743 0.960225 0.000032
0.078200 0.000008 0.921792
0.470980 0.000223 0.528797
0.009667 0.990333 0.000000
0.883113 0.087044 0.029843
0.967558 0.000069 0.032373
0.000524 0.000000 0.999476
0.916276 0.030609 0.053115
0.780841 0.000030 0.219129
0.652111 0.347649 0.000240
0.989636 0.002402 0.007962
0.000162 0.999838 0.000000
0.908651 0.090644 0.000706
0.166597 0.000000 0.833402
0.204732 0.795262 0.000006
0.230738 0.769235 0.000027
0.078030 0.001490 0.920480
0.903876 0.095702 0.000423
0.356217 0.622092 0.021691
0.788164 0.000758 0.211078
0.431611 0.568372 0.000017
0.045848 0.000000 0.954152
0.976496 0.018616 0.004888
0.667301 0.329764 0.002935
0.990708 0.002463 0.006829
0.980381 0.006273 0.013346
0.960022 0.013054 0.026924
0.869298 0.130692 0.000010
0.004151 0.995848 0.000000
0.866593 0.007694 0.125713
0.209830 0.002431 0.787739
0.000145 0.000000 0.999855
0.032979 0.000000 0.967021
0.616482 0.382910 0.000608
0.876940 0.122877 0.000184
0.911920 0.084675 0.003405
0.658185 0.340253 0.001562
0.046393 0.953302 0.000306
0.656708 0.342110 0.001183
0.681370 0.316154 0.002476
0.984700 0.000200 0.015100
0.767262 0.181983 0.050755
0.398017 0.011649 0.590334
0.683534 0.316097 0.000369
0.702999 0.296893 0.000108
0.453702 0.000001 0.546297
0.735949 0.256495 0.007555
0.988071 0.010807 0.001122
0.879541 0.112185 0.008275
0.050179 0.949735 0.000085
0.957742 0.032006 0.010253
0.001405 0.998595 0.000000
0.162624 0.001611 0.835765
0.311401 0.688571 0.000028
0.707609 0.000011 0.292380
0.023231 0.000000 0.976769
0.297854 0.701135 0.001011
0.903754 0.012415 0.083831
0.052916 0.947084 0.000000
0.963325 0.032192 0.004483
0.981963 0.000433 0.017604
0.973264 0.021954 0.004782
0.002894 0.997106 0.000000
0.766400 0.229535 0.004064
0.990496 0.000326 0.009179
0.902705 0.000378 0.096918
0.196943 0.803043 0.000015
0.984863 0.000177 0.014960
0.567380 0.432612 0.000007
0.916971 0.000396 0.082634
0.978132 0.006614 0.015254
0.993890 0.003906 0.002203
0.614191 0.385808 0.000002
0.772134 0.220395 0.007472
0.659780 0.338901 0.001319
0.195151 0.000002 0.804846
0.876059 0.020300 0.103641
0.869044 0.000015 0.130941
0.898618 0.003512 0.097870
0.807613 0.192134 0.000253
0.890800 0.000028 0.109171
0.049621 0.950376 0.000003
0.283314 0.716573 0.000113
0.875578 0.124376 0.000046
0.518256 0.183989 0.297756
0.714985 0.281670 0.003345
0.853095 0.027651 0.119254
0.913746 0.078847 0.007407
0.920638 0.000453 0.078909
0.864254 0.134354 0.001392
0.249126 0.750865 0.000009
0.803806 0.155760 0.040435
0.915102 0.054538 0.030361
0.367754 0.000100 0.632146
0.775742 0.222899 0.001360
0.503298 0.496590 0.000112
0.422527 0.000006 0.577467
0.976553 0.021998 0.001449
0.913501 0.078070 0.008429
0.917220 0.081541 0.001239
0.905823 0.092699 0.001479
0.971214 0.028425 0.000361
0.883879 0.106558 0.009564
0.600075 0.399773 0.000152
0.034298 0.000005 0.965696
0.970939 0.000266 0.028795
0.954332 0.000085 0.045583
0.945866 0.038894 0.015240
0.809354 0.186932 0.003713
0.492968 0.506992 0.000041
0.031131 0.968869 0.000000
0.868717 0.000373 0.130911
0.712462 0.287058 0.000480
0.656104 0.343534 0.000361
0.020882 0.000004 0.979115
0.872932 0.083971 0.043097
0.046460 0.953540 0.000000
0.426067 0.000766 0.573167
0.253018 0.746911 0.000071
0.699315 0.297321 0.003363
0.556593 0.443367 0.000040
0.976822 0.019790 0.003388
0.961664 0.037676 0.000660
0.878913 0.067884 0.053203
0.788602 0.184553 0.026845
0.865393 0.134346 0.000261
0.933202 0.000084 0.066715
0.962342 0.034960 0.002698
0.000953 0.999047 0.000000
0.953283 0.042101 0.004616
0.849983 0.073370 0.076648
0.989093 0.002802 0.008105
0.236034 0.000000 0.763965
0.713139 0.283614 0.003247
0.058788 0.000000 0.941212
0.031299 0.968701 0.000000
0.799401 0.200441 0.000159
0.931838 0.003592 0.064570
0.721286 0.166258 0.112456
0.684025 0.315818 0.000157
0.458421 0.000017 0.541562
0.930945 0.002770 0.066285
0.996464 0.001626 0.001910
0.005639 0.994360 0.000002
0.979269 0.017578 0.003153
0.156958 0.000028 0.843014
0.861473 0.010122 0.128405
0.573073 0.426471 0.000455
0.937166 0.061004 0.001831
0.177041 0.804584 0.018375
0.626045 0.001324 0.372631
0.219481 0.780505 0.000013
0.750163 0.242669 0.007168
0.000052 0.999948 0.000000
0.021706 0.978294 0.000000
0.016531 0.983459 0.000010
0.961135 0.035951 0.002914
0.985656 0.000336 0.014008
0.787070 0.004707 0.208223
0.083294 0.916705 0.000001
0.148355 0.844931 0.006714
0.783930 0.000338 0.215733
0.392124 0.000020 0.607857
0.941876 0.050884 0.007241
0.065643 0.934355 0.000003
0.535236 0.464688 0.000076
0.906508 0.087863 0.005628
0.878410 0.019549 0.102041
0.030980 0.969020 0.000000
0.083888 0.916106 0.000006
0.963278 0.033377 0.003344
0.868254 0.127357 0.004389
0.004719 0.995281 0.000000
0.611862 0.000319 0.387819
0.013020 0.986980 0.000000
0.926281 0.000714 0.073005
0.941493 0.006716 0.051791
0.752176 0.247822 0.000003
0.951776 0.000285 0.047939
0.823603 0.100181 0.076216
0.637148 0.362614 0.000238
0.834313 0.164552 0.001135
0.958441 0.039888 0.001671
0.836575 0.163410 0.000015
0.864653 0.130165 0.005182
0.939961 0.000309 0.059730
0.740670 0.258346 0.000983
0.617677 0.000058 0.382265
0.009056 0.990944 0.000000
0.026728 0.973170 0.000102
0.009875 0.000000 0.990125
0.980017 0.011103 0.008880
0.370891 0.000132 0.628977
0.929138 0.036773 0.034089
0.592513 0.003721 0.403765
0.027263 0.972736 0.000000
0.934879 0.063571 0.001551
0.890528 0.016460 0.093012
0.372119 0.000010 0.627871
0.604067 0.395674 0.000259
0.914590 0.028188 0.057222
0.882782 0.017291 0.099927
0.147473 0.000000 0.852527
0.995439 0.000965 0.003596
0.932740 0.054296 0.012964
0.789238 0.210701 0.000061
0.902845 0.097020 0.000135
0.659002 0.340975 0.000023
0.614540 0.385459 0.000001
0.038046 0.000000 0.961954
0.726968 0.002745 0.270287
0.971230 0.012064 0.016706
0.016215 0.983752 0.000032
0.089143 0.910857 0.000000
0.057610 0.942389 0.000001
0.699299 0.292369 0.008332
0.716454 0.264624 0.018921
0.500285 0.499681 0.000034
0.792199 0.004197 0.203604
0.472480 0.017285 0.510235
0.980795 0.005545 0.013660
0.757439 0.235672 0.006889
0.569704 0.254977 0.175319
0.617547 0.005402 0.377051
0.872479 0.127361 0.000160
0.001915 0.998085 0.000000
0.228739 0.000118 0.771143
0.670333 0.328159 0.001508
0.976638 0.020241 0.003121
0.935212 0.000706 0.064082
0.612956 0.002412 0.384631
0.978087 0.015802 0.006111
0.908067 0.073604 0.018329
0.190586 0.809402 0.000012
0.772725 0.067844 0.159432
0.949289 0.050584 0.000127
0.142022 0.000000 0.857978
0.902883 0.002731 0.094386
0.905297 0.066940 0.027764
0.082979 0.917020 0.000000
0.886362 0.105344 0.008294
0.893017 0.011760 0.095223
0.864979 0.134539 0.000482
0.171893 0.828105 0.000002
0.898227 0.006532 0.095241
0.774063 0.006749 0.219188
0.886848 0.107009 0.006143
0.836601 0.163394 0.000006
0.069251 0.930748 0.000000
0.901571 0.096265 0.002164
0.870089 0.000011 0.129900
0.728888 0.269770 0.001342
0.895417 0.097914 0.006670
0.812525 0.000042 0.187433
0.006566 0.993432 0.000001
0.980868 0.001464 0.017669
0.852474 0.121628 0.025898
0.049926 0.950073 0.000000
0.712222 0.285278 0.002499
0.866952 0.120963 0.012086
0.390615 0.000210 0.609175
0.006490 0.000000 0.993510
0.867804 0.131786 0.000409
0.931368 0.003825 0.064808
0.599553 0.400344 0.000103
0.749950 0.000128 0.249922
0.029329 0.970671 0.000000
0.730573 0.268174 0.001253
0.991082 0.005654 0.003264
0.641311 0.358030 0.000659
0.741120 0.257920 0.000960
0.913372 0.077083 0.009545
0.007390 0.000005 0.992605
0.913975 0.051594 0.034431
0.442100 0.002379 0.555521
0.832425 0.022451 0.145124
0.000116 0.999884 0.000000
0.915071 0.001037 0.083892
0.830223 0.169517 0.000260
0.781717 0.087601 0.130682
0.979122 0.000169 0.020709
0.463030 0.536674 0.000296
0.842616 0.157092 0.000292
0.662775 0.000819 0.336406
0.703430 0.011580 0.284990
0.152293 0.841852 0.005856
0.048739 0.950998 0.000263
0.751867 0.013042 0.235091
0.627440 0.000021 0.372539
0.606475 0.393244 0.000281
0.636630 0.363089 0.000281
0.981208 0.010515 0.008277
0.901834 0.096874 0.001293
0.974817 0.024843 0.000340
0.266355 0.733049 0.000596
0.177414 0.822555 0.000032
0.972896 0.003786 0.023318
0.574620 0.424845 0.000535
0.883681 0.054095 0.062225
0.116579 0.883416 0.000005
0.323348 0.676488 0.000164
0.746088 0.251807 0.002105
0.258151 0.740627 0.001222
0.753855 0.245899 0.000246
0.886917 0.079713 0.033371
0.808656 0.177666 0.013678
0.988345 0.001411 0.010244
0.827215 0.172148 0.000637
0.958573 0.040715 0.000712
0.807892 0.020431 0.171677
0.292935 0.707037 0.000029
0.192806 0.807182 0.000012
0.571977 0.007365 0.420658
0.532053 0.000061 0.467886
0.885565 0.000094 0.114340
0.741192 0.256336 0.002472
0.295756 0.703928 0.000316
0.630069 0.369579 0.000351
0.452912 0.547085 0.000003
0.485313 0.514096 0.000590
0.908555 0.000014 0.091431
0.001836 0.998164 0.000000
0.951305 0.000846 0.047849
0.976034 0.003762 0.020204
0.907069 0.088254 0.004676
0.457572 0.030017 0.512411
0.898041 0.100758 0.001200
0.000410 0.999590 0.000000
0.859729 0.134523 0.005748
0.262352 0.000227 0.737422
0.140081 0.859156 0.000763
0.800953 0.196781 0.002266
0.885059 0.114878 0.000063
0.029491 0.970509 0.000000
0.350997 0.648998 0.000004
0.397667 0.000395 0.601939
0.030579 0.969420 0.000001
0.011221 0.988779 0.000000
0.021137 0.978862 0.000001
0.954701 0.000049 0.045250
0.515313 0.484542 0.000145
0.041888 0.958111 0.000002
0.918097 0.000347 0.081556
0.792696 0.021179 0.186125
0.368723 0.631277 0.000000
0.775156 0.220789 0.004056
0.004491 0.995509 0.000000
0.991615 0.008171 0.000214
0.595157 0.404683 0.000160
0.898552 0.080492 0.020956
0.019120 0.980880 0.000000
0.978696 0.011006 0.010299
0.012747 0.987253 0.000000
0.983606 0.000174 0.016220
0.982968 0.002609 0.014424
0.767666 0.231010 0.001324
0.399505 0.600409 0.000086
0.541265 0.000825 0.457910
0.705386 0.002284 0.292330
0.966660 0.027243 0.006096
0.818588 0.159963 0.021449
0.374594 0.609171 0.016235
0.554529 0.000853 0.444618
0.702541 0.292452 0.005007
0.112057 0.887940 0.000003
0.658630 0.340616 0.000753
0.636805 0.362306 0.000889
0.431026 0.016045 0.552929
0.967399 0.005402 0.027200
0.970497 0.009017 0.020486
0.428512 0.010858 0.560630
0.019885 0.980097 0.000018
0.804005 0.191880 0.004115
0.926104 0.050560 0.023336
0.992174 0.007291 0.000535
0.893899 0.002502 0.103600
0.920063 0.068403 0.011533
0.012868 0.987132 0.000000
0.030814 0.000121 0.969065
0.082885 0.917115 0.000000
0.205969 0.794030 0.000001
0.112725 0.000004 0.887272
0.758733 0.230666 0.010601
0.910161 0.083240 0.006599
0.120231 0.055224 0.824546
0.959978 0.004456 0.035566
0.451364 0.548544 0.000093
0.276015 0.723750 0.000235
0.256841 0.000009 0.743151
0.774749 0.000843 0.224408
0.768543 0.224574 0.006883
0.502740 0.497254 0.000006
0.944157 0.054337 0.001507
0.986936 0.000579 0.012485
0.802015 0.181957 0.016028
0.866807 0.132085 0.001108
0.923269 0.045003 0.031728
0.817224 0.157592 0.025184
0.967998 0.014204 0.017798
0.985094 0.000983 0.013923
0.934218 0.021510 0.044272
0.910622 0.080857 0.008521
0.495131 0.000439 0.504429
0.012772 0.000000 0.987228
0.855278 0.000749 0.143973
0.877886 0.029917 0.092198
0.956341 0.042606 0.001054
0.854824 0.145002 0.000174
0.958232 0.023340 0.018428
0.904138 0.091362 0.004500
0.952932 0.044351 0.002716
0.654136 0.344216 0.001648
0.017693 0.982301 0.000006
0.909917 0.084003 0.006080
0.934531 0.063431 0.002038
0.733053 0.263803 0.003144
0.182181 0.000070 0.817749
0.723971 0.275349 0.000679
0.053910 0.945701 0.000389
0.945633 0.035537 0.018830
0.972938 0.020531 0.006531
0.976264 0.004167 0.019570
0.992087 0.000579 0.007334
0.852349 0.146690 0.000961
0.541834 0.000030 0.458136
0.641671 0.357347 0.000981
0.732263 0.261386 0.006350
0.862731 0.136243 0.001026
0.984768 0.014168 0.001063
0.911799 0.051185 0.037016
0.062304 0.937695 0.000001
0.954633 0.043131 0.002236
0.722919 0.274784 0.002297
0.960810 0.038061 0.001129
0.014252 0.985748 0.000000
0.719305 0.277954 0.002742
0.871837 0.005102 0.123061
0.788038 0.210532 0.001430
0.924223 0.074768 0.001008
0.942174 0.000822 0.057004
0.919836 0.046231 0.033934
0.665850 0.000122 0.334028
0.548840 0.450969 0.000191
0.932197 0.001973 0.065830
0.014874 0.000000 0.985126
0.959685 0.036211 0.004104
0.833333 0.144601 0.022066
0.525050 0.001832 0.473119
0.988623 0.005790 0.005586
0.071073 0.000000 0.928927
0.441346 0.000004 0.558650
0.866714 0.004562 0.128724
0.890056 0.103976 0.005968
0.994763 0.002020 0.003217
0.001966 0.998034 0.000000
0.958762 0.038103 0.003135
0.716836 0.283138 0.000025
0.998695 0.001065 0.000240
0.114313 0.885685 0.000001
0.866477 0.020613 0.112909
0.693141 0.306840 0.000019
0.957131 0.013870 0.028999
0.466728 0.533270 0.000002
0.905612 0.091274 0.003113
0.974653 0.005484 0.019863
0.707630 0.290415 0.001956
0.983260 0.016183 0.000557
0.924554 0.002060 0.073386
0.002609 0.997391 0.000000
0.965763 0.019358 0.014879
0.996800 0.002850 0.000350
0.948364 0.029301 0.022335
0.018174 0.000000 0.981826
0.807738 0.167339 0.024923
0.899966 0.088200 0.011834
0.836878 0.163073 0.000049
0.834333 0.147627 0.018040
0.105685 0.894315 0.000000
0.875250 0.124576 0.000175
0.682064 0.317575 0.000361
0.421242 0.000101 0.578657
0.000241 0.999759 0.000000
0.010762 0.989201 0.000037
0.588674 0.411304 0.000022
0.636216 0.363509 0.000275
0.830955 0.167144 0.001901
0.838539 0.160243 0.001218
0.027334 0.972666 0.000000
0.089335 0.910200 0.000465
0.985393 0.005353 0.009254
0.007785 0.992215 0.000000
0.959786 0.016397 0.023817
0.000180 0.999820 0.000000
0.126612 0.873388 0.000000
0.993395 0.004811 0.001794
0.012255 0.987743 0.000002
0.979214 0.018925 0.001861
0.963056 0.000523 0.036420
0.030287 0.969712 0.000001
0.742520 0.257189 0.000291
0.976776 0.005790 0.017434
0.236977 0.000109 0.762915
0.179136 0.784435 0.036429
0.922798 0.075646 0.001556
0.059349 0.940585 0.000067
0.233607 0.766376 0.000017
0.000154 0.999846 0.000000
0.880259 0.106791 0.012950
0.829698 0.153792 0.016510
0.005037 0.994963 0.000000
0.027408 0.972591 0.000000
0.937218 0.062324 0.000458
0.827663 0.163853 0.008484
0.921480 0.056462 0.022058
0.957825 0.002535 0.039640
0.867064 0.131817 0.001119
0.978005 0.015502 0.006493
0.609721 0.002285 0.387994
0.020967 0.979033 0.000000
0.881735 0.103795 0.014470
0.273813 0.000136 0.726051
0.972336 0.000074 0.027590
0.908371 0.042307 0.049321
0.954234 0.037639 0.008127
0.673344 0.007900 0.318756
0.245325 0.754432 0.000243
0.796196 0.201671 0.002133
0.911613 0.056039 0.032348
0.929431 0.063380 0.007189
0.021150 0.978850 0.000000
0.862052 0.013294 0.124654
0.292741 0.707259 0.000000
0.700500 0.299486 0.000014
0.027411 0.972589 0.000000
0.965232 0.022973 0.011795
0.821896 0.177410 0.000694
0.661389 0.000123 0.338488
0.655481 0.344347 0.000172
0.991655 0.007472 0.000873
0.719876 0.279680 0.000444
0.692062 0.008573 0.299365
0.097934 0.000006 0.902060
0.905764 0.054689 0.039547
0.894693 0.090627 0.014680
0.898064 0.033267 0.068670
0.260521 0.739414 0.000066
0.082432 0.917461 0.000106
0.957360 0.039159 0.003482
0.949430 0.002172 0.048397
0.480191 0.519796 0.000013
0.855067 0.139276 0.005658
0.895532 0.103853 0.000615
0.865643 0.052240 0.082117
0.000965 0.000000 0.999035
0.180544 0.772069 0.047388
0.282571 0.717404 0.000025
0.723567 0.001208 0.275225
0.783799 0.011046 0.205154
0.744410 0.248146 0.007444
0.016490 0.983510 0.000000
0.069092 0.930691 0.000217
0.746628 0.033505 0.219867
0.870058 0.020293 0.109649
0.985652 0.004389 0.009959
0.676015 0.321562 0.002424
0.118679 0.881321 0.000000
0.000199 0.999801 0.000000
0.719265 0.278485 0.002250
0.808439 0.183440 0.008121
0.248214 0.000001 0.751785
0.616420 0.383578 0.000002
0.664027 0.012280 0.323694
0.900012 0.093519 0.006469
0.956354 0.011074 0.032572
0.016382 0.983618 0.000000
0.755111 0.000481 0.244408
0.001193 0.000000 0.998807
0.961826 0.000091 0.038083
0.914764 0.084022 0.001214
0.968459 0.017754 0.013787
0.214108 0.000000 0.785891
0.972461 0.007710 0.019829
0.926018 0.073285 0.000697
0.979233 0.008089 0.012678
0.906793 0.062804 0.030403
0.988488 0.010719 0.000793
0.987957 0.003629 0.008413
0.043904 0.956096 0.000000
0.137521 0.000213 0.862265
0.001552 0.000000 0.998448
0.647206 0.003634 0.349160
0.924651 0.018135 0.057213
0.016222 0.000000 0.983778
0.602974 0.396831 0.000195
0.904372 0.093830 0.001798
0.789878 0.201058 0.009063
0.908938 0.013567 0.077495
0.918092 0.069767 0.012141
0.904396 0.091645 0.003958
0.651151 0.104176 0.244673
0.843731 0.037731 0.118538
0.919939 0.077182 0.002879
0.980857 0.009275 0.009868
0.715143 0.284474 0.000383
0.781878 0.209444 0.008679
0.020752 0.979239 0.000009
0.904609 0.060943 0.034448
0.397860 0.602080 0.000060
0.832992 0.166092 0.000916
0.878662 0.120972 0.000366
0.916831 0.081438 0.001732
0.759027 0.000074 0.240898
0.675311 0.002202 0.322487
0.092902 0.907093 0.000005
0.853245 0.000148 0.146607
0.052826 0.947136 0.000038
0.906708 0.086684 0.006608
0.645137 0.354151 0.000712
0.664074 0.000040 0.335886
0.174268 0.825593 0.000140
0.128370 0.871624 0.000006
0.004722 0.000000 0.995278
0.630376 0.368269 0.001354
0.541523 0.000263 0.458215
0.208461 0.790986 0.000554
0.965079 0.008927 0.025994
0.845324 0.016139 0.138536
0.001938 0.998062 0.000000
0.672136 0.000758 0.327106
0.207029 0.792971 0.000000
0.945246 0.001408 0.053346
0.013334 0.986665 0.000002
0.835438 0.018308 0.146254
0.981286 0.005787 0.012927
0.014444 0.985554 0.000002
0.173410 0.000005 0.826585
0.975711 0.003400 0.020890
0.978624 0.021278 0.000098
0.558925 0.441070 0.000005
0.268857 0.730699 0.000444
0.894267 0.102171 0.003562
0.431386 0.568508 0.000106
0.664311 0.000878 0.334811
0.882464 0.087493 0.030043
0.970481 0.028109 0.001411
0.041640 0.000000 0.958360
0.806742 0.189950 0.003308
0.906506 0.014624 0.078870
0.323147 0.031388 0.645465
0.949457 0.000015 0.050528
0.659291 0.339297 0.001412
0.521659 0.478172 0.000169
0.562344 0.024195 0.413461
0.119591 0.000352 0.880057
0.252776 0.747064 0.000161
0.960029 0.008989 0.030982
0.894761 0.100072 0.005167
0.977745 0.006457 0.015797
0.787684 0.003919 0.208397
0.017230 0.982770 0.000000
0.796194 0.003218 0.200588
0.938963 0.002673 0.058364
0.537047 0.462931 0.000022
0.943183 0.056682 0.000135
0.775994 0.223873 0.000133
0.887675 0.110195 0.002130
0.000496 0.999504 0.000000
0.946021 0.001992 0.051986
0.157722 0.820205 0.022074
0.829497 0.140227 0.030276
0.386906 0.613020 0.000074
0.192165 0.807834 0.000001
0.264070 0.000001 0.735929
0.018760 0.981240 0.000000
0.071352 0.000000 0.928647
0.000660 0.999340 0.000000
0.630429 0.369133 0.000438
0.054266 0.945734 0.000001
0.380970 0.618964 0.000066
0.160739 0.000000 0.839260
0.959543 0.035581 0.004876
0.655647 0.344286 0.000068
0.457302 0.542529 0.000169
0.874808 0.123669 0.001523
0.955158 0.044672 0.000170
0.007416 0.000000 0.992584
0.923668 0.000447 0.075885
0.101918 0.000001 0.898081
0.929674 0.002753 0.067573
0.632863 0.004919 0.362217
0.310534 0.689421 0.000044
0.973288 0.020193 0.006519
0.732574 0.266556 0.000870
0.400637 0.000006 0.599357
0.152565 0.847435 0.000000
0.841232 0.026976 0.131792
0.393667 0.606287 0.000046
0.898058 0.101937 0.000004
0.011408 0.988592 0.000000
0.942542 0.057126 0.000332
0.846904 0.000096 0.153001
0.176440 0.000019 0.823541
0.236144 0.763855 0.000001
0.945413 0.021473 0.033113
0.058461 0.940861 0.000677
0.898870 0.067139 0.033991
0.871297 0.003246 0.125457
0.752600 0.245848 0.001552
0.984915 0.008250 0.006835
0.622453 0.376323 0.001224
0.776536 0.000056 0.223408
0.015840 0.984160 0.000000
0.950711 0.001809 0.047480
0.946807 0.008414 0.044779
0.865991 0.073440 0.060568
0.991861 0.000588 0.007551
0.082051 0.000000 0.917948
0.879208 0.120640 0.000152
0.014339 0.985660 0.000000
0.991503 0.003902 0.004595
0.680405 0.317265 0.002330
0.949971 0.001141 0.048889
0.001998 0.998002 0.000000
0.796875 0.192722 0.010403
0.577858 0.421576 0.000566
0.025602 0.974398 0.000000
0.905300 0.083323 0.011376
0.914680 0.011519 0.073801
0.571491 0.000369 0.428140
0.471175 0.528825 0.000000
0.887035 0.112570 0.000394
0.004352 0.995646 0.000002
0.989695 0.001515 0.008790
0.006081 0.993918 0.000001
0.941918 0.000031 0.058051
0.924228 0.000034 0.075739
0.508903 0.436211 0.054886
0.004260 0.000000 0.995740
0.703902 0.295211 0.000887
0.886064 0.111291 0.002645
0.692860 0.307131 0.000009
0.900487 0.007485 0.092028
0.908382 0.091487 0.000131
0.568055 0.431765 0.000180
0.849058 0.150909 0.000033
0.855171 0.139095 0.005734
0.080227 0.919771 0.000001
0.908278 0.017474 0.074249
0.654571 0.344480 0.000949
0.465169 0.534813 0.000018
0.995860 0.001465 0.002675
0.124560 0.875440 0.000001
0.820545 0.002470 0.176984
0.891022 0.105824 0.003154
0.690928 0.308563 0.000508
0.956881 0.011319 0.031799
0.581224 0.418709 0.000067
0.516521 0.000246 0.483233
0.712505 0.283345 0.004151
0.925098 0.022461 0.052442
0.895489 0.104346 0.000165
0.000036 0.999964 0.000000
0.914108 0.073426 0.012466
0.078799 0.000001 0.921200
0.273739 0.726259 0.000003
0.125527 0.874471 0.000002
0.640556 0.358805 0.000639
0.414149 0.000031 0.585820
0.939136 0.030670 0.030194
0.770253 0.000276 0.229471
0.782231 0.217532 0.000237
0.958199 0.041594 0.000207
0.750596 0.002298 0.247106
0.944943 0.045550 0.009507
0.838783 0.000292 0.160924
0.834475 0.000267 0.165258
0.518540 0.478642 0.002818
0.600032 0.399967 0.000001
0.163093 0.825436 0.011471
0.911291 0.085907 0.002802
0.272178 0.727814 0.000008
0.634711 0.000034 0.365255
0.822055 0.012024 0.165922
0.002036 0.000000 0.997964
0.707057 0.288952 0.003992
0.077438 0.922562 0.000000
0.686136 0.313851 0.000013
0.992546 0.004101 0.003353
0.900402 0.099031 0.000567
0.792036 0.207946 0.000018
0.972890 0.020984 0.006126
0.973435 0.002527 0.024037
0.097212 0.902782 0.000007
0.347684 0.594150 0.058166
0.716237 0.278558 0.005205
0.746441 0.249619 0.003939
0.976614 0.013838 0.009548
0.811964 0.186664 0.001372
0.000737 0.999263 0.000000
0.054298 0.000000 0.945702
0.946659 0.006197 0.047144
0.736707 0.259519 0.003774
0.633585 0.364423 0.001992
0.007127 0.992873 0.000000
0.850783 0.000199 0.149018
0.994222 0.003166 0.002612
0.726405 0.000290 0.273305
0.020111 0.979835 0.000055
0.945435 0.052443 0.002121
0.973938 0.021091 0.004971
0.956802 0.020839 0.022359
0.059990 0.940009 0.000001
0.835872 0.010731 0.153397
0.411425 0.588499 0.000076
0.957411 0.000057 0.042532
0.978797 0.000128 0.021076
0.000614 0.000000 0.999386
0.028906 0.000000 0.971094
0.878988 0.120238 0.000775
0.932195 0.066793 0.001012
0.006976 0.993024 0.000000
0.047401 0.952598 0.000001
0.989352 0.009912 0.000736
0.956923 0.000863 0.042214
0.668510 0.002652 0.328838
0.686083 0.310565 0.003352
0.687169 0.312625 0.000207
0.939334 0.000571 0.060095
0.938806 0.036763 0.024431
0.971653 0.024829 0.003518
0.877684 0.120900 0.001416
0.028237 0.971763 0.000000
0.868270 0.128935 0.002795
0.305282 0.692163 0.002555
0.471880 0.000964 0.527156
0.848961 0.008146 0.142893
0.778660 0.215575 0.005765
0.792065 0.175402 0.032533
0.835672 0.004974 0.159354
0.000371 0.999629 0.000000
0.979958 0.006418 0.013624
0.094636 0.000001 0.905362
0.955649 0.015693 0.028657
0.774016 0.001270 0.224714
0.197989 0.801991 0.000020
0.001013 0.000000 0.998987
0.844820 0.000370 0.154811
0.768917 0.230287 0.000796
0.904082 0.095380 0.000538
0.873517 0.123885 0.002599
0.812066 0.001989 0.185946
0.852232 0.146801 0.000967
0.770745 0.030865 0.198390
0.966388 0.028935 0.004677
0.019344 0.000001 0.980655
0.925500 0.074489 0.000011
0.000623 0.999377 0.000000
0.758457 0.000052 0.241491
0.743745 0.199615 0.056639
0.328952 0.671047 0.000001
0.224569 0.775404 0.000028
0.713995 0.001430 0.284575
0.093481 0.906515 0.000004
0.969341 0.020109 0.010550
0.762404 0.136857 0.100739
0.062975 0.937024 0.000001
0.914756 0.031235 0.054009
0.974517 0.000100 0.025384
0.975585 0.006609 0.017806
0.878074 0.030977 0.090949
0.920190 0.000017 0.079793
0.979061 0.015510 0.005430
0.884535 0.059945 0.055520
0.655669 0.343552 0.000779
0.991790 0.000815 0.007396
0.902558 0.041444 0.055998
0.093369 0.906631 0.000000
0.893480 0.067464 0.039055
0.376993 0.622994 0.000012
0.970153 0.000864 0.028983
0.585226 0.413759 0.001014
0.526138 0.392424 0.081438
0.901199 0.098221 0.000580
0.497637 0.000158 0.502206
0.989021 0.009302 0.001677
0.960101 0.022045 0.017854
0.719309 0.280291 0.000400
0.179076 0.001084 0.819840
0.487673 0.000010 0.512316
0.624474 0.375282 0.000244
0.380143 0.619856 0.000001
0.001553 0.000000 0.998447
0.965756 0.000075 0.034169
0.172904 0.779951 0.047145
0.007618 0.992382 0.000000
0.495771 0.408790 0.095438
0.837187 0.000814 0.162000
0.741404 0.255494 0.003101
0.612399 0.387592 0.000009
0.249701 0.745846 0.004454
0.350509 0.649431 0.000060
0.096152 0.903840 0.000008
0.903604 0.095605 0.000791
0.842965 0.103780 0.053255
0.208319 0.791636 0.000046
0.944166 0.054877 0.000957
0.241665 0.000126 0.758209
0.967854 0.029172 0.002974
0.897131 0.080304 0.022565
0.873070 0.125907 0.001023
0.427468 0.572523 0.000009
0.702699 0.295461 0.001840
0.131972 0.867836 0.000192
0.668012 0.004516 0.327473
0.933281 0.000026 0.066693
0.002642 0.997357 0.000001
0.980657 0.001162 0.018182
0.004618 0.995379 0.000004
0.030162 0.969838 0.000000
0.459722 0.000002 0.540275
0.435791 0.528181 0.036027
0.848412 0.126470 0.025118
0.773733 0.225179 0.001088
0.301674 0.698284 0.000042
0.850140 0.149148 0.000712
0.241561 0.007367 0.751072
0.559514 0.006232 0.434254
0.867698 0.132290 0.000012
0.619057 0.380936 0.000007
0.888611 0.110814 0.000575
0.952432 0.045556 0.002012
0.943144 0.000116 0.056741
0.613922 0.386065 0.000013
0.695534 0.304170 0.000296
0.492144 0.507763 0.000093
0.007946 0.992054 0.000000
0.842217 0.157544 0.000239
0.885111 0.021414 0.093474
0.808325 0.190956 0.000719
0.936020 0.058252 0.005728
0.561415 0.000241 0.438344
0.973387 0.021608 0.005005
0.963766 0.002165 0.034069
0.000967 0.999033 0.000000
0.960544 0.007560 0.031896
0.933691 0.064672 0.001637
0.222796 0.000051 0.777153
0.971122 0.005303 0.023575
0.938626 0.051960 0.009414
0.828458 0.110258 0.061283
0.863441 0.003606 0.132953
0.900060 0.099932 0.000008
0.900285 0.024074 0.075641
0.754295 0.239907 0.005798
0.272787 0.725669 0.001545
0.456640 0.543238 0.000122
0.659264 0.339129 0.001607
0.551735 0.448229 0.000036
0.934300 0.061050 0.004650
0.952587 0.045255 0.002158
0.802558 0.135342 0.062100
0.664295 0.016163 0.319541
0.811045 0.188439 0.000516
0.000472 0.999528 0.000000
0.292458 0.702791 0.004752
0.708897 0.291088 0.000015
0.672438 0.325738 0.001824
0.777438 0.220542 0.002019
0.632092 0.364451 0.003456
0.503586 0.496197 0.000217
0.909866 0.084149 0.005986
0.540307 0.459693 0.000000
0.044399 0.000000 0.955601
0.975256 0.011205 0.013539
0.850830 0.001616 0.147554
0.861513 0.101670 0.036818
0.603646 0.000271 0.396083
0.670260 0.001771 0.327969
0.704529 0.295431 0.000040
0.086197 0.913802 0.000000
0.342260 0.000102 0.657638
0.027357 0.972441 0.000202
0.896248 0.093058 0.010694
0.981445 0.017630 0.000925
0.845239 0.153530 0.001231
0.922115 0.066916 0.010969
0.051696 0.948304 0.000000
0.681248 0.318657 0.000095
0.832130 0.000822 0.167047
0.937516 0.021484 0.041001
0.910260 0.026347 0.063393
0.045050 0.954949 0.000000
0.231887 0.157059 0.611053
0.043360 0.000001 0.956640
0.985211 0.013971 0.000818
0.937469 0.000685 0.061846
0.579193 0.037110 0.383697
0.006363 0.000001 0.993636
0.554547 0.000005 0.445447
0.888253 0.109536 0.002212
0.943740 0.052437 0.003823
0.002089 0.997911 0.000000
0.978740 0.000146 0.021114
0.000031 0.999969 0.000000
0.698083 0.298037 0.003880
0.610853 0.001998 0.387148
0.941567 0.002198 0.056234
0.851630 0.148323 0.000046
0.757278 0.024978 0.217745
0.018374 0.981626 0.000000
0.702414 0.293084 0.004503
0.249347 0.750647 0.000005
0.867643 0.130966 0.001390
0.901327 0.093048 0.005625
0.091918 0.000001 0.908082
0.009480 0.000007 0.990513
0.933415 0.064722 0.001863
0.552296 0.447676 0.000028
0.991611 0.001018 0.007372
0.826015 0.169132 0.004854
0.531009 0.032647 0.436344
0.603377 0.396589 0.000033
0.753989 0.232613 0.013398
0.917258 0.046495 0.036247
0.842672 0.140671 0.016657
0.000184 0.999816 0.000000
0.784161 0.215649 0.000190
0.800675 0.019690 0.179635
0.992753 0.000395 0.006852
0.065920 0.934080 0.000000
0.878504 0.045532 0.075963
0.968127 0.000080 0.031793
0.914722 0.078799 0.006479
0.967768 0.000361 0.031871
0.178941 0.000088 0.820970
0.954642 0.002405 0.042953
0.265311 0.000037 0.734652
0.951597 0.045944 0.002459
0.909208 0.082632 0.008160
0.940457 0.056780 0.002763
0.593795 0.018486 0.387718
0.000857 0.000000 0.999143
0.833485 0.009471 0.157044
0.862869 0.019370 0.117760
0.646085 0.353501 0.000414
0.169067 0.830933 0.000000
0.995672 0.003289 0.001039
0.782528 0.000067 0.217404
0.110271 0.000000 0.889729
0.263088 0.736885 0.000027
0.919144 0.059836 0.021020
0.000820 0.999180 0.000000
0.991506 0.005809 0.002684
0.544640 0.455149 0.000211
0.968451 0.029798 0.001752
0.000147 0.999853 0.000000
0.955015 0.035424 0.009561
0.975279 0.015772 0.008949
0.856666 0.007624 0.135710
0.823537 0.136558 0.039905
0.007902 0.992098 0.000000
0.082372 0.917627 0.000000
0.191127 0.808869 0.000003
0.001222 0.000000 0.998778
0.395960 0.603973 0.000067
0.176126 0.822012 0.001862
0.000931 0.999069 0.000000
0.783915 0.142324 0.073760
0.846029 0.153591 0.000380
0.978648 0.010400 0.010953
0.105223 0.000001 0.894777
0.756129 0.007762 0.236108
0.732072 0.180629 0.087300
0.312501 0.000002 0.687497
0.010889 0.989111 0.000000
0.825530 0.174337 0.000133
0.231503 0.000000 0.768497
0.432058 0.000000 0.567942
0.008095 0.991905 0.000000
0.941327 0.011951 0.046722
0.727168 0.265322 0.007510
0.589484 0.000167 0.410349
0.957107 0.024428 0.018466
0.596193 0.403762 0.000045
0.882635 0.111115 0.006250
0.622814 0.376973 0.000213
0.729178 0.270728 0.000094
0.050369 0.000000 0.949631
0.918064 0.000365 0.081572
0.023472 0.976528 0.000000
0.850034 0.148856 0.001110
0.835113 0.163869 0.001017
0.163548 0.000000 0.836452
0.838751 0.160848 0.000400
0.685494 0.312084 0.002422
0.081641 0.917004 0.001355
0.726091 0.267413 0.006495
0.952876 0.026721 0.020403
0.610498 0.389340 0.000162
0.043661 0.956315 0.000024
0.975847 0.017574 0.006580
0.922933 0.048791 0.028276
0.000359 0.999641 0.000000
0.994792 0.002954 0.002254
0.937029 0.052502 0.010469
0.814265 0.185263 0.000472
0.722625 0.003498 0.273877
0.131966 0.868028 0.000006
0.057616 0.000000 0.942384
0.940204 0.036562 0.023234
0.833578 0.165831 0.000591
0.918200 0.080550 0.001250
0.808103 0.191314 0.000583
0.730927 0.252697 0.016376
0.931173 0.068671 0.000156
0.018295 0.981705 0.000000
0.940777 0.055741 0.003483
0.165074 0.834917 0.000009
0.947111 0.008145 0.044744
0.761135 0.238540 0.000325
0.951716 0.025952 0.022331
0.913754 0.085095 0.001151
0.799912 0.181694 0.018394
0.947037 0.047114 0.005850
0.323891 0.633242 0.042867
0.933372 0.023093 0.043535
0.617975 0.381274 0.000751
0.783012 0.000032 0.216956
0.067925 0.000079 0.931997
0.176350 0.000018 0.823632
0.221767 0.157512 0.620721
0.911983 0.000179 0.087838
0.998190 0.000136 0.001674
0.907570 0.019152 0.073278
0.015907 0.000000 0.984093
0.032870 0.967130 0.000000
0.945158 0.012661 0.042180
0.773281 0.225237 0.001482
0.764769 0.000936 0.234295
0.876365 0.116333 0.007302
0.715428 0.284559 0.000012
0.857766 0.142032 0.000202
0.143899 0.000000 0.856101
0.853324 0.004470 0.142206
0.512063 0.002118 0.485819
0.876164 0.005260 0.118576
0.978856 0.010396 0.010748
0.982867 0.012964 0.004170
0.056957 0.000002 0.943041
0.877039 0.121885 0.001076
0.008203 0.991794 0.000003
0.441956 0.000063 0.557981
0.761724 0.005957 0.232318
0.947418 0.046881 0.005702
0.786460 0.213186 0.000354
0.183616 0.000000 0.816384
0.796953 0.000220 0.202828
0.276185 0.723768 0.000047
0.919066 0.077335 0.003599
0.920672 0.004081 0.075246
0.979516 0.014057 0.006426
0.739004 0.231922 0.029074
0.650235 0.348451 0.001314
0.922622 0.073595 0.003782
0.033466 0.966534 0.000000
0.888969 0.100190 0.010842
0.882142 0.115861 0.001997
0.087783 0.912207 0.000010
0.790972 0.208386 0.000642
0.789641 0.033309 0.177050
0.900848 0.099136 0.000016
0.541548 0.000201 0.458251
0.168854 0.000001 0.831146
0.993635 0.003320 0.003045
0.845197 0.011594 0.143209
0.916182 0.000533 0.083285
0.016612 0.983388 0.000000
0.426388 0.000003 0.573609
0.832515 0.164678 0.002807
0.916804 0.056734 0.026461
0.000425 0.999575 0.000000
0.648416 0.351511 0.000073
0.939592 0.040488 0.019920
0.971985 0.001847 0.026169
0.626951 0.372764 0.000284
0.981697 0.006567 0.011736
0.744914 0.000016 0.255070
0.801360 0.071263 0.127378
0.468398 0.000010 0.531592
0.943501 0.054618 0.001880
0.917298 0.069920 0.012782
0.725927 0.000162 0.273911
0.024240 0.975760 0.000000
0.167834 0.000000 0.832166
0.990820 0.000507 0.008673
0.620525 0.000014 0.379462
0.857753 0.140862 0.001384
0.766288 0.191963 0.041749
0.870705 0.124780 0.004515
0.095505 0.904486 0.000009
0.955979 0.040013 0.004008
0.588168 0.411723 0.000108
0.926979 0.041066 0.031955
0.000321 0.999679 0.000000
0.004777 0.995223 0.000000
0.042409 0.957591 0.000000
0.601595 0.398158 0.000247
0.910158 0.089336 0.000505
0.963862 0.002797 0.033341
0.786696 0.000010 0.213294
0.852295 0.002131 0.145574
0.049134 0.000000 0.950866
0.966343 0.020343 0.013314
0.010405 0.989576 0.000018
0.983105 0.015313 0.001582
0.713744 0.285926 0.000330
0.959231 0.026936 0.013834
0.630522 0.369031 0.000446
0.890039 0.079392 0.030569
0.993412 0.005108 0.001480
0.970305 0.022508 0.007187
0.910814 0.047891 0.041295
0.007947 0.992053 0.000000
0.001112 0.998888 0.000000
0.039675 0.960325 0.000000
0.118050 0.000027 0.881923
0.058229 0.000028 0.941743
0.035952 0.000022 0.964026
0.038879 0.961121 0.000000
0.841428 0.134926 0.023646
0.717961 0.281700 0.000339
0.975116 0.009192 0.015691
0.015386 0.984614 0.000000
0.794514 0.204039 0.001447
0.885252 0.105295 0.009453
0.171285 0.828086 0.000629
0.002228 0.997772 0.000000
0.981484 0.006797 0.011719
0.909787 0.087770 0.002443
0.006120 0.993880 0.000000
0.543183 0.000022 0.456795
0.803893 0.182083 0.014025
0.760488 0.003759 0.235753
0.021025 0.978914 0.000061
0.709068 0.176712 0.114220
0.334078 0.660833 0.005089
0.876964 0.000043 0.122993
0.614342 0.385625 0.000033
0.967816 0.031526 0.000658
0.995273 0.001600 0.003127
0.810107 0.189051 0.000843
0.751042 0.248661 0.000298
0.913291 0.022609 0.064100
0.889789 0.024405 0.085806
0.640695 0.359278 0.000028
0.827468 0.039522 0.133010
0.874941 0.016851 0.108208
0.642981 0.285497 0.071522
0.602834 0.397130 0.000036
0.941087 0.056697 0.002216
0.694104 0.303396 0.002500
0.285650 0.000328 0.714022
0.876904 0.120685 0.002411
0.915674 0.075713 0.008612
0.044145 0.955547 0.000309
0.048980 0.951019 0.000001
0.783789 0.215281 0.000930
0.824987 0.175010 0.000003
0.951871 0.021610 0.026520
0.952038 0.047839 0.000123
0.936801 0.054165 0.009034
0.863142 0.136383 0.000475
0.020883 0.979117 0.000000
0.432157 0.567374 0.000468
0.517229 0.482444 0.000327
0.386931 0.000021 0.613049
0.885030 0.114943 0.000027
0.857389 0.057585 0.085025
0.037198 0.962802 0.000000
0.993129 0.005325 0.001546
0.013758 0.000000 0.986242
0.885617 0.111033 0.003350
0.965002 0.017639 0.017359
0.770695 0.020303 0.209002
0.850571 0.001106 0.148323
0.002029 0.997971 0.000000
0.968135 0.026702 0.005163
0.778680 0.220768 0.000553
0.917100 0.078683 0.004217
0.645060 0.002570 0.352370
0.900464 0.096388 0.003148
0.097928 0.000000 0.902072
0.778112 0.000045 0.221843
0.015776 0.984080 0.000144
0.606692 0.393306 0.000001
0.883151 0.092561 0.024287
0.939608 0.001359 0.059033
0.633422 0.365507 0.001071
0.713548 0.010532 0.275920
