0.000188 0.978292 0.019930 0.000252 0.001314 0.000024
0.005726 0.621586 0.328139 0.003283 0.037521 0.003745
0.868959 0.007711 0.110094 0.006558 0.006327 0.000350
0.751226 0.084387 0.112292 0.049345 0.002526 0.000225
0.000266 0.972101 0.026709 0.000344 0.000530 0.000049
0.000175 0.979658 0.018387 0.000242 0.001510 0.000027
0.148032 0.189952 -0.000000 0.625860 0.016451 0.019704
0.844061 0.010378 0.127464 0.006037 0.011947 0.000112
0.000044 0.995039 0.000959 0.000146 0.003754 0.000059
0.002792 0.020331 0.097342 0.877018 0.002457 0.000060
0.008418 0.000000 0.002173 0.004585 0.179473 0.805350
0.200007 0.141326 0.000000 0.653327 0.001302 0.004039
0.963239 0.010271 0.017480 0.001458 0.006810 0.000741
0.939242 0.018903 0.036120 0.001066 0.004606 0.000063
0.000505 0.027931 0.005714 0.891633 0.029032 0.045186
0.699772 0.069134 0.164149 0.003775 0.063139 0.000031
0.000516 0.030960 0.006927 0.890649 0.027846 0.043102
0.038833 0.270830 0.515337 0.105442 0.060386 0.009173
0.000204 0.976652 0.021768 0.000267 0.001086 0.000024
0.164840 0.053911 0.472501 0.236839 0.005754 0.066155
0.011839 0.000000 0.009466 0.005673 0.181354 0.791668
0.000239 0.974514 0.024039 0.000315 0.000849 0.000044
0.002968 0.024060 0.124340 0.847191 0.001408 0.000033
0.773329 0.042937 0.155265 0.019586 0.002311 0.006573
0.234884 0.139717 0.074218 0.358889 0.029106 0.163186
0.002904 0.032591 0.134279 0.825289 0.004922 0.000015
0.950815 0.014568 0.030193 0.001175 0.002969 0.000279
0.044600 0.382506 0.114718 0.043878 0.392058 0.022239
0.000741 0.091489 0.030577 0.867522 0.006853 0.002819
0.974905 0.006230 0.005470 0.001731 0.010482 0.001182
0.000937 0.319287 0.046097 0.020243 0.526911 0.086526
0.000700 0.979571 0.013757 0.001322 0.003863 0.000787
0.038040 0.002795 0.863465 0.000926 0.094028 0.000747
0.000256 0.973132 0.025558 0.000334 0.000672 0.000049
0.435445 0.003590 0.357332 0.007972 0.170045 0.025616
0.002563 0.000000 0.001385 0.002273 0.738300 0.255479
0.000234 0.974685 0.023880 0.000306 0.000857 0.000039
0.926923 0.024013 0.033830 0.001168 0.013925 0.000141
0.000265 0.970547 0.028601 0.000323 0.000240 0.000024
0.000215 0.976071 0.022371 0.000283 0.001028 0.000032
0.971220 0.007508 0.009266 0.001644 0.009320 0.001042
0.000610 0.055819 0.016874 0.882355 0.018203 0.026138
0.281768 0.557984 0.045332 0.040567 0.063271 0.011078
0.602363 0.243654 0.100698 0.011359 0.034397 0.007528
0.042208 0.899238 0.017582 0.032247 0.007340 0.001384
0.008254 0.000000 0.001824 0.004533 0.179390 0.806000
0.092265 0.810738 0.047864 0.047981 0.000609 0.000543
0.492038 0.365045 0.082739 0.000682 0.057889 0.001606
0.104859 0.784663 0.041737 0.063541 0.001961 0.003240
0.221611 0.050050 0.250651 0.350982 0.009961 0.116745
0.000242 0.972081 0.026953 0.000293 0.000419 0.000013
0.000265 0.970666 0.028452 0.000325 0.000264 0.000026
0.000046 0.994751 0.001284 0.000148 0.003712 0.000058
0.000223 0.975555 0.022920 0.000294 0.000971 0.000036
0.000233 0.973134 0.025757 0.000287 0.000573 0.000016
0.697998 0.113073 0.016607 0.018660 0.122366 0.031295
0.000197 0.000979 0.063766 0.069008 0.857159 0.008892
0.010536 0.000000 0.006689 0.005259 0.180691 0.796826
0.724075 0.062267 0.156084 0.004002 0.053517 0.000055
0.000057 0.993448 0.002762 0.000156 0.003521 0.000056
0.000339 0.972437 0.025660 0.000496 0.000909 0.000158
0.007991 0.004376 0.834876 0.098802 0.046946 0.007009
0.806618 0.014254 0.151672 0.020415 0.006974 0.000066
0.000203 0.976939 0.021432 0.000267 0.001133 0.000026
0.930201 0.004200 0.042285 0.009273 0.012775 0.001266
0.000189 0.978113 0.020135 0.000253 0.001287 0.000024
0.951100 0.014509 0.029216 0.001199 0.003661 0.000314
0.008665 0.696566 0.283666 0.008973 0.000443 0.001687
0.007925 0.078382 0.041851 0.823133 0.033137 0.015572
0.776856 0.086234 0.005938 0.002433 0.127434 0.001105
0.242482 0.490894 0.259597 0.006669 0.000000 0.000358
0.000044 0.995046 0.000950 0.000146 0.003756 0.000059
0.633290 0.145667 0.191949 0.011817 0.016690 0.000588
0.000341 0.130425 0.009432 0.697402 0.144576 0.017823
0.356647 0.412505 0.047139 0.080010 0.099741 0.003958
0.836501 0.100629 0.022832 0.001349 0.028755 0.009934
0.956460 0.012624 0.024301 0.001306 0.004817 0.000493
0.578425 0.276221 0.121689 0.009563 0.012460 0.001641
0.187760 0.583415 0.118496 0.096934 0.007782 0.005613
0.863158 0.007749 0.118923 0.006173 0.003765 0.000233
0.000723 0.980037 0.012978 0.001376 0.004059 0.000828
0.000255 0.970984 0.028163 0.000307 0.000275 0.000015
0.723537 0.069051 0.094049 0.093940 0.012868 0.006554
0.256190 0.005936 0.546740 0.003708 0.184906 0.002521
0.003260 0.000306 0.072871 0.218544 0.440083 0.264936
0.022491 0.000000 0.954533 0.010847 0.010655 0.001475
0.000214 0.975258 0.023363 0.000272 0.000875 0.000018
0.641440 0.223864 0.130944 0.000634 0.002878 0.000241
0.000514 0.030350 0.006693 0.890892 0.028042 0.043510
0.000056 0.993563 0.002632 0.000155 0.003538 0.000056
0.000725 0.086751 0.028856 0.869947 0.007940 0.005782
0.543090 0.006948 0.409287 0.029205 0.009883 0.001587
0.268073 0.005584 0.585003 0.003710 0.135619 0.002012
0.547204 0.151535 0.234273 0.053190 0.013012 0.000788
0.010713 0.000000 0.007066 0.005315 0.180791 0.796115
0.849169 0.008993 0.130762 0.005766 0.005237 0.000073
0.008242 0.000000 0.001798 0.004529 0.179383 0.806048
0.003033 0.222870 0.625363 0.026022 0.101751 0.020960
0.000145 0.983276 0.014289 0.000220 0.002037 0.000034
0.446626 0.115904 0.386782 0.026634 0.022672 0.001383
0.775440 0.018374 0.137924 0.022051 0.045992 0.000219
0.000226 0.973770 0.025054 0.000279 0.000657 0.000014
0.710388 0.065979 0.164764 0.003802 0.055032 0.000034
0.000155 0.981979 0.015759 0.000228 0.001847 0.000031
0.149857 0.001619 0.010013 0.072324 0.557464 0.208723
0.062432 0.046419 0.723952 0.000000 0.140298 0.026900
0.000295 0.972468 0.026015 0.000406 0.000721 0.000095
0.000262 0.137998 0.005195 0.663669 0.171899 0.020977
0.034069 0.027333 0.758920 0.018028 0.160987 0.000663
0.000155 0.981996 0.015741 0.000227 0.001850 0.000031
0.016235 0.000000 0.018834 0.007072 0.183736 0.774123
0.000270 0.970873 0.028157 0.000338 0.000324 0.000037
0.008321 0.000000 0.001966 0.004554 0.179424 0.805735
0.000057 0.000733 0.005406 0.037641 0.946757 0.009406
0.000049 0.994459 0.001616 0.000149 0.003669 0.000058
0.000596 0.052633 0.015461 0.882847 0.020008 0.028455
0.302093 0.108978 0.533143 0.006251 0.049528 0.000008
0.000259 0.970367 0.028870 0.000309 0.000182 0.000013
0.000290 0.001142 0.102524 0.089652 0.797924 0.008468
0.004715 0.004451 0.867736 0.004404 0.101962 0.016731
0.010096 0.000000 0.005752 0.005119 0.180450 0.798583
0.000471 0.019018 0.002149 0.894527 0.032503 0.051333
0.033268 0.004094 0.680982 0.001001 0.279332 0.001324
0.686546 0.073251 0.158471 0.003826 0.077870 0.000036
0.000385 0.973194 0.024326 0.000602 0.001255 0.000237
0.000121 0.986024 0.011177 0.000202 0.002437 0.000040
0.238628 0.282997 0.192265 0.102395 0.176988 0.006728
0.688695 0.070701 0.220403 0.015026 0.003717 0.001459
0.023874 0.003530 0.006166 0.015973 0.924090 0.026367
0.000208 0.976715 0.021650 0.000277 0.001117 0.000032
0.328115 0.205813 0.297161 0.109521 0.054934 0.004455
0.003026 0.027461 0.137494 0.830241 0.001761 0.000018
0.927624 0.023727 0.033885 0.001164 0.013461 0.000139
0.962264 0.010611 0.018449 0.001436 0.006535 0.000706
0.153649 0.082267 0.128325 0.007452 0.627860 0.000446
0.000056 0.993589 0.002603 0.000155 0.003542 0.000056
0.160483 0.443266 0.009310 0.006920 0.372714 0.007307
0.329042 0.382502 0.277846 0.009348 0.000000 0.001262
0.930737 0.022478 0.033718 0.001157 0.011763 0.000146
0.000310 0.973665 0.024430 0.000452 0.001008 0.000135
0.142461 0.006569 0.078356 0.048223 0.700523 0.023868
0.236810 0.111584 0.531340 0.114675 0.005590 0.000000
0.000066 0.992396 0.003955 0.000162 0.003367 0.000053
0.321584 0.017397 0.645764 0.004882 0.009914 0.000460
0.000217 0.975977 0.022469 0.000286 0.001019 0.000033
0.003033 0.000000 0.002346 0.002425 0.736616 0.255580
0.061946 0.864529 0.030152 0.037914 0.004541 0.000918
0.658021 0.212832 0.123353 0.000687 0.004157 0.000951
0.000245 0.971816 0.027247 0.000296 0.000383 0.000013
0.004191 0.000000 0.209613 0.773093 0.003493 0.009609
0.863932 0.025106 0.046156 0.006459 0.058033 0.000313
0.000139 0.983898 0.013583 0.000216 0.002128 0.000036
0.635228 0.146124 0.188023 0.012064 0.017811 0.000750
0.036344 0.002953 0.845269 0.000892 0.113941 0.000601
0.000181 0.979099 0.019013 0.000248 0.001433 0.000027
0.103642 0.171649 0.640454 0.046032 0.028639 0.009583
0.947692 0.015678 0.032845 0.001119 0.002483 0.000183
0.228933 0.000000 0.630631 0.016835 0.098019 0.025581
0.023424 0.000000 0.921963 0.007205 0.047407 0.000001
0.000424 0.122412 0.013905 0.733006 0.115719 0.014534
0.000044 0.995012 0.000989 0.000146 0.003751 0.000059
0.161998 0.669447 0.025379 0.124502 0.005606 0.013068
0.000594 0.106314 0.022966 0.804735 0.057444 0.007947
0.000272 0.970903 0.028112 0.000341 0.000334 0.000039
0.385751 0.355513 0.072600 0.008173 0.174340 0.003624
0.000217 0.142387 0.002778 0.644275 0.187569 0.022774
0.000646 0.101531 0.025741 0.826361 0.039794 0.005927
0.927131 0.023929 0.033841 0.001167 0.013792 0.000141
0.135926 0.660513 0.144017 0.055620 0.003526 0.000398
0.000318 0.972032 0.026331 0.000450 0.000745 0.000123
0.019326 0.000000 0.025893 0.008037 0.207710 0.739034
0.326405 0.521754 0.028532 0.000742 0.119382 0.003185
0.000124 0.985693 0.011549 0.000205 0.002389 0.000039
0.808702 0.073039 0.011786 0.002163 0.103410 0.000900
0.000252 0.973801 0.024782 0.000334 0.000778 0.000053
0.002343 0.000000 0.000936 0.002203 0.739084 0.255433
0.020951 0.000000 0.940084 0.005947 0.033018 0.000000
0.722879 0.000958 0.245443 0.002586 0.026807 0.001328
0.000212 0.976287 0.022136 0.000279 0.001055 0.000031
0.021942 0.000000 0.030986 0.008890 0.186401 0.751781
0.000363 0.000400 0.005160 0.045720 0.905459 0.042898
0.009024 0.000000 0.003465 0.004778 0.179784 0.802949
0.005959 0.000000 0.008328 0.003366 0.726134 0.256214
0.003848 0.000000 0.003206 0.760879 0.048255 0.183812
0.000581 0.048162 0.013810 0.884941 0.021166 0.031339
0.000044 0.994979 0.001026 0.000146 0.003746 0.000059
0.231053 0.150442 0.276925 0.267814 0.002784 0.070983
0.000285 0.970715 0.028221 0.000366 0.000358 0.000055
0.138170 0.031546 0.000000 0.733915 0.006140 0.090229
0.000286 0.972010 0.026645 0.000384 0.000600 0.000076
0.000000 0.073940 0.695594 0.146320 0.008552 0.075595
0.000172 0.980028 0.017967 0.000240 0.001565 0.000028
0.005882 0.000000 0.950964 0.041417 0.000006 0.001731
0.016955 0.003351 0.001924 0.014101 0.937075 0.026594
0.425377 0.081693 0.452932 0.002258 0.035744 0.001996
0.870245 0.023536 0.038285 0.006624 0.060980 0.000330
0.590850 0.264921 0.059803 0.030199 0.043948 0.010280
0.000082 0.990513 0.006089 0.000174 0.003092 0.000049
0.016692 0.000000 0.019834 0.007217 0.185133 0.771124
0.036686 0.002824 0.863936 0.000879 0.095156 0.000518
0.161284 0.006960 0.088511 0.053737 0.662719 0.026789
0.000677 0.073420 0.023851 0.876026 0.011688 0.014337
0.397979 0.454041 0.051972 0.000716 0.092792 0.002500
0.000476 0.020384 0.002697 0.894093 0.031962 0.050386
0.096620 0.172631 0.670930 0.039799 0.017545 0.002475
0.000185 0.978814 0.019319 0.000253 0.001400 0.000029
0.021650 0.000000 0.959694 0.006046 0.012610 0.000000
0.008271 0.004126 0.858464 0.100714 0.020642 0.007782
0.570301 0.279804 0.119904 0.009487 0.018845 0.001659
0.299027 0.114253 0.523058 0.006326 0.057327 0.000009
0.017660 0.003369 0.002356 0.014292 0.935751 0.026571
0.000345 0.972415 0.025631 0.000509 0.000932 0.000167
0.030535 0.000000 0.049336 0.011623 0.193225 0.715281
0.008246 0.000000 0.001808 0.004530 0.179386 0.806030
0.975768 0.005931 0.004579 0.001751 0.010756 0.001215
0.266726 0.000000 0.346218 0.005691 0.378582 0.002783
0.729481 0.106187 0.103530 0.053294 0.007034 0.000474
0.927231 0.023886 0.033882 0.001166 0.013697 0.000139
0.000184 0.978844 0.019296 0.000250 0.001398 0.000027
0.007024 0.000000 0.010502 0.003708 0.722141 0.256624
0.000182 0.978960 0.019168 0.000249 0.001414 0.000027
0.000188 0.978453 0.019732 0.000255 0.001345 0.000027
0.000270 0.970378 0.028763 0.000331 0.000231 0.000028
0.000622 0.097819 0.023638 0.825049 0.043782 0.009089
0.000564 0.046702 0.012485 0.882263 0.024818 0.033169
0.006830 0.749847 0.213025 0.003362 0.023028 0.003908
0.436849 0.335662 0.087023 0.008456 0.129232 0.002778
0.104210 0.000000 0.723299 0.071692 0.045547 0.055251
0.000204 0.977142 0.021175 0.000272 0.001175 0.000031
0.941156 0.018097 0.036685 0.001045 0.002973 0.000044
0.514460 0.009166 0.371025 0.030973 0.071328 0.003049
0.033256 0.003773 0.011912 0.018513 0.906466 0.026080
0.089932 0.814927 0.046675 0.047059 0.000872 0.000535
0.017536 0.942585 0.001805 0.025229 0.010865 0.001979
0.025049 0.000000 0.037637 0.009877 0.189598 0.737838
0.000097 0.988808 0.008022 0.000185 0.002843 0.000046
0.766473 0.043975 0.162307 0.019062 0.002136 0.006047
0.000473 0.019592 0.002379 0.894345 0.032275 0.050935
0.002478 0.000698 0.151072 0.132771 0.677142 0.035840
0.225834 0.112224 0.000000 0.617004 0.004466 0.040471
0.000049 0.994368 0.001719 0.000150 0.003656 0.000057
0.000251 0.971257 0.027863 0.000303 0.000310 0.000015
0.852955 0.008173 0.131508 0.005659 0.001639 0.000066
0.000254 0.970953 0.028205 0.000306 0.000268 0.000014
0.000055 0.000730 0.004664 0.037243 0.947895 0.009413
0.296730 0.057955 0.436336 0.008082 0.200728 0.000169
0.022484 0.000000 0.964578 0.010028 0.001740 0.001171
0.685492 0.107580 0.188928 0.012620 0.004182 0.001199
0.028084 0.924057 0.008555 0.028224 0.009356 0.001724
0.328271 0.016770 0.642591 0.005031 0.006516 0.000822
0.030319 0.005212 0.520214 0.001110 0.441105 0.002039
0.000325 0.971662 0.026715 0.000460 0.000709 0.000128
0.034435 0.004267 0.804175 0.126815 0.026629 0.003679
0.565961 0.120279 0.263563 0.048323 0.001695 0.000179
0.058570 0.242883 0.452681 0.118343 0.116219 0.011303
0.000210 0.976485 0.021917 0.000277 0.001081 0.000030
0.000183 0.978901 0.019234 0.000250 0.001406 0.000027
0.870008 0.027592 0.056857 0.026962 0.004615 0.013966
0.545074 0.201183 0.208945 0.035752 0.004294 0.004752
0.086679 0.076138 0.695256 0.117876 0.011177 0.012874
0.946823 0.016009 0.033190 0.001113 0.002694 0.000171
0.569577 0.291602 0.108258 0.000655 0.029046 0.000863
0.597189 0.108912 0.232474 0.056780 0.003279 0.001366
0.000050 0.994314 0.001780 0.000150 0.003648 0.000057
0.000095 0.988998 0.007806 0.000184 0.002871 0.000046
0.007719 0.000000 0.889334 0.089938 0.000172 0.012837
0.007542 0.024455 0.402011 0.056045 0.135863 0.374083
0.069701 0.850768 0.034659 0.040507 0.003539 0.000827
0.576017 0.264610 0.106042 0.010445 0.037820 0.005066
0.715412 0.001049 0.237797 0.002668 0.041282 0.001791
0.050671 0.002309 0.892533 0.001318 0.050540 0.002629
0.534833 0.163760 0.231417 0.052989 0.016264 0.000736
0.031584 0.917910 0.010796 0.029217 0.008855 0.001638
0.000635 0.097735 0.024479 0.828800 0.040178 0.008172
0.724502 0.000979 0.235795 0.002689 0.033900 0.002134
0.197300 0.045718 0.039120 0.317358 0.006258 0.394246
0.253352 0.006021 0.537371 0.003708 0.196897 0.002652
0.000139 0.983934 0.013544 0.000216 0.002132 0.000036
0.000560 0.042486 0.011557 0.886917 0.023292 0.035188
0.000770 0.000143 0.979685 0.001671 0.017553 0.000179
0.928887 0.023213 0.033942 0.001158 0.012662 0.000138
0.519654 0.008598 0.386466 0.029994 0.053130 0.002158
0.839275 0.011928 0.122310 0.006405 0.019906 0.000175
0.724061 0.000929 0.250516 0.002531 0.021018 0.000946
0.166083 0.000000 0.703661 0.021565 0.106525 0.002166
0.635168 0.172429 0.139221 0.022704 0.024636 0.005842
0.004152 0.004541 0.045117 0.041817 0.082126 0.822247
0.006795 0.004130 0.965356 0.005134 0.011821 0.006765
0.766475 0.071871 0.110897 0.049690 0.000727 0.000340
0.688361 0.066746 0.226560 0.014502 0.002756 0.001074
0.170933 0.168271 -0.000000 0.638212 0.009744 0.012841
0.000140 0.983738 0.013766 0.000217 0.002104 0.000035
0.000047 0.994675 0.001371 0.000148 0.003701 0.000058
0.112090 0.770781 0.042170 0.069143 0.001864 0.003953
0.489169 0.227503 0.184290 0.059853 0.037631 0.001555
0.000175 0.979778 0.018249 0.000242 0.001529 0.000027
0.009758 0.000000 0.005029 0.005011 0.180161 0.800041
0.005951 0.614150 0.307820 0.003654 0.056934 0.011492
0.000205 0.143516 0.002156 0.639280 0.191604 0.023238
0.000572 0.045948 0.012870 0.885452 0.022250 0.032908
0.002103 0.643247 0.084468 0.002005 0.256559 0.011617
0.000192 0.978076 0.020151 0.000259 0.001294 0.000028
0.000153 0.982296 0.015400 0.000226 0.001894 0.000032
0.000734 0.093436 0.030437 0.862931 0.009924 0.002538
0.271801 0.411853 0.309586 0.006619 0.000000 0.000141
0.000277 0.973066 0.025448 0.000377 0.000753 0.000078
0.000233 0.975593 0.022784 0.000316 0.001022 0.000052
0.766715 0.019527 0.134033 0.022516 0.056947 0.000262
0.047881 0.211199 0.585472 0.124535 0.013662 0.017251
0.000723 0.094520 0.029858 0.858248 0.013716 0.002934
0.000194 0.144622 0.001548 0.634393 0.195551 0.023693
0.623922 0.240469 0.125159 0.000640 0.009401 0.000409
0.540589 0.008159 0.353572 0.033414 0.058699 0.005567
0.021775 0.000000 0.958565 0.006112 0.013548 0.000000
0.971780 0.007313 0.008693 0.001657 0.009493 0.001063
0.069580 0.850983 0.034598 0.040459 0.003552 0.000827
0.002310 0.007304 0.015585 0.969947 0.004707 0.000147
0.000047 0.994700 0.001343 0.000148 0.003705 0.000058
0.663044 0.080597 0.147581 0.003932 0.104799 0.000047
0.000306 0.971381 0.027227 0.000417 0.000573 0.000096
0.000609 0.091556 0.021859 0.830343 0.043164 0.012469
0.000545 0.111146 0.020385 0.783812 0.074357 0.009754
0.002580 0.014277 0.061141 0.918609 0.003294 0.000098
0.044511 0.012687 0.899198 0.019420 0.023234 0.000951
0.240512 0.239532 0.508713 0.010962 0.000006 0.000274
0.000000 0.014691 0.004235 0.000000 0.974279 0.006795
0.000254 0.970759 0.028436 0.000304 0.000234 0.000012
0.867858 0.024130 0.041254 0.006562 0.059873 0.000323
0.946405 0.016259 0.031786 0.001150 0.004180 0.000221
0.369866 0.361665 0.068093 0.008086 0.188398 0.003892
0.639745 0.138653 0.196272 0.011648 0.013191 0.000492
0.023606 0.000000 0.044150 0.009051 0.650872 0.272320
0.957260 0.012365 0.023163 0.001332 0.005345 0.000534
0.002512 0.000000 0.006156 0.630408 0.278275 0.082649
0.000206 0.976905 0.021445 0.000273 0.001140 0.000030
0.002323 0.000000 0.000894 0.002196 0.739157 0.255430
0.018298 0.941246 0.002293 0.025445 0.010756 0.001961
0.021374 0.003466 0.004633 0.015297 0.928779 0.026451
0.095114 0.177556 0.659233 0.039635 0.025821 0.002642
0.810446 0.013780 0.150815 0.020524 0.004346 0.000089
0.000678 0.074603 0.024032 0.874371 0.012448 0.013868
0.001148 0.960843 0.034718 0.002052 0.000954 0.000286
0.021865 0.000000 0.040749 0.008486 0.664819 0.264081
0.584391 0.175451 0.185122 0.041456 0.004480 0.009099
0.499427 0.000000 0.224141 0.012551 0.242503 0.021378
0.000000 0.094245 0.816712 0.072120 0.008005 0.008918
0.000052 0.994051 0.002078 0.000152 0.003610 0.000057
0.845515 0.057778 0.018617 0.001850 0.075577 0.000662
0.546087 0.149262 0.240644 0.051797 0.011610 0.000600
0.196490 0.504080 0.241708 0.023141 0.027161 0.007419
0.000047 0.994661 0.001387 0.000148 0.003699 0.000058
0.000218 0.142282 0.002837 0.644740 0.187193 0.022731
0.685870 0.066232 0.230407 0.014204 0.002481 0.000805
0.697642 0.069829 0.162385 0.003798 0.066312 0.000033
0.000044 0.995004 0.000997 0.000146 0.003749 0.000059
0.958739 0.011836 0.021976 0.001358 0.005515 0.000577
0.064161 0.267824 0.000000 0.580695 0.041048 0.046272
0.102762 0.789702 0.045281 0.058821 0.001177 0.002256
0.006505 0.609319 0.336314 0.003922 0.031617 0.012323
0.623950 0.092824 0.129387 0.004109 0.149665 0.000065
0.202896 0.033660 0.733639 0.011328 0.012707 0.005768
0.044995 0.241472 0.520558 0.125911 0.045587 0.021477
0.590668 0.103240 0.113795 0.004262 0.187954 0.000081
0.909039 0.031430 0.030536 0.001315 0.027427 0.000253
0.000785 0.000165 0.968594 0.001797 0.028400 0.000260
0.667950 0.102851 0.199536 0.017079 0.010090 0.002494
0.697838 0.069776 0.162272 0.003801 0.066280 0.000034
0.000730 0.086708 0.029202 0.871505 0.006446 0.005409
0.641129 0.087462 0.137093 0.004036 0.130223 0.000058
0.758642 0.083886 0.124104 0.017243 0.011841 0.004284
0.000044 0.994974 0.001032 0.000146 0.003745 0.000059
0.004850 0.000000 0.006060 0.003009 0.730046 0.256035
0.000472 0.019197 0.002221 0.894470 0.032432 0.051209
0.000260 0.970667 0.028496 0.000315 0.000242 0.000019
0.966953 0.008989 0.013606 0.001545 0.008024 0.000883
0.250641 0.261491 0.473712 0.012622 0.000031 0.001502
0.204275 0.092300 0.187023 0.264019 0.001585 0.250798
0.002367 0.191132 0.004560 0.525522 0.265337 0.011081
0.004800 0.003769 0.919291 0.004145 0.057251 0.010744
0.011082 0.680547 0.276816 0.005556 0.010493 0.015505
0.299279 0.000000 0.301142 0.179824 0.001758 0.217996
0.000169 0.980437 0.017504 0.000238 0.001624 0.000028
0.000000 0.041669 0.870695 0.000000 0.079331 0.008304
0.943896 0.017230 0.032518 0.001141 0.005021 0.000194
0.973815 0.006608 0.006595 0.001705 0.010136 0.001141
0.437603 0.057722 0.499323 0.002004 0.002840 0.000508
0.088470 0.817396 0.045368 0.046956 0.001162 0.000649
0.510640 0.197278 0.206954 0.056517 0.027455 0.001155
0.033792 0.018575 0.860508 0.014700 0.072108 0.000316
0.000167 0.980619 0.017300 0.000236 0.001650 0.000028
0.000162 0.981230 0.016608 0.000232 0.001738 0.000030
0.139261 0.033433 -0.000000 0.732565 0.006045 0.088696
0.704153 0.184234 0.096345 0.000860 0.011083 0.003325
0.569132 0.281760 0.121367 0.009374 0.017093 0.001273
0.003721 0.000000 0.003751 0.002646 0.734133 0.255749
0.152434 0.175430 0.231689 0.076150 0.344742 0.019555
0.000050 0.994288 0.001810 0.000150 0.003644 0.000057
0.000198 0.977926 0.020278 0.000270 0.001294 0.000034
0.000211 0.977623 0.020535 0.000292 0.001292 0.000048
0.273245 0.051934 0.323382 0.007977 0.336796 0.006667
0.950398 0.014786 0.029325 0.001199 0.003981 0.000310
0.000586 0.054095 0.015031 0.878016 0.023669 0.028603
0.441205 0.058782 0.491738 0.002066 0.005250 0.000960
0.073152 0.844548 0.036326 0.041948 0.003168 0.000858
0.074006 0.000000 0.145258 0.025343 0.382171 0.373221
0.802482 0.040549 0.118317 0.004949 0.033548 0.000155
0.701170 0.001211 0.226899 0.002786 0.065556 0.002379
0.000044 0.995042 0.000955 0.000146 0.003755 0.000059
0.000517 0.031224 0.007032 0.890559 0.027746 0.042921
0.000185 0.978717 0.019440 0.000251 0.001380 0.000027
0.000734 0.093498 0.030425 0.862753 0.010053 0.002537
0.344903 0.077302 0.560764 0.006803 0.010214 0.000014
0.249137 0.073288 0.069799 0.350487 0.004686 0.252603
0.000257 0.970777 0.028393 0.000309 0.000248 0.000016
0.171639 0.000000 0.720751 0.021957 0.083317 0.002336
0.047073 0.852540 0.026467 0.039004 0.032937 0.001979
0.000653 0.082953 0.023567 0.855268 0.025060 0.012499
0.000782 0.000178 0.962206 0.001833 0.034727 0.000273
0.757634 0.035928 0.128692 0.005630 0.043992 0.028124
0.184850 0.020087 -0.000000 0.765791 0.009303 0.019969
0.845718 0.010841 0.121069 0.006360 0.015817 0.000195
0.000053 0.993894 0.002257 0.000153 0.003587 0.000056
0.041137 0.249698 0.555661 0.106365 0.039498 0.007640
0.011215 0.032587 0.706963 0.072086 0.035995 0.141154
0.000650 0.101456 0.025985 0.827553 0.038683 0.005672
0.000068 0.992134 0.004252 0.000164 0.003329 0.000053
0.946037 0.016326 0.033199 0.001116 0.003152 0.000170
0.182237 0.591756 0.120885 0.092642 0.007402 0.005078
0.000235 0.973325 0.025510 0.000293 0.000616 0.000021
0.675853 0.076589 0.153618 0.003872 0.090027 0.000041
0.738244 0.043237 0.024989 0.013673 0.178477 0.001379
0.000234 0.973056 0.025845 0.000288 0.000562 0.000015
0.038903 0.003942 0.705395 0.164939 0.064786 0.022035
0.000592 0.106692 0.022845 0.803442 0.058431 0.007998
0.601891 0.261512 0.117434 0.000650 0.017862 0.000651
0.875350 0.007004 0.105815 0.006683 0.004738 0.000409
0.002822 0.000000 0.001914 0.002357 0.737371 0.255537
0.575819 0.278891 0.122930 0.009431 0.011692 0.001237
0.132182 0.672253 0.129272 0.058207 0.006984 0.001102
0.000050 0.994296 0.001800 0.000150 0.003646 0.000057
0.000196 0.977561 0.020740 0.000261 0.001217 0.000026
0.000236 0.973759 0.024973 0.000301 0.000701 0.000029
0.965932 0.009344 0.014640 0.001522 0.007718 0.000845
0.000472 0.019115 0.002188 0.894496 0.032464 0.051266
0.724038 0.111717 0.101132 0.054369 0.008200 0.000544
0.581428 0.269746 0.116202 0.009958 0.019642 0.003024
0.000167 0.980698 0.017210 0.000236 0.001662 0.000029
0.438467 0.071800 0.449293 0.010456 0.029934 0.000051
0.001229 0.065801 0.012337 0.883601 0.036944 0.000088
0.007241 0.150012 0.057748 0.691763 0.089074 0.004162
0.452788 0.108851 0.403870 0.025884 0.007949 0.000658
0.000179 0.979250 0.018845 0.000246 0.001454 0.000027
0.028043 0.005333 0.617685 0.120130 0.221346 0.007462
0.929130 0.023116 0.033933 0.001158 0.012526 0.000138
0.008743 0.000000 0.002865 0.004688 0.179646 0.804058
0.534201 0.007955 0.381017 0.031022 0.042560 0.003246
0.162515 0.074690 0.000000 0.702773 0.004150 0.055872
0.187372 0.125945 0.000000 0.665341 0.002798 0.018543
0.002324 0.000000 0.000897 0.002197 0.739152 0.255430
0.000324 0.971671 0.026715 0.000458 0.000705 0.000126
0.233388 0.145464 0.480967 0.129626 0.010555 0.000000
0.000650 0.086260 0.023844 0.849658 0.028140 0.011448
0.944685 0.016689 0.036372 0.001041 0.001157 0.000056
0.493366 0.298726 0.096020 0.015646 0.093476 0.002766
0.000216 0.974910 0.023762 0.000273 0.000823 0.000017
0.000506 0.975637 0.020282 0.000878 0.002247 0.000449
0.008442 0.562252 0.259673 0.006308 0.107204 0.056121
0.021876 0.000000 0.040783 0.008489 0.665309 0.263543
0.000939 0.151104 0.000000 0.068489 0.324260 0.455207
0.691122 0.193944 0.099424 0.000832 0.011722 0.002957
0.758690 0.083854 0.124096 0.017244 0.011832 0.004284
0.000163 0.981089 0.016765 0.000234 0.001719 0.000030
0.000177 0.979454 0.018617 0.000244 0.001482 0.000026
0.000260 0.970638 0.028533 0.000314 0.000236 0.000018
0.678624 0.080743 0.218358 0.015328 0.005487 0.001460
0.005999 0.000000 0.943938 0.047276 0.000033 0.002754
0.128365 0.006238 0.070194 0.044262 0.727844 0.023097
0.000258 0.138440 0.004959 0.661748 0.173446 0.021149
0.024628 0.000000 0.956417 0.011797 0.004506 0.002652
0.000159 0.981664 0.016112 0.000231 0.001804 0.000031
0.000694 0.090288 0.027296 0.856064 0.018945 0.006713
0.000060 0.993077 0.003183 0.000158 0.003467 0.000055
0.000104 0.987991 0.008947 0.000190 0.002724 0.000044
0.460653 0.326059 0.093318 0.008614 0.108876 0.002480
0.112382 0.005819 0.060341 0.039952 0.757762 0.023745
0.003089 0.723465 0.270510 0.002535 0.000300 0.000101
0.000261 0.973108 0.025544 0.000344 0.000688 0.000055
0.078366 0.835101 0.038660 0.044279 0.002649 0.000944
0.035326 0.012061 0.931425 0.013333 0.007660 0.000195
0.412461 0.143784 0.342664 0.027351 0.071353 0.002388
0.017031 0.042770 0.760697 0.179325 0.000000 0.000176
0.946011 0.016529 0.029851 0.001201 0.006118 0.000290
0.000310 0.133426 0.007750 0.684026 0.155416 0.019073
0.000074 0.991494 0.004977 0.000168 0.003235 0.000051
0.000614 0.058793 0.017547 0.879137 0.019206 0.024704
0.000591 0.050837 0.014893 0.884093 0.020080 0.029506
0.597671 0.108793 0.231881 0.056934 0.003332 0.001388
0.112501 0.711227 0.112851 0.051293 0.011302 0.000826
0.002460 0.000696 0.150000 0.131999 0.679179 0.035666
0.000178 0.979439 0.018633 0.000244 0.001480 0.000026
0.004530 0.823384 0.117967 0.002896 0.044373 0.006850
0.004082 0.000000 0.014688 0.728109 0.193680 0.059440
0.947874 0.015584 0.033192 0.001110 0.002069 0.000171
0.017138 0.003356 0.002036 0.014151 0.936731 0.026588
0.082201 0.189142 0.591698 0.118194 0.012206 0.006560
0.000271 0.970607 0.028470 0.000337 0.000280 0.000034
0.927253 0.023880 0.033830 0.001167 0.013729 0.000141
0.265293 0.006990 0.114534 0.093319 0.400455 0.119410
0.227557 0.303933 0.455901 0.011635 0.000059 0.000916
0.000043 0.995053 0.000942 0.000146 0.003757 0.000059
0.000658 0.100101 0.026304 0.831693 0.035624 0.005621
0.000526 0.033612 0.007977 0.889728 0.026863 0.041294
0.020196 0.000000 0.037422 0.007946 0.674868 0.259569
0.302171 0.227777 0.281684 0.103469 0.081402 0.003497
0.089678 0.197892 0.607123 0.039678 0.061467 0.004160
0.388447 0.166563 0.020063 0.005192 0.419560 0.000175
0.017042 0.007269 0.252289 0.115006 0.590422 0.017972
0.004325 0.000573 0.177460 0.249803 0.360837 0.207001
0.000047 0.994673 0.001374 0.000148 0.003701 0.000058
0.000044 0.994968 0.001039 0.000146 0.003744 0.000059
0.022095 0.003484 0.005076 0.015491 0.927428 0.026426
0.000296 0.970973 0.027808 0.000392 0.000455 0.000076
0.000142 0.983543 0.013987 0.000218 0.002076 0.000035
0.000204 0.143661 0.002077 0.638640 0.192120 0.023298
0.861123 0.007752 0.122098 0.006033 0.002802 0.000191
0.172942 0.018598 -0.000000 0.756304 0.017527 0.034629
0.000315 0.132945 0.008022 0.686181 0.153668 0.018870
0.003619 0.000000 0.166870 0.786254 0.016860 0.026397
0.000044 0.995023 0.000976 0.000146 0.003752 0.000059
0.020942 0.000000 0.957183 0.005766 0.016109 0.000000
0.000166 0.980787 0.017108 0.000235 0.001675 0.000029
0.002931 0.031285 0.134590 0.827004 0.004174 0.000016
0.000045 0.994877 0.001141 0.000147 0.003731 0.000059
0.941658 0.017914 0.036339 0.001052 0.002980 0.000056
0.385890 0.167364 0.018881 0.005204 0.422485 0.000176
0.000271 0.970399 0.028729 0.000333 0.000239 0.000030
0.003664 0.564635 0.426306 0.003319 0.001714 0.000362
0.167952 0.171472 -0.000000 0.636350 0.010646 0.013580
0.192758 0.075572 0.213831 0.007605 0.509867 0.000367
0.960111 0.011372 0.020378 0.001394 0.006110 0.000635
0.728397 0.094373 0.149517 0.015404 0.009253 0.003056
0.000254 0.971127 0.027998 0.000307 0.000298 0.000016
0.000235 0.974982 0.023513 0.000311 0.000915 0.000044
0.003013 0.000762 0.185275 0.155903 0.616203 0.038844
0.959985 0.011415 0.020522 0.001391 0.006058 0.000630
0.000195 0.977890 0.020349 0.000263 0.001274 0.000029
0.333853 0.024396 0.068307 0.047064 0.509504 0.016876
0.000181 0.979086 0.019029 0.000247 0.001430 0.000026
0.000512 0.114150 0.018585 0.769964 0.085686 0.011102
0.000842 0.001405 0.221253 0.256121 0.467123 0.053256
0.183759 0.516671 0.265546 0.019634 0.011872 0.002519
0.000270 0.970790 0.028264 0.000336 0.000306 0.000035
0.000573 0.048813 0.013344 0.881616 0.023940 0.031714
0.022555 0.003496 0.005357 0.015616 0.926561 0.026415
0.003703 0.000000 0.173327 0.784272 0.014917 0.023781
0.003637 0.588803 0.399106 0.003476 0.004390 0.000588
0.067021 0.000000 0.929816 0.002520 0.000540 0.000104
0.947295 0.015830 0.032988 0.001117 0.002593 0.000178
0.433727 0.074264 0.461216 0.002235 0.026598 0.001960
0.000045 0.994935 0.001076 0.000146 0.003739 0.000059
0.011187 0.000000 0.008076 0.005466 0.180998 0.794274
0.169476 0.439761 0.011837 0.006970 0.364796 0.007159
0.550063 0.287226 0.026978 0.088028 0.044987 0.002718
0.762777 0.056668 0.050867 0.105628 0.015878 0.008182
0.000211 0.976576 0.021792 0.000282 0.001105 0.000034
0.042196 0.159176 0.746982 0.011824 0.037056 0.002766
0.021395 0.000000 0.030614 0.008683 0.223674 0.715634
0.753390 0.052717 0.180094 0.003691 0.010085 0.000023
0.000128 0.985223 0.012084 0.000207 0.002320 0.000038
0.000404 0.001344 0.150264 0.115261 0.724701 0.008026
0.970679 0.007695 0.009823 0.001631 0.009150 0.001022
0.129620 0.056834 0.609607 0.165949 0.003231 0.034759
0.000209 0.976553 0.021846 0.000275 0.001088 0.000030
0.047952 0.889148 0.021271 0.033870 0.006518 0.001242
0.000244 0.971855 0.027210 0.000294 0.000386 0.000012
0.326967 0.016827 0.643965 0.004993 0.006518 0.000732
0.000226 0.975485 0.022984 0.000298 0.000968 0.000039
0.135630 0.066058 0.696212 0.014884 0.079415 0.007800
0.000268 0.972027 0.026781 0.000347 0.000526 0.000051
0.081921 0.828425 0.039403 0.046586 0.002484 0.001182
0.941344 0.018065 0.035922 0.001064 0.003534 0.000071
0.000268 0.970384 0.028769 0.000328 0.000225 0.000026
0.025146 0.000000 0.919352 0.007977 0.047524 0.000001
0.681959 0.077400 0.219062 0.015225 0.004897 0.001458
0.962273 0.010615 0.018308 0.001440 0.006653 0.000711
0.000472 0.019305 0.002264 0.894435 0.032389 0.051134
0.949409 0.015070 0.031354 0.001151 0.002780 0.000237
0.006677 0.602470 0.313967 0.004262 0.052800 0.019825
0.181784 0.040111 0.732878 0.009928 0.033228 0.002071
0.134575 0.068067 0.686714 0.014986 0.087394 0.008263
0.742214 0.056033 0.179578 0.003660 0.018496 0.000019
0.428411 0.078858 0.456297 0.002247 0.032218 0.001968
0.934114 0.021025 0.035251 0.001107 0.008410 0.000093
0.000182 0.979096 0.019010 0.000249 0.001435 0.000028
0.021479 0.003468 0.004698 0.015325 0.928583 0.026447
0.737193 0.098778 0.105766 0.052252 0.005593 0.000419
0.181178 0.042615 0.718330 0.010188 0.044984 0.002705
0.000595 0.106175 0.022978 0.805070 0.057218 0.007965
0.454044 0.000000 0.174797 0.023645 0.177450 0.170064
0.454215 0.328809 0.091797 0.008560 0.114100 0.002520
0.007849 0.000000 0.012187 0.003974 0.719141 0.256850
0.145489 0.053790 0.744542 0.014947 0.033541 0.007691
0.190355 0.022314 0.000000 0.767203 0.012061 0.008068
0.009537 0.677780 0.300522 0.004202 0.003805 0.004154
0.943995 0.016936 0.036920 0.001029 0.001083 0.000037
0.263822 0.005702 0.573334 0.003698 0.151331 0.002113
0.000604 0.977645 0.016962 0.001103 0.003065 0.000620
0.000180 0.979222 0.018873 0.000247 0.001451 0.000027
0.000202 0.977285 0.021022 0.000269 0.001192 0.000030
0.534552 0.164043 0.231343 0.052987 0.016341 0.000735
0.319946 0.000000 0.638708 0.010588 0.026680 0.004077
0.284983 0.413236 0.293850 0.007431 0.000000 0.000500
0.000052 0.994047 0.002083 0.000152 0.003609 0.000057
0.934240 0.020972 0.035299 0.001105 0.008294 0.000091
0.007132 0.741726 0.222924 0.003454 0.020849 0.003916
0.000780 0.000163 0.969557 0.001776 0.027479 0.000244
0.000044 0.994939 0.001071 0.000146 0.003740 0.000059
0.000197 0.977421 0.020897 0.000262 0.001197 0.000026
0.864754 0.007772 0.116221 0.006294 0.004691 0.000269
0.241436 0.494500 0.256998 0.006689 0.000000 0.000376
0.472009 0.000000 0.466216 0.006053 0.053704 0.002018
0.581219 0.114320 0.249175 0.052285 0.002264 0.000736
0.935471 0.020555 0.033902 0.001136 0.008795 0.000141
0.000519 0.975873 0.019882 0.000907 0.002348 0.000470
0.000150 0.982631 0.015019 0.000224 0.001943 0.000033
0.541715 0.196834 0.222422 0.033751 0.002148 0.003130
0.002293 0.006856 0.012652 0.973250 0.004799 0.000150
0.000250 0.971372 0.027736 0.000302 0.000326 0.000014
0.082330 0.827808 0.040038 0.046388 0.002343 0.001094
0.000602 0.054076 0.016033 0.882336 0.019472 0.027481
0.000745 0.092232 0.030950 0.867583 0.006250 0.002240
0.883356 0.000343 0.041075 0.004827 0.049270 0.021130
0.965901 0.009350 0.014743 0.001520 0.007645 0.000841
0.719791 0.052829 0.207627 0.015735 0.001375 0.002642
0.041851 0.165234 0.735037 0.011931 0.042967 0.002980
0.000259 0.970234 0.029029 0.000308 0.000158 0.000011
0.000358 0.000400 0.004833 0.045525 0.905969 0.042915
0.432924 0.067480 0.480040 0.002111 0.016304 0.001141
0.446836 0.331792 0.089854 0.008511 0.120397 0.002610
0.065361 0.000000 0.932119 0.002323 0.000151 0.000046
0.001435 0.647054 0.038467 0.001778 0.297964 0.013301
0.008969 0.004042 0.766520 0.123430 0.058164 0.038874
0.872045 0.046775 0.023594 0.001626 0.055469 0.000490
0.000731 0.090763 0.029810 0.865763 0.009106 0.003827
0.012015 0.389894 0.417066 0.009714 0.156357 0.014955
0.926821 0.024055 0.033828 0.001168 0.013987 0.000141
0.663203 0.116366 0.205457 0.011406 0.003187 0.000381
0.257168 0.134450 0.084418 0.369079 0.022890 0.131996
0.000252 0.970714 0.028508 0.000300 0.000217 0.000008
0.946219 0.016195 0.034198 0.001090 0.002164 0.000134
0.000044 0.995037 0.000961 0.000146 0.003754 0.000059
0.657332 0.121856 0.203338 0.011456 0.005616 0.000402
0.012531 0.099071 0.880521 0.004735 0.002536 0.000606
0.040999 0.002456 0.904960 0.000973 0.049685 0.000927
0.000473 0.019415 0.002308 0.894400 0.032345 0.051058
0.000636 0.099860 0.024808 0.825830 0.041533 0.007334
0.140656 0.060723 0.715124 0.015060 0.060095 0.008342
0.687150 0.073057 0.158884 0.003821 0.077052 0.000036
0.322169 0.053919 0.474589 0.008420 0.140733 0.000170
0.403666 0.161793 0.027098 0.005122 0.402154 0.000168
0.079534 0.833610 0.041442 0.042895 0.002033 0.000485
0.002585 0.691770 0.288303 0.002763 0.014139 0.000440
0.000563 0.043247 0.011851 0.886618 0.023042 0.034681
0.002331 0.000000 0.000911 0.002199 0.739126 0.255433
0.003255 0.000000 0.002800 0.002496 0.735794 0.255655
0.000160 0.981396 0.016420 0.000231 0.001763 0.000030
0.000170 0.980368 0.017582 0.000238 0.001614 0.000028
0.086904 0.210581 0.571616 0.040273 0.084866 0.005760
0.077663 0.836859 0.040093 0.042490 0.002332 0.000563
0.000046 0.994722 0.001318 0.000148 0.003708 0.000058
0.000908 0.000477 0.042761 0.068189 0.846528 0.041138
0.439347 0.058882 0.493958 0.002045 0.004970 0.000797
0.000044 0.994984 0.001021 0.000146 0.003746 0.000059
0.197248 0.140491 0.000000 0.654231 0.001829 0.006202
0.001635 0.000000 0.001383 0.575480 0.325759 0.095744
0.000060 0.993180 0.003066 0.000157 0.003482 0.000055
0.038382 0.002267 0.943706 0.000833 0.014611 0.000200
0.003250 0.000000 0.002791 0.002494 0.735836 0.255629
0.092450 0.066679 0.741739 0.094477 0.001934 0.002720
0.024830 0.000000 0.942606 0.007599 0.024964 0.000001
0.000485 0.000418 0.013637 0.050766 0.892226 0.042469
0.292512 0.058598 0.431669 0.008004 0.209052 0.000164
0.145182 0.642660 0.150447 0.059308 0.001791 0.000612
0.005649 0.010389 0.185660 0.048199 0.070710 0.679395
0.024560 0.000000 0.045871 0.009367 0.636202 0.284000
0.000238 0.972519 0.026458 0.000290 0.000482 0.000014
0.007931 0.000000 0.012360 0.004000 0.719063 0.256646
0.000082 0.990585 0.006007 0.000174 0.003103 0.000050
0.000043 0.995054 0.000941 0.000146 0.003757 0.000059
0.523888 0.299898 0.109264 0.009080 0.056003 0.001867
0.000232 0.974860 0.023687 0.000303 0.000880 0.000038
0.000044 0.995014 0.000987 0.000146 0.003751 0.000059
0.000202 0.143864 0.001966 0.637743 0.192844 0.023381
0.017126 0.048438 0.744225 0.189967 0.000000 0.000244
0.000222 0.975211 0.023350 0.000287 0.000901 0.000029
0.932993 0.021550 0.034014 0.001142 0.010165 0.000136
0.811921 0.013648 0.146239 0.021083 0.006942 0.000167
0.534982 0.163478 0.231717 0.052937 0.016157 0.000729
0.000257 0.970773 0.028395 0.000310 0.000248 0.000016
0.000532 0.976249 0.019309 0.000938 0.002476 0.000495
0.000046 0.994817 0.001210 0.000147 0.003722 0.000058
0.708788 0.066457 0.164610 0.003799 0.056312 0.000034
0.183051 0.626741 0.018536 0.147656 0.007147 0.016868
0.448837 0.056643 0.487140 0.002125 0.003819 0.001437
0.101199 0.074250 0.691634 0.116658 0.004262 0.011997
0.010421 0.010528 0.840889 0.113009 0.013514 0.011639
0.000644 0.066929 0.020731 0.876047 0.016362 0.019287
0.000298 0.134515 0.007123 0.679097 0.159420 0.019547
0.000613 0.104654 0.023964 0.812389 0.051175 0.007206
0.933850 0.021221 0.033715 0.001146 0.009921 0.000147
0.190387 0.149967 0.000000 0.648536 0.004069 0.007041
0.000198 0.144285 0.001734 0.635880 0.194349 0.023554
0.341263 0.000000 0.563290 0.012679 0.051912 0.030857
0.000093 0.989256 0.007514 0.000182 0.002908 0.000047
0.034856 0.309715 0.436673 0.105430 0.100065 0.013261
0.000046 0.994746 0.001291 0.000148 0.003712 0.000058
0.000259 0.971080 0.028006 0.000318 0.000313 0.000024
0.471889 0.281066 0.197290 0.032582 0.014374 0.002799
0.002778 0.019281 0.093652 0.881919 0.002306 0.000064
0.208674 0.581399 0.202611 0.006715 0.000000 0.000601
0.306511 0.021279 0.651423 0.004235 0.016158 0.000394
0.000589 0.107036 0.022735 0.802265 0.059330 0.008044
0.783499 0.000681 0.180466 0.003289 0.024290 0.007776
0.000486 0.023013 0.003751 0.893252 0.030928 0.048569
0.068908 0.095990 0.724527 0.087504 0.017874 0.005196
0.635729 0.145789 0.187933 0.012076 0.017716 0.000758
0.803454 0.014845 0.136045 0.022315 0.023028 0.000313
0.000296 0.134684 0.007045 0.678414 0.159962 0.019599
0.010222 0.000000 0.017043 0.004737 0.710862 0.257137
0.553098 0.289921 0.119145 0.009146 0.027674 0.001017
0.945195 0.016551 0.035197 0.001069 0.001890 0.000098
0.000132 0.984771 0.012597 0.000210 0.002254 0.000037
0.089719 0.201573 0.592702 0.040630 0.069856 0.005521
0.923637 0.025369 0.033351 0.001192 0.016295 0.000157
0.151073 0.639338 0.132937 0.068908 0.005588 0.002157
0.144305 0.026537 0.019695 0.256126 0.002848 0.550489
0.024896 0.000000 0.046424 0.009480 0.628392 0.290808
0.000092 0.989449 0.007295 0.000181 0.002937 0.000047
0.130294 0.733793 0.035915 0.089443 0.003252 0.007303
0.364810 0.011155 0.197819 0.113542 0.252981 0.059693
