0.000191 0.977064 0.020782 0.000199 0.001710 0.000054
0.005144 0.584571 0.272849 0.002294 0.124026 0.011116
0.876373 0.007935 0.094173 0.006233 0.015051 0.000235
0.756778 0.089215 0.109605 0.037347 0.006288 0.000767
0.000255 0.975701 0.022045 0.000299 0.001648 0.000052
0.000185 0.977538 0.020291 0.000197 0.001734 0.000055
0.122024 0.204135 0.000000 0.615651 0.017723 0.040467
0.829486 0.011730 0.130559 0.004802 0.023063 0.000360
0.000008 0.996008 0.000980 0.000245 0.002673 0.000085
0.002885 0.022178 0.084988 0.884125 0.005795 0.000028
0.028975 0.000000 0.005105 0.018811 0.556198 0.390911
0.229560 0.174909 -0.000000 0.558829 0.011178 0.025524
0.964216 0.011578 0.013328 0.001596 0.009122 0.000160
0.932277 0.019713 0.034346 0.000796 0.012647 0.000222
0.000457 0.040289 0.005294 0.914334 0.031827 0.007798
0.687053 0.066343 0.165434 0.002867 0.078237 0.000066
0.000467 0.040919 0.005763 0.913309 0.031760 0.007782
0.041466 0.252997 0.529332 0.089917 0.068964 0.017324
0.000216 0.976936 0.020841 0.000246 0.001707 0.000054
0.166593 0.082274 0.461840 0.266513 0.008062 0.014717
0.024440 0.000000 0.018020 0.012932 0.554729 0.389879
0.000257 0.975753 0.021980 0.000306 0.001651 0.000052
0.003083 0.026175 0.104249 0.859773 0.006688 0.000032
0.784734 0.054041 0.133000 0.021293 0.004707 0.002224
0.213954 0.124585 0.073965 0.291682 0.025837 0.269977
0.003590 0.041376 0.166208 0.778257 0.010517 0.000051
0.953407 0.013993 0.021485 0.001252 0.009694 0.000170
0.047602 0.318806 0.339608 0.054165 0.215243 0.024575
0.000860 0.111575 0.032094 0.777432 0.062681 0.015358
0.975844 0.009136 0.004075 0.001999 0.008792 0.000154
0.000485 0.337963 0.105085 0.035248 0.391300 0.129918
0.000422 0.988598 0.007630 0.000928 0.002347 0.000075
0.040201 0.002638 0.827230 0.000832 0.127930 0.001170
0.000269 0.975503 0.022212 0.000324 0.001640 0.000052
0.418349 0.005193 0.331550 0.008481 0.230933 0.005493
0.002777 0.000000 0.005802 0.004110 0.579808 0.407504
0.000256 0.975793 0.021940 0.000305 0.001653 0.000052
0.928671 0.021623 0.033661 0.000918 0.014866 0.000261
0.000259 0.974096 0.023758 0.000273 0.001565 0.000050
0.000241 0.975954 0.021816 0.000277 0.001659 0.000053
0.967350 0.011621 0.008674 0.001855 0.010320 0.000181
0.000567 0.061079 0.012825 0.874184 0.041241 0.010105
0.231879 0.540105 0.112268 0.058958 0.041972 0.014819
0.586834 0.232521 0.071998 0.011580 0.093376 0.003691
0.053650 0.877577 0.028496 0.032991 0.005324 0.001962
0.030844 0.000000 0.000791 0.020971 0.556365 0.391029
0.090925 0.823581 0.041115 0.038918 0.003991 0.001471
0.531740 0.317837 0.107795 0.000589 0.039898 0.002140
0.099486 0.802210 0.034060 0.058350 0.004306 0.001587
0.267114 0.061757 0.179274 0.472411 0.006882 0.012563
0.000220 0.974714 0.023218 0.000206 0.001591 0.000051
0.000258 0.974286 0.023555 0.000276 0.001575 0.000050
0.000035 0.993171 0.003949 0.000236 0.002529 0.000080
0.000246 0.975893 0.021864 0.000287 0.001657 0.000053
0.000222 0.974616 0.023316 0.000209 0.001587 0.000050
0.881914 0.056356 0.000192 0.025339 0.034823 0.001376
0.000283 0.001142 0.111579 0.082896 0.788354 0.015746
0.025473 0.000000 0.015113 0.014262 0.555048 0.390103
0.742692 0.053707 0.137481 0.003670 0.062398 0.000052
0.000075 0.988549 0.008793 0.000216 0.002293 0.000073
0.000309 0.977330 0.020117 0.000447 0.001741 0.000055
0.007528 0.004363 0.752448 0.069852 0.140773 0.025035
0.784019 0.015304 0.140087 0.014456 0.045753 0.000381
0.000231 0.976565 0.021191 0.000270 0.001690 0.000054
0.939104 0.004782 0.034741 0.010061 0.011138 0.000174
0.000191 0.976968 0.020886 0.000196 0.001705 0.000054
0.951739 0.014079 0.023625 0.001138 0.009257 0.000162
0.006396 0.782715 0.202798 0.007367 0.000451 0.000273
0.007654 0.087103 0.035498 0.805193 0.059532 0.005021
0.082888 0.427366 0.003483 0.020611 0.457627 0.008024
0.250358 0.471105 0.272357 0.005464 0.000000 0.000716
0.000006 0.996216 0.000763 0.000246 0.002684 0.000085
0.627095 0.145134 0.193106 0.008927 0.024305 0.001433
0.000305 0.116037 0.013295 0.752688 0.094518 0.023158
0.300555 0.376594 0.141387 0.114902 0.061625 0.004937
0.866455 0.102521 0.012372 0.001546 0.016235 0.000871
0.955925 0.013165 0.020402 0.001275 0.009074 0.000159
0.551875 0.252528 0.092426 0.008203 0.091357 0.003611
0.180662 0.614067 0.098439 0.092747 0.012571 0.001514
0.870146 0.008213 0.100265 0.005819 0.015317 0.000239
0.000451 0.989400 0.006675 0.001005 0.002393 0.000076
0.000245 0.973664 0.024266 0.000235 0.001540 0.000049
0.699090 0.095732 0.093039 0.097711 0.013359 0.001070
0.252479 0.005289 0.540268 0.002863 0.194476 0.004626
0.003423 0.000467 0.070254 0.257958 0.609711 0.058186
0.024669 0.000000 0.948615 0.009991 0.014070 0.002656
0.000207 0.975636 0.022268 0.000199 0.001638 0.000052
0.626494 0.231458 0.117080 0.000462 0.023258 0.001248
0.000464 0.042716 0.005965 0.909484 0.033230 0.008142
0.000077 0.988553 0.008783 0.000221 0.002294 0.000073
0.000782 0.096044 0.026600 0.807531 0.055456 0.013587
0.543298 0.007147 0.357017 0.024053 0.064200 0.004286
0.260944 0.005229 0.533842 0.003070 0.192340 0.004575
0.581823 0.134697 0.217595 0.049366 0.015293 0.001225
0.024712 0.000000 0.017080 0.013328 0.554889 0.389991
0.846203 0.009409 0.122993 0.004350 0.016783 0.000262
0.093864 0.000000 0.000194 0.056055 0.499102 0.350784
0.002732 0.206000 0.566709 0.017792 0.155229 0.051538
0.000165 0.979460 0.018288 0.000198 0.001831 0.000058
0.440194 0.118072 0.354423 0.020777 0.062772 0.003762
0.755833 0.019335 0.139406 0.018149 0.066722 0.000555
0.000192 0.976269 0.021632 0.000184 0.001669 0.000053
0.720555 0.058147 0.151033 0.003229 0.066980 0.000056
0.000122 0.983207 0.014393 0.000193 0.002021 0.000064
0.224697 0.003080 0.004239 0.128895 0.604546 0.034543
0.070156 0.042330 0.689001 0.000000 0.167142 0.031371
0.000291 0.976112 0.021487 0.000383 0.001675 0.000053
0.000239 0.110287 0.009945 0.762792 0.093763 0.022973
0.030641 0.019293 0.849338 0.013013 0.087017 0.000697
0.000121 0.983253 0.014345 0.000193 0.002023 0.000064
0.023860 0.000000 0.023410 0.011206 0.552918 0.388606
0.000261 0.974905 0.022879 0.000295 0.001608 0.000051
0.032214 0.000000 0.003250 0.021090 0.554046 0.389399
0.000049 0.000980 0.019809 0.081867 0.879723 0.017571
0.000049 0.991576 0.005618 0.000231 0.002448 0.000078
0.000601 0.056536 0.013236 0.884582 0.036181 0.008865
0.306882 0.098765 0.535987 0.004989 0.053362 0.000015
0.000255 0.973188 0.024749 0.000244 0.001517 0.000048
0.000292 0.001160 0.119643 0.078885 0.784353 0.015666
0.004402 0.003900 0.862298 0.003220 0.097373 0.028806
0.024501 0.000000 0.014660 0.013841 0.556133 0.390865
0.000453 0.012342 0.000205 0.972285 0.011819 0.002896
0.032021 0.003184 0.788883 0.000763 0.173562 0.001587
0.673133 0.071357 0.164765 0.003048 0.087623 0.000074
0.000320 0.979066 0.018213 0.000509 0.001834 0.000058
0.000150 0.980890 0.016796 0.000200 0.001904 0.000060
0.247594 0.262802 0.254198 0.094622 0.131085 0.009699
0.712118 0.064266 0.203115 0.013221 0.004944 0.002335
0.040201 0.004851 0.024590 0.030958 0.850786 0.048613
0.000234 0.976116 0.021663 0.000267 0.001667 0.000053
0.343262 0.194579 0.274724 0.099715 0.081677 0.006043
0.003486 0.032802 0.139553 0.816081 0.008038 0.000039
0.930577 0.020928 0.033054 0.000921 0.014271 0.000250
0.957300 0.013933 0.016050 0.001550 0.010975 0.000192
0.207924 0.074692 0.334279 0.009023 0.373551 0.000530
0.000074 0.988840 0.008483 0.000222 0.002308 0.000073
0.145795 0.506426 0.033005 0.012452 0.290827 0.011496
0.337422 0.410023 0.242669 0.009270 0.000000 0.000615
0.932796 0.020291 0.031815 0.000961 0.013893 0.000244
0.000282 0.977907 0.019582 0.000405 0.001768 0.000056
0.136150 0.005482 0.072341 0.036536 0.708981 0.040511
0.237201 0.106218 0.561006 0.089528 0.006047 0.000000
0.000097 0.986385 0.011051 0.000214 0.002183 0.000069
0.317487 0.018743 0.598680 0.003621 0.059133 0.002335
0.000241 0.976169 0.021583 0.000283 0.001671 0.000053
0.003318 0.000000 0.006953 0.004109 0.578814 0.406806
0.060823 0.867840 0.031649 0.032815 0.005022 0.001851
0.668712 0.209405 0.097756 0.000663 0.022269 0.001195
0.000232 0.973892 0.024063 0.000213 0.001550 0.000049
0.004993 0.000000 0.234490 0.702700 0.015081 0.042736
0.844189 0.041365 0.042203 0.007343 0.064845 0.000055
0.000161 0.979966 0.017757 0.000201 0.001857 0.000059
0.658601 0.131227 0.176614 0.010444 0.021828 0.001287
0.034282 0.002733 0.825689 0.000649 0.135410 0.001238
0.000201 0.976986 0.020835 0.000217 0.001707 0.000054
0.114035 0.177447 0.567962 0.047251 0.083744 0.009561
0.944455 0.016365 0.027089 0.001048 0.010852 0.000190
0.234824 0.000000 0.603157 0.017581 0.138617 0.005821
0.025582 0.000000 0.865684 0.007174 0.101559 0.000001
0.000428 0.116926 0.017798 0.754273 0.088814 0.021761
0.000010 0.995869 0.001125 0.000245 0.002666 0.000085
0.102503 0.781661 0.017124 0.091431 0.005319 0.001960
0.000713 0.113421 0.027234 0.769498 0.071593 0.017541
0.000262 0.975008 0.022767 0.000299 0.001613 0.000051
0.372391 0.363640 0.081464 0.007839 0.168024 0.006642
0.000177 0.108384 0.007421 0.765018 0.095581 0.023419
0.000715 0.112137 0.027093 0.772235 0.070537 0.017283
0.929108 0.021469 0.033504 0.000920 0.014740 0.000258
0.132402 0.680556 0.132298 0.040840 0.012409 0.001495
0.000304 0.976433 0.021100 0.000416 0.001694 0.000054
0.025682 0.000000 0.029736 0.010567 0.548509 0.385507
0.348065 0.498059 0.071548 0.001035 0.077154 0.004139
0.000149 0.981205 0.016462 0.000204 0.001920 0.000061
0.844859 0.060949 0.033387 0.002681 0.057123 0.001002
0.000262 0.975784 0.021931 0.000317 0.001654 0.000052
0.000423 0.000000 0.000907 0.004080 0.584082 0.410508
0.020562 0.000000 0.882311 0.004429 0.092698 0.000001
0.709427 0.000958 0.231966 0.001975 0.052201 0.003474
0.000239 0.975989 0.021785 0.000274 0.001661 0.000053
0.027576 0.000000 0.027464 0.012209 0.547766 0.384985
0.000230 0.000511 0.016038 0.095660 0.810238 0.077322
0.037455 0.000000 0.011447 0.021859 0.545704 0.383536
0.008130 0.000000 0.016779 0.004216 0.570155 0.400720
0.003853 0.000000 0.003238 0.904597 0.055348 0.032963
0.000553 0.048122 0.010062 0.900731 0.032555 0.007977
0.000007 0.996221 0.000756 0.000247 0.002684 0.000085
0.221964 0.147103 0.252413 0.204939 0.005547 0.168033
0.000302 0.975952 0.021622 0.000403 0.001668 0.000053
0.141069 0.017569 0.000000 0.834997 0.001939 0.004427
0.000289 0.975563 0.022084 0.000366 0.001646 0.000052
0.000000 0.109311 0.677333 0.174863 0.015829 0.022663
0.000181 0.977841 0.019978 0.000195 0.001749 0.000056
0.006621 0.000000 0.950123 0.039170 0.000027 0.004059
0.000941 0.004474 0.000577 0.032154 0.909864 0.051989
0.414364 0.076726 0.463520 0.001697 0.039744 0.003949
0.853522 0.039329 0.037171 0.007495 0.062431 0.000053
0.510298 0.231953 0.178298 0.041288 0.025919 0.012244
0.000114 0.984604 0.012913 0.000209 0.002093 0.000066
0.028811 0.000000 0.029487 0.012366 0.545761 0.383576
0.034838 0.002798 0.819376 0.000699 0.141001 0.001289
0.144564 0.005435 0.072702 0.040000 0.697447 0.039852
0.000658 0.075535 0.018602 0.846691 0.046999 0.011515
0.402496 0.442632 0.085173 0.000871 0.065324 0.003504
0.000415 0.029429 0.001871 0.935712 0.026164 0.006410
0.094904 0.177972 0.607567 0.029999 0.080382 0.009177
0.000199 0.977511 0.020274 0.000226 0.001735 0.000055
0.022946 0.000000 0.883858 0.005342 0.087854 0.000001
0.008178 0.004213 0.750830 0.080372 0.132791 0.023616
0.527272 0.267313 0.097074 0.007252 0.097245 0.003844
0.273108 0.117670 0.534697 0.005074 0.069431 0.000019
0.008484 0.004543 0.005041 0.032041 0.898549 0.051342
0.000331 0.976737 0.020684 0.000480 0.001714 0.000054
0.024117 0.000000 0.031217 0.009314 0.549293 0.386058
0.067984 0.000000 0.001052 0.041488 0.522352 0.367124
0.977757 0.008825 0.002273 0.002085 0.008905 0.000156
0.275908 0.000000 0.400857 0.004664 0.314236 0.004335
0.735750 0.103251 0.110956 0.041205 0.007878 0.000960
0.930669 0.021024 0.032625 0.000949 0.014479 0.000254
0.000209 0.976487 0.021347 0.000222 0.001682 0.000053
0.010397 0.000000 0.020808 0.004423 0.566336 0.398036
0.000204 0.976863 0.020957 0.000221 0.001701 0.000054
0.000212 0.976670 0.021139 0.000233 0.001692 0.000054
0.000285 0.974430 0.023316 0.000333 0.001586 0.000050
0.000700 0.097361 0.023950 0.802516 0.060620 0.014853
0.000549 0.055226 0.011171 0.885856 0.037911 0.009289
0.006968 0.731173 0.225058 0.002743 0.026143 0.007914
0.412378 0.338432 0.090153 0.007005 0.146250 0.005781
0.108150 0.000000 0.740251 0.089200 0.052491 0.009908
0.000231 0.975941 0.021861 0.000257 0.001657 0.000053
0.929794 0.020500 0.035502 0.000767 0.013205 0.000232
0.521494 0.008239 0.358548 0.025477 0.080846 0.005397
0.059178 0.005000 0.034924 0.031370 0.822530 0.046999
0.087847 0.828736 0.040846 0.037024 0.004053 0.001494
0.001721 0.943839 0.000969 0.042794 0.007802 0.002875
0.024027 0.000000 0.029083 0.009820 0.550303 0.386768
0.000133 0.982646 0.014962 0.000203 0.001993 0.000063
0.801098 0.047502 0.123881 0.021576 0.004036 0.001907
0.000393 0.029359 0.001078 0.935240 0.027253 0.006677
0.002197 0.000618 0.141944 0.097980 0.691289 0.065971
0.231631 0.119074 0.000000 0.540231 0.023592 0.085472
0.000046 0.991787 0.005401 0.000229 0.002458 0.000078
0.000241 0.973732 0.024208 0.000227 0.001543 0.000049
0.860188 0.008199 0.112575 0.004699 0.014118 0.000220
0.000244 0.973561 0.024381 0.000231 0.001535 0.000049
0.000033 0.000970 0.013725 0.081662 0.885915 0.017695
0.288357 0.053361 0.435886 0.006313 0.215777 0.000306
0.026319 0.000000 0.948496 0.010460 0.012387 0.002338
0.711189 0.108035 0.149050 0.012980 0.017702 0.001044
0.040088 0.895060 0.021504 0.035194 0.005959 0.002196
0.355216 0.017580 0.565011 0.004792 0.055220 0.002181
0.026591 0.004485 0.681507 0.001132 0.283692 0.002594
0.000288 0.978388 0.019045 0.000428 0.001794 0.000057
0.033224 0.004241 0.681810 0.099774 0.170619 0.010332
0.569477 0.131478 0.249202 0.035325 0.013441 0.001077
0.045550 0.177235 0.596159 0.108971 0.060373 0.011713
0.000237 0.976023 0.021753 0.000271 0.001662 0.000053
0.000205 0.976841 0.020976 0.000223 0.001700 0.000054
0.853408 0.049184 0.059100 0.030672 0.005186 0.002450
0.571912 0.200036 0.178826 0.035044 0.010481 0.003701
0.105185 0.094491 0.613672 0.155198 0.026343 0.005111
0.943225 0.016688 0.027869 0.001019 0.011005 0.000193
0.574831 0.276921 0.114350 0.000506 0.031692 0.001700
0.635073 0.110483 0.177507 0.063346 0.012583 0.001008
0.000033 0.993395 0.003714 0.000237 0.002540 0.000081
0.000121 0.983983 0.013559 0.000210 0.002061 0.000065
0.005471 0.000000 0.933035 0.052748 0.000059 0.008687
0.008953 0.024746 0.399500 0.061520 0.195936 0.309345
0.079530 0.839868 0.037014 0.037547 0.004414 0.001627
0.556634 0.250200 0.084189 0.009462 0.095731 0.003784
0.720151 0.000959 0.218910 0.002277 0.054103 0.003601
0.054955 0.002857 0.791237 0.001491 0.148106 0.001354
0.543061 0.154985 0.240054 0.042444 0.018014 0.001443
0.038504 0.897496 0.021125 0.034657 0.006005 0.002213
0.000703 0.095848 0.023775 0.805734 0.059389 0.014551
0.736187 0.000882 0.208529 0.002375 0.048780 0.003246
0.255766 0.075184 0.043242 0.444976 0.015795 0.165038
0.245608 0.005464 0.535770 0.002875 0.205397 0.004885
0.000161 0.979731 0.018007 0.000197 0.001845 0.000059
0.000521 0.043562 0.008136 0.909321 0.030890 0.007569
0.000780 0.000146 0.967279 0.001337 0.030031 0.000428
0.932599 0.020237 0.032266 0.000934 0.013724 0.000241
0.514024 0.008463 0.363310 0.024921 0.083695 0.005587
0.837773 0.010988 0.124526 0.004984 0.021395 0.000334
0.692377 0.001041 0.242850 0.001877 0.057995 0.003860
0.174521 0.000000 0.663545 0.019181 0.139080 0.003673
0.627114 0.119356 0.217173 0.019408 0.011511 0.005438
0.014736 0.023421 0.132841 0.170515 0.255346 0.403142
0.007997 0.005155 0.917366 0.005980 0.056978 0.006523
0.787839 0.070378 0.088410 0.047890 0.004887 0.000596
0.695102 0.067836 0.217693 0.011756 0.005171 0.002443
0.196290 0.187399 0.000000 0.572048 0.013481 0.030782
0.000131 0.982587 0.015030 0.000199 0.001990 0.000063
0.000033 0.993198 0.003925 0.000234 0.002530 0.000080
0.100717 0.796988 0.030659 0.065477 0.004501 0.001659
0.504211 0.187250 0.232423 0.050094 0.024091 0.001930
0.000183 0.977747 0.020073 0.000197 0.001744 0.000055
0.024553 0.000000 0.013180 0.014256 0.556728 0.391283
0.006008 0.590297 0.257679 0.003404 0.130881 0.011731
0.000132 0.107707 0.005733 0.765186 0.097382 0.023860
0.000558 0.055031 0.011467 0.886522 0.037286 0.009136
0.002818 0.637161 0.164640 0.002350 0.177154 0.015878
0.000218 0.976461 0.021343 0.000242 0.001683 0.000053
0.000140 0.981666 0.015992 0.000197 0.001943 0.000062
0.000869 0.123733 0.034556 0.752417 0.071023 0.017402
0.258048 0.447217 0.289333 0.004766 0.000000 0.000636
0.000274 0.976210 0.021435 0.000350 0.001678 0.000053
0.000248 0.976216 0.021511 0.000297 0.001674 0.000053
0.761986 0.018409 0.140237 0.017111 0.061743 0.000514
0.054832 0.230572 0.489306 0.147301 0.062332 0.015658
0.000841 0.125092 0.033831 0.748830 0.073418 0.017988
0.000004 0.101853 0.000175 0.773777 0.099750 0.024440
0.609049 0.246484 0.116624 0.000472 0.025978 0.001394
0.579184 0.007021 0.307149 0.033372 0.068689 0.004585
0.023167 0.000000 0.882250 0.005499 0.089084 0.000001
0.965742 0.012254 0.009041 0.001863 0.010909 0.000191
0.079341 0.840190 0.037005 0.037419 0.004417 0.001628
0.001931 0.010164 0.010780 0.973367 0.003740 0.000018
0.000042 0.992263 0.004904 0.000230 0.002482 0.000079
0.638427 0.084400 0.160863 0.003610 0.112605 0.000095
0.000281 0.977214 0.020332 0.000387 0.001731 0.000055
0.000670 0.081929 0.020149 0.833734 0.051018 0.012500
0.000548 0.122880 0.023099 0.745257 0.086919 0.021296
0.002364 0.017649 0.049668 0.924989 0.005304 0.000026
0.049933 0.015021 0.853316 0.021158 0.060091 0.000481
0.248868 0.259653 0.481452 0.008368 0.000061 0.001598
0.000000 0.020745 0.016584 0.000000 0.949378 0.013293
0.000241 0.973583 0.024366 0.000225 0.001536 0.000049
0.869591 0.034923 0.032226 0.007571 0.055643 0.000047
0.946405 0.015753 0.026162 0.001072 0.010425 0.000183
0.413603 0.337777 0.088819 0.007214 0.146785 0.005802
0.632210 0.141006 0.193527 0.008711 0.023179 0.001366
0.018581 0.000000 0.032340 0.005953 0.553859 0.389267
0.954068 0.014103 0.020192 0.001329 0.010132 0.000178
0.002889 0.000000 0.013181 0.721716 0.164341 0.097873
0.000233 0.976134 0.021650 0.000264 0.001668 0.000053
0.000209 0.000000 0.000449 0.004081 0.584476 0.410785
0.009315 0.934357 0.005225 0.040941 0.007425 0.002736
0.027714 0.004718 0.016474 0.031711 0.869690 0.049693
0.092072 0.181297 0.604912 0.029000 0.083217 0.009501
0.802881 0.013513 0.127203 0.016508 0.039566 0.000329
0.000673 0.078733 0.019704 0.840469 0.048530 0.011890
0.001159 0.884510 0.110512 0.002881 0.000585 0.000353
0.017007 0.000000 0.032028 0.005162 0.555431 0.390372
0.610737 0.184419 0.145530 0.045273 0.010376 0.003664
0.474151 0.000000 0.210355 0.013323 0.298059 0.004112
0.000000 0.091638 0.812574 0.068446 0.011244 0.016098
0.000052 0.991328 0.005878 0.000230 0.002435 0.000077
0.887760 0.040355 0.034957 0.001679 0.034642 0.000607
0.558925 0.146265 0.231915 0.044767 0.016783 0.001345
0.196341 0.506172 0.199419 0.021976 0.071541 0.004549
0.000037 0.992781 0.004360 0.000233 0.002509 0.000080
0.000183 0.108639 0.007701 0.764674 0.095422 0.023380
0.687122 0.068738 0.225748 0.010788 0.005164 0.002440
0.708349 0.061621 0.154261 0.003198 0.072510 0.000061
0.000010 0.995806 0.001193 0.000244 0.002663 0.000085
0.954557 0.014432 0.018470 0.001438 0.010911 0.000191
0.012196 0.196315 -0.000000 0.721324 0.021370 0.048795
0.097800 0.805457 0.034382 0.056462 0.004311 0.001589
0.006008 0.590901 0.256357 0.003430 0.131516 0.011788
0.577702 0.107785 0.151704 0.004710 0.157965 0.000133
0.224653 0.039001 0.653795 0.012260 0.064244 0.006048
0.050541 0.238601 0.499426 0.130075 0.065023 0.016334
0.639677 0.084441 0.158892 0.003695 0.113199 0.000095
0.916308 0.026885 0.035284 0.001062 0.020109 0.000353
0.000800 0.000155 0.963820 0.001514 0.033238 0.000473
0.640318 0.102163 0.228610 0.015316 0.009231 0.004361
0.705405 0.062302 0.155688 0.003158 0.073385 0.000062
0.000761 0.086963 0.024272 0.825829 0.049939 0.012236
0.639631 0.084903 0.157051 0.003787 0.114532 0.000096
0.745629 0.107938 0.106002 0.018368 0.020836 0.001228
0.000018 0.994922 0.002118 0.000241 0.002618 0.000083
0.008274 0.000000 0.016645 0.004331 0.570082 0.400669
0.000413 0.022565 0.000587 0.949917 0.021299 0.005219
0.000253 0.973793 0.024102 0.000254 0.001548 0.000049
0.958024 0.014315 0.013828 0.001690 0.011934 0.000209
0.276813 0.270510 0.438064 0.012715 0.000070 0.001829
0.245302 0.116417 0.188551 0.307505 0.004545 0.137680
0.001066 0.149893 0.009296 0.683015 0.144540 0.012190
0.004586 0.003621 0.877374 0.003063 0.085934 0.025422
0.011165 0.716527 0.234634 0.005410 0.024766 0.007497
0.343058 0.000000 0.374899 0.230851 0.002490 0.048702
0.000173 0.978808 0.018961 0.000202 0.001799 0.000057
0.000000 0.042528 0.749711 0.000000 0.201633 0.006128
0.944550 0.016330 0.027061 0.001048 0.010822 0.000190
0.976343 0.008427 0.005539 0.001886 0.007670 0.000134
0.446822 0.061051 0.460481 0.001535 0.027390 0.002722
0.086548 0.830209 0.039953 0.037641 0.004128 0.001521
0.481679 0.204862 0.230782 0.053184 0.027306 0.002188
0.031223 0.017777 0.861536 0.011812 0.077034 0.000617
0.000156 0.979820 0.017927 0.000189 0.001849 0.000059
0.000130 0.982293 0.015350 0.000190 0.001974 0.000063
0.136914 0.035641 -0.000000 0.815764 0.003558 0.008124
0.704906 0.190890 0.080631 0.000841 0.021575 0.001157
0.524431 0.268884 0.099482 0.006868 0.096519 0.003815
0.006583 0.000000 0.013295 0.004266 0.573080 0.402776
0.057142 0.154379 0.441043 0.110087 0.212956 0.024393
0.000058 0.990583 0.006658 0.000227 0.002397 0.000076
0.000239 0.976589 0.021138 0.000288 0.001692 0.000054
0.000264 0.976555 0.021097 0.000337 0.001694 0.000054
0.245745 0.041813 0.505910 0.008425 0.190580 0.007527
0.949425 0.014952 0.024272 0.001141 0.010033 0.000176
0.000609 0.061258 0.014347 0.874987 0.039195 0.009603
0.453481 0.062627 0.450166 0.001710 0.029122 0.002894
0.083101 0.833688 0.037105 0.040146 0.004356 0.001605
0.022030 0.000000 0.039226 0.006070 0.547721 0.384953
0.787748 0.045677 0.105732 0.004775 0.056020 0.000047
0.676863 0.001233 0.238948 0.002320 0.075604 0.005032
0.000005 0.996385 0.000585 0.000247 0.002693 0.000085
0.000476 0.044168 0.006633 0.906790 0.033681 0.008252
0.000211 0.976567 0.021252 0.000230 0.001687 0.000054
0.000868 0.124165 0.034623 0.751512 0.071350 0.017482
0.383189 0.084008 0.481398 0.007440 0.043952 0.000012
0.272929 0.087750 0.062573 0.385789 0.016679 0.174280
0.000248 0.973581 0.024345 0.000239 0.001536 0.000049
0.181965 0.000000 0.658510 0.020522 0.135427 0.003577
0.064455 0.794772 0.069792 0.048511 0.020054 0.002416
0.000695 0.084512 0.021495 0.829070 0.051588 0.012640
0.000733 0.000167 0.959723 0.001435 0.037409 0.000533
0.821578 0.043322 0.095220 0.006754 0.030132 0.002994
0.188723 0.021003 -0.000000 0.693250 0.059839 0.037185
0.860846 0.009111 0.106672 0.005679 0.017419 0.000272
0.000066 0.989499 0.007798 0.000220 0.002342 0.000074
0.041295 0.250928 0.537593 0.085788 0.067451 0.016944
0.008314 0.024831 0.456704 0.044150 0.180704 0.285296
0.000713 0.127574 0.029746 0.740101 0.081819 0.020047
0.000079 0.988171 0.009186 0.000217 0.002274 0.000072
0.942243 0.017003 0.028317 0.001008 0.011232 0.000197
0.169254 0.631281 0.098441 0.086341 0.013105 0.001579
0.000228 0.974987 0.022898 0.000229 0.001607 0.000051
0.627703 0.087551 0.163292 0.003603 0.117751 0.000099
0.618360 0.063437 0.101102 0.032749 0.181518 0.002834
0.000223 0.974578 0.023354 0.000209 0.001585 0.000050
0.043034 0.004248 0.546009 0.199150 0.195707 0.011852
0.000715 0.117970 0.028109 0.760104 0.074780 0.018322
0.596137 0.259242 0.113948 0.000505 0.028632 0.001536
0.893650 0.006969 0.078351 0.007190 0.013627 0.000213
0.003523 0.000000 0.007339 0.004123 0.578459 0.406556
0.539914 0.259529 0.097269 0.007362 0.092278 0.003648
0.143437 0.666306 0.119456 0.056447 0.012810 0.001543
0.000044 0.991993 0.005186 0.000230 0.002469 0.000078
0.000221 0.976668 0.021113 0.000251 0.001694 0.000054
0.000231 0.975550 0.022282 0.000248 0.001637 0.000052
0.962133 0.012698 0.012881 0.001670 0.010435 0.000183
0.000446 0.015058 0.000449 0.966456 0.014129 0.003462
0.717192 0.115952 0.108972 0.047296 0.009438 0.001150
0.540987 0.259411 0.089787 0.008471 0.097491 0.003854
0.000160 0.979861 0.017873 0.000197 0.001852 0.000059
0.445825 0.093316 0.392529 0.011478 0.056836 0.000016
0.000285 0.040717 0.013798 0.929005 0.016116 0.000078
0.007749 0.168235 0.066626 0.631001 0.116559 0.009830
0.440979 0.113949 0.364966 0.018758 0.057879 0.003469
0.000197 0.977100 0.020723 0.000213 0.001713 0.000054
0.027168 0.004965 0.627598 0.095678 0.230625 0.013966
0.932632 0.020236 0.032219 0.000936 0.013735 0.000241
0.024352 0.000000 0.007545 0.015613 0.559358 0.393132
0.552178 0.007418 0.336126 0.028465 0.071069 0.004744
0.162012 0.090912 -0.000000 0.723973 0.007037 0.016067
0.195919 0.138011 0.000000 0.634834 0.009514 0.021723
0.000225 0.000000 0.000470 0.004085 0.584452 0.410768
0.000288 0.978221 0.019225 0.000424 0.001785 0.000057
0.227367 0.118181 0.547690 0.099600 0.007163 0.000000
0.000698 0.086131 0.021902 0.825802 0.052583 0.012884
0.942547 0.016267 0.030146 0.000875 0.009990 0.000175
0.518746 0.244564 0.164348 0.016456 0.052775 0.003111
0.000190 0.976709 0.021166 0.000190 0.001691 0.000054
0.000356 0.983843 0.012959 0.000688 0.002089 0.000066
0.007079 0.611922 0.207033 0.005430 0.154672 0.013863
0.017319 0.000000 0.032021 0.005337 0.555150 0.390174
0.001037 0.137318 0.000000 0.085681 0.201185 0.574778
0.684950 0.205054 0.084426 0.000805 0.023504 0.001261
0.744445 0.108673 0.106268 0.018363 0.021011 0.001239
0.000176 0.978373 0.019421 0.000197 0.001776 0.000056
0.000198 0.977127 0.020691 0.000215 0.001714 0.000054
0.000253 0.973716 0.024186 0.000252 0.001544 0.000049
0.681742 0.074387 0.223227 0.011964 0.005895 0.002785
0.005748 0.000000 0.953813 0.035231 0.000035 0.005173
0.114332 0.005459 0.066027 0.031735 0.740155 0.042292
0.000300 0.112876 0.012568 0.759123 0.092475 0.022658
0.029293 0.000000 0.941648 0.013124 0.013405 0.002530
0.000173 0.978803 0.018967 0.000201 0.001798 0.000057
0.000767 0.102873 0.027269 0.792915 0.061185 0.014991
0.000081 0.988148 0.009205 0.000220 0.002273 0.000072
0.000130 0.983122 0.014459 0.000208 0.002018 0.000064
0.477076 0.298411 0.093692 0.007197 0.118924 0.004701
0.113989 0.005457 0.065874 0.031700 0.740658 0.042321
0.003133 0.705325 0.289008 0.001989 0.000340 0.000205
0.000272 0.975575 0.022124 0.000332 0.001644 0.000052
0.087092 0.826764 0.037188 0.043081 0.004292 0.001582
0.039298 0.013800 0.882264 0.012937 0.051290 0.000411
0.409506 0.134561 0.352417 0.021262 0.077605 0.004651
0.017484 0.044238 0.797084 0.140750 0.000000 0.000445
0.945028 0.016456 0.025982 0.001113 0.011223 0.000197
0.000306 0.114082 0.012991 0.756784 0.093041 0.022796
0.000107 0.985331 0.012153 0.000211 0.002130 0.000068
0.000615 0.063920 0.015049 0.869639 0.040784 0.009993
0.000545 0.057716 0.011457 0.880559 0.039938 0.009785
0.633199 0.110820 0.180217 0.062225 0.012534 0.001004
0.125207 0.694114 0.117853 0.047389 0.013778 0.001660
0.002134 0.000618 0.140171 0.095495 0.695234 0.066347
0.000192 0.977277 0.020548 0.000206 0.001721 0.000055
0.004237 0.800067 0.147630 0.003011 0.034584 0.010470
0.005123 0.000000 0.022464 0.730593 0.151558 0.090261
0.950056 0.014695 0.024156 0.001136 0.009786 0.000172
0.006300 0.004522 0.003731 0.032087 0.901830 0.051530
0.087233 0.207871 0.510975 0.119179 0.066696 0.008045
0.000265 0.974769 0.023015 0.000299 0.001601 0.000051
0.928938 0.021560 0.033470 0.000926 0.014846 0.000260
0.180718 0.005005 0.065585 0.061625 0.649931 0.037137
0.226759 0.299954 0.462158 0.008961 0.000080 0.002088
0.000002 0.996748 0.000205 0.000248 0.002711 0.000086
0.000778 0.121001 0.030871 0.755563 0.073723 0.018063
0.000488 0.048162 0.007784 0.898843 0.035921 0.008801
0.013561 0.000000 0.027288 0.004487 0.560635 0.394029
0.319439 0.210039 0.283910 0.089510 0.090413 0.006690
0.080761 0.204985 0.567029 0.029995 0.105217 0.012013
0.240413 0.246535 0.064190 0.012647 0.435848 0.000367
0.019404 0.006295 0.481578 0.122163 0.349402 0.021159
0.003305 0.000533 0.112710 0.204987 0.619358 0.059106
0.000024 0.994335 0.002731 0.000240 0.002588 0.000082
0.000013 0.995578 0.001429 0.000244 0.002652 0.000084
0.038187 0.004834 0.023425 0.030967 0.853802 0.048786
0.000312 0.976727 0.020757 0.000440 0.001710 0.000054
0.000163 0.979569 0.018174 0.000198 0.001837 0.000058
0.000093 0.105167 0.003885 0.769360 0.097586 0.023910
0.870667 0.008083 0.100355 0.005747 0.014916 0.000233
0.175568 0.019858 -0.000000 0.708723 0.059115 0.036735
0.000245 0.114028 0.010845 0.755209 0.096121 0.023551
0.004151 0.000000 0.204487 0.720468 0.018492 0.052402
0.000012 0.995556 0.001454 0.000243 0.002650 0.000084
0.019834 0.000000 0.886267 0.003967 0.089932 0.000001
0.000167 0.979290 0.018463 0.000200 0.001823 0.000058
0.003524 0.038104 0.154833 0.793875 0.009617 0.000047
0.000025 0.994194 0.002878 0.000240 0.002581 0.000082
0.935179 0.018645 0.033449 0.000798 0.011724 0.000206
0.070045 0.317271 0.017291 0.016791 0.578117 0.000486
0.000286 0.974561 0.023170 0.000339 0.001593 0.000051
0.003844 0.608370 0.373132 0.003127 0.010903 0.000624
0.195759 0.181160 -0.000000 0.580402 0.012999 0.029681
0.237128 0.066222 0.378616 0.007727 0.309867 0.000440
0.955507 0.013815 0.019002 0.001382 0.010117 0.000177
0.729524 0.105811 0.129731 0.015312 0.018530 0.001092
0.000244 0.973805 0.024118 0.000236 0.001548 0.000049
0.000254 0.975878 0.021857 0.000301 0.001657 0.000053
0.002827 0.000624 0.162324 0.119771 0.652212 0.062242
0.955904 0.013831 0.018379 0.001417 0.010289 0.000180
0.000221 0.976225 0.021587 0.000242 0.001671 0.000053
0.270128 0.026625 0.211646 0.082435 0.383561 0.025604
0.000204 0.977086 0.020717 0.000226 0.001713 0.000054
0.000630 0.122156 0.025867 0.749051 0.082165 0.020132
0.000584 0.001083 0.132690 0.176089 0.676050 0.013503
0.177856 0.514350 0.217129 0.016710 0.069534 0.004422
0.000261 0.974784 0.023010 0.000293 0.001601 0.000051
0.000558 0.058442 0.012063 0.879429 0.039765 0.009743
0.030803 0.004746 0.018285 0.031677 0.865059 0.049429
0.004275 0.000000 0.210276 0.715801 0.018167 0.051482
0.003998 0.617796 0.362631 0.003534 0.011391 0.000652
0.067871 0.000000 0.928733 0.001927 0.001144 0.000326
0.943856 0.016523 0.027468 0.001034 0.010928 0.000192
0.455956 0.067852 0.436950 0.001976 0.033898 0.003368
0.000025 0.994178 0.002898 0.000238 0.002580 0.000082
0.032803 0.000000 0.019271 0.017241 0.546553 0.384132
0.164749 0.494447 0.037538 0.011996 0.280195 0.011076
0.518089 0.252748 0.082284 0.117220 0.026437 0.003223
0.694203 0.121585 0.037024 0.125321 0.020244 0.001622
0.000235 0.976159 0.021613 0.000270 0.001669 0.000053
0.046116 0.152981 0.733993 0.010961 0.051209 0.004740
0.024332 0.000000 0.030331 0.009664 0.549482 0.386191
0.735110 0.052952 0.151531 0.003050 0.057309 0.000048
0.000154 0.980455 0.017250 0.000199 0.001882 0.000060
0.000365 0.001202 0.145031 0.082290 0.756012 0.015100
0.963498 0.012807 0.010574 0.001803 0.011123 0.000195
0.139744 0.072881 0.588099 0.181607 0.006253 0.011416
0.000235 0.976347 0.021413 0.000273 0.001679 0.000053
0.044028 0.890605 0.024228 0.033296 0.005731 0.002112
0.000221 0.974539 0.023402 0.000205 0.001582 0.000050
0.347093 0.017688 0.573331 0.004491 0.055216 0.002181
0.000248 0.975912 0.021839 0.000290 0.001658 0.000053
0.135267 0.059322 0.695291 0.011612 0.084090 0.014418
0.000256 0.975745 0.021992 0.000303 0.001651 0.000052
0.089045 0.823478 0.037343 0.044312 0.004254 0.001568
0.935666 0.018631 0.032788 0.000834 0.011872 0.000208
0.000278 0.974104 0.023688 0.000311 0.001568 0.000050
0.027163 0.000000 0.858925 0.008101 0.105810 0.000001
0.693253 0.070913 0.215036 0.012571 0.005587 0.002640
0.957450 0.013601 0.016858 0.001491 0.010418 0.000183
0.000414 0.022816 0.000679 0.949434 0.021411 0.005246
0.946438 0.015974 0.025435 0.001122 0.010841 0.000190
0.006517 0.591334 0.253864 0.003952 0.132460 0.011872
0.176450 0.040554 0.704199 0.007268 0.065374 0.006154
0.126212 0.063877 0.687521 0.011455 0.094699 0.016237
0.720070 0.056352 0.159152 0.002830 0.061544 0.000052
0.440088 0.070812 0.447948 0.001851 0.035749 0.003552
0.928392 0.021339 0.034939 0.000835 0.014245 0.000250
0.000195 0.977544 0.020250 0.000219 0.001736 0.000055
0.034336 0.004780 0.020450 0.031566 0.859743 0.049125
0.745304 0.097134 0.107703 0.041684 0.007286 0.000888
0.176844 0.041751 0.698349 0.007707 0.068866 0.006483
0.000716 0.116871 0.027964 0.762426 0.073913 0.018110
0.568375 0.000000 0.175531 0.033586 0.193621 0.028888
0.457006 0.310640 0.095161 0.006761 0.125472 0.004960
0.011007 0.000000 0.021999 0.004450 0.565262 0.397281
0.162025 0.054735 0.680075 0.015339 0.074971 0.012854
0.210947 0.027312 -0.000000 0.637428 0.076670 0.047644
0.009613 0.703102 0.253690 0.003788 0.022880 0.006926
0.938749 0.017218 0.032695 0.000776 0.010379 0.000182
0.246002 0.005293 0.548415 0.002643 0.193055 0.004592
0.000371 0.986130 0.010451 0.000768 0.002210 0.000070
0.000199 0.976976 0.020850 0.000214 0.001707 0.000054
0.000228 0.976271 0.021518 0.000256 0.001674 0.000053
0.542340 0.155174 0.240947 0.042085 0.018011 0.001443
0.282230 0.000000 0.545053 0.006790 0.144385 0.021542
0.308075 0.419041 0.264939 0.007340 0.000000 0.000605
0.000049 0.991469 0.005735 0.000228 0.002442 0.000078
0.928243 0.021373 0.035048 0.000831 0.014255 0.000250
0.007748 0.722304 0.234211 0.003031 0.025106 0.007600
0.000814 0.000153 0.964586 0.001536 0.032449 0.000462
0.000020 0.994740 0.002306 0.000242 0.002609 0.000083
0.000218 0.976741 0.021042 0.000247 0.001697 0.000054
0.878417 0.007449 0.094374 0.005977 0.013570 0.000212
0.244392 0.482259 0.267006 0.005593 0.000000 0.000749
0.458288 0.000000 0.446676 0.004883 0.084851 0.005302
0.601830 0.121714 0.212346 0.049869 0.013184 0.001056
0.938668 0.018222 0.029717 0.000985 0.012193 0.000214
0.000346 0.984158 0.012651 0.000674 0.002104 0.000067
0.000168 0.979122 0.018640 0.000198 0.001814 0.000058
0.555142 0.209540 0.188347 0.032166 0.010942 0.003863
0.001905 0.007906 0.003808 0.983280 0.003086 0.000015
0.000239 0.973769 0.024174 0.000225 0.001545 0.000049
0.089726 0.822159 0.037203 0.045092 0.004253 0.001567
0.000599 0.060536 0.013881 0.876222 0.039166 0.009596
0.000896 0.118964 0.034687 0.763094 0.066151 0.016208
0.915194 0.000561 0.029718 0.005900 0.045593 0.003034
0.959402 0.013658 0.013863 0.001659 0.011221 0.000197
0.752001 0.052537 0.174250 0.015438 0.003922 0.001853
0.047732 0.156344 0.725553 0.012075 0.053357 0.004939
0.000258 0.972813 0.025143 0.000241 0.001498 0.000048
0.000134 0.000505 0.009276 0.096215 0.815998 0.077872
0.429024 0.069040 0.463374 0.001597 0.033624 0.003341
0.415078 0.336606 0.092467 0.006696 0.143482 0.005672
0.067412 0.000000 0.929548 0.001734 0.001016 0.000290
0.001819 0.663292 0.110394 0.002533 0.203704 0.018258
0.009614 0.004330 0.687212 0.125307 0.147336 0.026203
0.892436 0.037818 0.036031 0.001507 0.031654 0.000555
0.000835 0.107908 0.030589 0.784374 0.061279 0.015014
0.009271 0.232821 0.675984 0.007836 0.062157 0.011931
0.928578 0.021646 0.033725 0.000916 0.014875 0.000261
0.667322 0.121025 0.182572 0.009294 0.018686 0.001102
0.237860 0.123000 0.082328 0.280208 0.024160 0.252445
0.000229 0.973389 0.024615 0.000195 0.001524 0.000048
0.942673 0.016702 0.028624 0.000978 0.010833 0.000190
0.000007 0.996142 0.000840 0.000246 0.002680 0.000085
0.657193 0.126556 0.186117 0.009069 0.019892 0.001173
0.012678 0.110386 0.849509 0.003441 0.020124 0.003863
0.045168 0.002556 0.828691 0.000985 0.121489 0.001111
0.000372 0.031684 0.000761 0.929836 0.029997 0.007350
0.000730 0.113084 0.027794 0.770688 0.070443 0.017260
0.148524 0.056190 0.691453 0.013142 0.077418 0.013274
0.665361 0.073229 0.168229 0.002958 0.090148 0.000076
0.327522 0.048353 0.430151 0.007306 0.186403 0.000265
0.413353 0.175797 0.107393 0.008661 0.294549 0.000248
0.070067 0.856700 0.037278 0.029748 0.004536 0.001671
0.002693 0.654698 0.326358 0.002288 0.013207 0.000756
0.000516 0.052303 0.009501 0.891018 0.037479 0.009183
0.000489 0.000000 0.001051 0.004080 0.583959 0.410422
0.004612 0.000000 0.009306 0.004214 0.576610 0.405257
0.000146 0.980972 0.016719 0.000194 0.001908 0.000061
0.000179 0.978012 0.019798 0.000196 0.001758 0.000056
0.092441 0.194453 0.569626 0.035638 0.096791 0.011051
0.076004 0.847672 0.038813 0.031554 0.004353 0.001604
0.000030 0.993494 0.003615 0.000235 0.002545 0.000081
0.001376 0.000575 0.089942 0.096426 0.740969 0.070712
0.448877 0.062588 0.455173 0.001635 0.028860 0.002868
0.000014 0.995351 0.001669 0.000243 0.002640 0.000084
0.222076 0.165031 0.000000 0.577849 0.010673 0.024371
0.000031 0.000000 0.000148 0.725212 0.172109 0.102500
0.000063 0.989812 0.007472 0.000220 0.002358 0.000075
0.037784 0.002375 0.852943 0.000624 0.105311 0.000963
0.005065 0.000000 0.010545 0.004142 0.575659 0.404589
0.095808 0.072892 0.742187 0.073601 0.005490 0.010023
0.027879 0.000000 0.856282 0.008504 0.107334 0.000001
0.000819 0.000547 0.056184 0.093725 0.774786 0.073939
0.276707 0.055196 0.434055 0.006165 0.227554 0.000323
0.145510 0.661310 0.129446 0.050289 0.011999 0.001446
0.011235 0.024134 0.335008 0.096702 0.206655 0.326267
0.019385 0.000000 0.033804 0.006017 0.552490 0.388305
0.000225 0.974250 0.023703 0.000205 0.001568 0.000050
0.009383 0.000000 0.019304 0.004253 0.567915 0.399146
0.000117 0.984281 0.013252 0.000208 0.002076 0.000066
0.000002 0.996740 0.000214 0.000248 0.002711 0.000086
0.494024 0.287708 0.097633 0.006805 0.109501 0.004328
0.000253 0.975766 0.021981 0.000297 0.001651 0.000052
0.000012 0.995634 0.001372 0.000243 0.002654 0.000084
0.000058 0.104409 0.002522 0.769964 0.098833 0.024215
0.017142 0.046410 0.788766 0.147200 0.000000 0.000482
0.000247 0.976052 0.021693 0.000290 0.001665 0.000053
0.936865 0.018816 0.030490 0.000969 0.012639 0.000222
0.802252 0.013843 0.123655 0.017788 0.042111 0.000350
0.548039 0.151874 0.238445 0.042715 0.017522 0.001404
0.000249 0.973619 0.024304 0.000241 0.001538 0.000049
0.000353 0.984513 0.012247 0.000697 0.002123 0.000067
0.000027 0.993909 0.003180 0.000236 0.002566 0.000081
0.719561 0.058377 0.151513 0.003216 0.067276 0.000057
0.141014 0.708780 0.011189 0.132000 0.005127 0.001889
0.492140 0.059190 0.415738 0.002178 0.027974 0.002780
0.119630 0.071335 0.663936 0.129042 0.005682 0.010374
0.011772 0.010463 0.820313 0.113603 0.020800 0.023050
0.000656 0.069697 0.017511 0.858774 0.042860 0.010501
0.000324 0.113129 0.013453 0.759262 0.091430 0.022402
0.000732 0.123219 0.029662 0.749689 0.077668 0.019030
0.936799 0.018865 0.030432 0.000974 0.012706 0.000223
0.217930 0.180348 -0.000000 0.562093 0.012070 0.027559
0.000062 0.103982 0.002589 0.770964 0.098315 0.024089
0.348788 0.000000 0.473465 0.012246 0.144015 0.021487
0.000094 0.986281 0.011173 0.000206 0.002178 0.000069
0.031757 0.297463 0.465742 0.088821 0.092883 0.023333
0.000038 0.992670 0.004477 0.000232 0.002503 0.000079
0.000251 0.974260 0.023607 0.000259 0.001572 0.000050
0.464782 0.279493 0.206628 0.027123 0.016240 0.005734
0.002667 0.021308 0.072805 0.897284 0.005909 0.000029
0.223422 0.514708 0.255359 0.005669 0.000000 0.000842
0.285008 0.022039 0.581319 0.002837 0.106517 0.002281
0.000716 0.122907 0.029014 0.749871 0.078306 0.019186
0.785505 0.000785 0.160282 0.003307 0.046994 0.003128
0.000422 0.036242 0.003329 0.921756 0.030723 0.007528
0.079563 0.093383 0.705766 0.092546 0.024072 0.004670
0.656869 0.133237 0.175457 0.010668 0.022446 0.001323
0.806762 0.013817 0.114662 0.020284 0.044109 0.000367
0.000380 0.115657 0.015890 0.755581 0.090354 0.022138
0.010436 0.000000 0.021421 0.004284 0.566034 0.397824
0.494276 0.287270 0.101540 0.006236 0.106470 0.004209
0.941249 0.016954 0.029903 0.000919 0.010787 0.000189
0.000121 0.983606 0.013966 0.000201 0.002042 0.000065
0.093845 0.193249 0.569775 0.036346 0.095842 0.010943
0.918699 0.025702 0.035478 0.000999 0.018792 0.000330
0.155488 0.648975 0.114895 0.066555 0.012573 0.001515
0.303487 0.033140 0.002266 0.598355 0.002006 0.060747
0.019372 0.000000 0.033696 0.006038 0.552548 0.388346
0.000127 0.983228 0.014353 0.000205 0.002023 0.000064
0.109790 0.778742 0.028066 0.077203 0.004530 0.001669
0.169952 0.005348 0.075768 0.048916 0.662180 0.037836
