0.000193 0.977977 0.020317 0.000259 0.001230 0.000024
0.005809 0.625926 0.326125 0.003372 0.035076 0.003693
0.869098 0.007742 0.110396 0.006587 0.005834 0.000343
0.753805 0.083189 0.110615 0.049914 0.002261 0.000216
0.000265 0.972433 0.026415 0.000345 0.000494 0.000047
0.000173 0.980155 0.017838 0.000242 0.001563 0.000029
0.158948 0.178453 -0.000000 0.632833 0.013045 0.016721
0.847584 0.009941 0.126654 0.006028 0.009694 0.000099
0.000037 0.995030 0.000870 0.000137 0.003864 0.000063
0.002778 0.020521 0.098093 0.876242 0.002307 0.000059
0.007863 0.000000 0.002142 0.004380 0.170334 0.815280
0.197799 0.139579 -0.000000 0.657314 0.001268 0.004041
0.960005 0.011344 0.020667 0.001409 0.005911 0.000664
0.940596 0.018651 0.035473 0.001078 0.004141 0.000061
0.000502 0.028748 0.006506 0.890052 0.028016 0.046176
0.706180 0.067770 0.164334 0.003801 0.057886 0.000030
0.000516 0.032553 0.007947 0.888978 0.026587 0.043419
0.039013 0.272028 0.512071 0.106798 0.060613 0.009476
0.000205 0.976770 0.021677 0.000271 0.001053 0.000024
0.149889 0.053764 0.522603 0.211495 0.004772 0.057476
0.012413 0.000000 0.011576 0.005857 0.174373 0.795781
0.000240 0.974550 0.024066 0.000317 0.000786 0.000042
0.002955 0.024421 0.123916 0.847345 0.001334 0.000030
0.761681 0.044900 0.166350 0.019001 0.002055 0.006012
0.236581 0.137656 0.074982 0.359298 0.027901 0.163583
0.002908 0.031772 0.132636 0.828300 0.004369 0.000014
0.949814 0.015112 0.030996 0.001166 0.002671 0.000242
0.043342 0.369017 0.145828 0.041443 0.378005 0.022365
0.000730 0.090245 0.029414 0.869982 0.006841 0.002787
0.974522 0.005962 0.005860 0.001767 0.010612 0.001276
0.000835 0.312545 0.052317 0.018862 0.525564 0.089877
0.000690 0.977432 0.015990 0.001316 0.003759 0.000814
0.038399 0.002808 0.865495 0.000939 0.091625 0.000734
0.000257 0.973222 0.025533 0.000336 0.000606 0.000046
0.410025 0.003724 0.410940 0.007350 0.145111 0.022850
0.002366 0.000000 0.001687 0.002134 0.730466 0.263345
0.000235 0.974712 0.023915 0.000308 0.000793 0.000036
0.926791 0.024199 0.033393 0.001182 0.014286 0.000149
0.000263 0.971210 0.027939 0.000326 0.000239 0.000023
0.000218 0.975966 0.022544 0.000287 0.000955 0.000030
0.969557 0.007805 0.010935 0.001643 0.008995 0.001065
0.000619 0.059825 0.018272 0.881034 0.016421 0.023829
0.283469 0.542860 0.062458 0.038904 0.061139 0.011171
0.597345 0.250630 0.102857 0.011198 0.031206 0.006764
0.044971 0.894055 0.019719 0.032925 0.006955 0.001375
0.007503 0.000000 0.001394 0.004263 0.170019 0.816821
0.092119 0.811321 0.046800 0.048632 0.000599 0.000529
0.504829 0.352114 0.087824 0.000677 0.053011 0.001544
0.104018 0.785902 0.041829 0.063264 0.001813 0.003173
0.216578 0.046060 0.252086 0.351240 0.009927 0.124110
0.000244 0.972464 0.026591 0.000299 0.000389 0.000013
0.000264 0.971292 0.027832 0.000328 0.000258 0.000025
0.000043 0.994412 0.001574 0.000141 0.003768 0.000062
0.000225 0.975548 0.022986 0.000297 0.000909 0.000035
0.000236 0.973361 0.025567 0.000294 0.000528 0.000015
0.703320 0.099237 0.013449 0.019508 0.129136 0.035351
0.000209 0.000998 0.069787 0.071456 0.848344 0.009206
0.010616 0.000000 0.007849 0.005274 0.172812 0.803449
0.724427 0.062589 0.156697 0.004011 0.052224 0.000053
0.000061 0.992455 0.003808 0.000155 0.003464 0.000057
0.000332 0.972453 0.025730 0.000488 0.000844 0.000154
0.008162 0.004411 0.835569 0.102016 0.042943 0.006898
0.809681 0.014249 0.148542 0.020826 0.006633 0.000067
0.000208 0.976559 0.021909 0.000274 0.001025 0.000025
0.925532 0.004299 0.047219 0.009269 0.012382 0.001299
0.000195 0.977687 0.020649 0.000260 0.001185 0.000023
0.950966 0.014700 0.029340 0.001206 0.003479 0.000309
0.007666 0.677111 0.305641 0.007796 0.000357 0.001428
0.007904 0.079942 0.043179 0.822208 0.031300 0.015467
0.742926 0.098055 0.005745 0.002591 0.149336 0.001348
0.242523 0.493887 0.256467 0.006744 0.000000 0.000379
0.000037 0.995059 0.000836 0.000137 0.003868 0.000063
0.638727 0.142346 0.191558 0.011902 0.014909 0.000558
0.000365 0.128930 0.011257 0.703994 0.137680 0.017773
0.342649 0.414356 0.060102 0.077456 0.101250 0.004188
0.840953 0.094183 0.022931 0.001392 0.029618 0.010923
0.955655 0.012955 0.025009 0.001306 0.004588 0.000486
0.577743 0.278500 0.119325 0.009692 0.013199 0.001542
0.183233 0.588626 0.121018 0.094508 0.007210 0.005405
0.863730 0.007836 0.118443 0.006220 0.003550 0.000222
0.000732 0.978020 0.014826 0.001415 0.004113 0.000893
0.000255 0.971546 0.027608 0.000312 0.000263 0.000015
0.709538 0.071324 0.108679 0.091893 0.012071 0.006495
0.256456 0.005999 0.540179 0.003758 0.190917 0.002689
0.003246 0.000312 0.079258 0.218783 0.426373 0.272028
0.022662 0.000000 0.954833 0.010952 0.010124 0.001429
0.000218 0.975185 0.023497 0.000279 0.000803 0.000018
0.643403 0.224650 0.128115 0.000647 0.002939 0.000245
0.000520 0.033552 0.008332 0.888723 0.026185 0.042688
0.000058 0.992773 0.003445 0.000153 0.003513 0.000058
0.000716 0.086132 0.027989 0.871882 0.007772 0.005509
0.547552 0.007020 0.404204 0.029886 0.009779 0.001559
0.270684 0.005626 0.582012 0.003783 0.135819 0.002077
0.547614 0.152301 0.232648 0.053613 0.013039 0.000785
0.010859 0.000000 0.008353 0.005352 0.173015 0.802421
0.851874 0.008919 0.128522 0.005849 0.004764 0.000071
0.007460 0.000000 0.001307 0.004249 0.169982 0.817001
0.003119 0.222769 0.634658 0.026796 0.092355 0.020303
0.000152 0.982465 0.015203 0.000226 0.001920 0.000034
0.450843 0.116014 0.383363 0.027170 0.021255 0.001356
0.778613 0.018155 0.136899 0.022223 0.043892 0.000219
0.000232 0.973609 0.025299 0.000289 0.000558 0.000013
0.713954 0.065506 0.164355 0.003830 0.052322 0.000033
0.000169 0.980570 0.017366 0.000239 0.001627 0.000029
0.143529 0.001386 0.008512 0.071516 0.553343 0.221714
0.062620 0.046692 0.727433 0.000000 0.137401 0.025854
0.000292 0.972603 0.025940 0.000405 0.000667 0.000093
0.000267 0.139277 0.006285 0.658912 0.173210 0.022049
0.033627 0.025258 0.781842 0.017123 0.141537 0.000612
0.000169 0.980530 0.017412 0.000239 0.001621 0.000029
0.017905 0.000000 0.022958 0.007640 0.179219 0.772277
0.000268 0.971431 0.027616 0.000339 0.000309 0.000035
0.007656 0.000000 0.001711 0.004313 0.170153 0.816167
0.000051 0.000722 0.006367 0.035370 0.947681 0.009808
0.000047 0.993967 0.002082 0.000144 0.003699 0.000061
0.000595 0.053855 0.015923 0.882384 0.019034 0.028209
0.303512 0.110266 0.528934 0.006352 0.050928 0.000008
0.000258 0.971107 0.028118 0.000314 0.000191 0.000013
0.000350 0.001246 0.126710 0.103672 0.759436 0.008586
0.004769 0.004345 0.876656 0.004417 0.093639 0.016174
0.010084 0.000000 0.006747 0.005101 0.172330 0.805738
0.000455 0.016099 0.001713 0.893564 0.032785 0.055383
0.033635 0.003858 0.712768 0.000975 0.247531 0.001233
0.686289 0.073696 0.156566 0.003866 0.079544 0.000038
0.000373 0.972902 0.024771 0.000581 0.001147 0.000227
0.000129 0.984940 0.012382 0.000208 0.002301 0.000040
0.254780 0.267770 0.217505 0.102344 0.151518 0.006083
0.690399 0.070133 0.219456 0.015099 0.003514 0.001399
0.024629 0.003541 0.007938 0.015820 0.920654 0.027418
0.000210 0.976724 0.021688 0.000280 0.001068 0.000031
0.329637 0.205942 0.296980 0.110440 0.052697 0.004305
0.003005 0.027246 0.134338 0.833755 0.001639 0.000017
0.927748 0.023816 0.033485 0.001176 0.013630 0.000145
0.960066 0.011322 0.020588 0.001411 0.005946 0.000667
0.158129 0.079602 0.158521 0.007228 0.596077 0.000443
0.000057 0.992835 0.003375 0.000152 0.003523 0.000058
0.149758 0.444812 0.011113 0.006646 0.379912 0.007759
0.326440 0.383836 0.279183 0.009304 0.000000 0.001236
0.931224 0.022435 0.033435 0.001165 0.011594 0.000146
0.000307 0.973567 0.024609 0.000448 0.000937 0.000133
0.141909 0.006553 0.077161 0.048466 0.701282 0.024629
0.238424 0.108441 0.533435 0.114613 0.005086 0.000000
0.000070 0.991399 0.005013 0.000162 0.003300 0.000055
0.326706 0.017604 0.640651 0.005038 0.009536 0.000465
0.000219 0.975954 0.022549 0.000289 0.000958 0.000031
0.003025 0.000000 0.002994 0.002350 0.728121 0.263510
0.062827 0.862918 0.030463 0.038429 0.004427 0.000936
0.656773 0.215492 0.122083 0.000691 0.004083 0.000878
0.000247 0.972212 0.026873 0.000302 0.000353 0.000013
0.004172 0.000000 0.204300 0.779081 0.003162 0.009285
0.858629 0.025271 0.052462 0.006479 0.056835 0.000325
0.000145 0.983248 0.014310 0.000221 0.002041 0.000036
0.637979 0.144840 0.187421 0.012141 0.016892 0.000726
0.037014 0.002908 0.854739 0.000905 0.103854 0.000580
0.000180 0.979410 0.018682 0.000249 0.001452 0.000028
0.104092 0.172995 0.641037 0.046464 0.026281 0.009132
0.947778 0.015874 0.032692 0.001127 0.002357 0.000173
0.216465 0.000000 0.657307 0.015797 0.086780 0.023650
0.023526 0.000000 0.925233 0.007260 0.043980 0.000001
0.000442 0.120891 0.015124 0.738993 0.110069 0.014481
0.000038 0.994918 0.000997 0.000138 0.003846 0.000063
0.155460 0.679135 0.028609 0.119057 0.005121 0.012617
0.000589 0.105641 0.022510 0.805528 0.057476 0.008255
0.000269 0.971451 0.027583 0.000342 0.000318 0.000037
0.397225 0.350729 0.075882 0.008258 0.164321 0.003585
0.000215 0.144815 0.003661 0.634937 0.192063 0.024309
0.000641 0.100396 0.025121 0.828713 0.039079 0.006049
0.927076 0.024085 0.033417 0.001180 0.014094 0.000148
0.137236 0.659958 0.142361 0.056837 0.003218 0.000389
0.000314 0.972192 0.026232 0.000445 0.000696 0.000120
0.019635 0.000000 0.026908 0.008186 0.199176 0.746095
0.324817 0.517830 0.034775 0.000721 0.118558 0.003299
0.000128 0.985030 0.012279 0.000208 0.002316 0.000040
0.806633 0.072476 0.015211 0.002099 0.102650 0.000932
0.000253 0.973838 0.024810 0.000336 0.000712 0.000051
0.001930 0.000000 0.000820 0.001991 0.732022 0.263237
0.021406 0.000000 0.941907 0.006139 0.030548 0.000000
0.727144 0.000950 0.242940 0.002620 0.025044 0.001301
0.000215 0.976148 0.022347 0.000284 0.000978 0.000029
0.025164 0.000000 0.037996 0.009997 0.185416 0.741426
0.000315 0.000392 0.005413 0.042376 0.906774 0.044730
0.008681 0.000000 0.003837 0.004646 0.171049 0.811788
0.006968 0.000000 0.010825 0.003645 0.714070 0.264491
0.003794 0.000000 0.003731 0.756442 0.046772 0.189262
0.000586 0.051121 0.014976 0.883605 0.019660 0.030052
0.000039 0.994859 0.001064 0.000138 0.003837 0.000063
0.232357 0.149707 0.274112 0.271570 0.002624 0.069631
0.000278 0.971280 0.027712 0.000357 0.000326 0.000047
0.133747 0.026613 0.000000 0.735635 0.006221 0.097784
0.000284 0.972239 0.026466 0.000384 0.000554 0.000074
0.000000 0.073075 0.725795 0.130400 0.006963 0.063768
0.000180 0.979356 0.018747 0.000248 0.001441 0.000027
0.005975 0.000000 0.949762 0.042561 0.000006 0.001696
0.013995 0.003265 0.001625 0.012872 0.940468 0.027775
0.429345 0.079086 0.455642 0.002258 0.031788 0.001880
0.863213 0.024030 0.046754 0.006605 0.059059 0.000339
0.572002 0.266257 0.076990 0.029303 0.044581 0.010868
0.000087 0.989533 0.007142 0.000176 0.003011 0.000050
0.017003 0.000000 0.021102 0.007346 0.179142 0.775407
0.037264 0.002837 0.865500 0.000899 0.092971 0.000529
0.165814 0.007090 0.090247 0.055453 0.654423 0.026972
0.000676 0.075039 0.023995 0.876269 0.010950 0.013071
0.414027 0.435715 0.061072 0.000699 0.086060 0.002427
0.000467 0.019334 0.002941 0.892682 0.031556 0.053021
0.098229 0.174500 0.667299 0.041029 0.016483 0.002460
0.000186 0.978952 0.019188 0.000255 0.001389 0.000029
0.022073 0.000000 0.958987 0.006255 0.012685 0.000000
0.008418 0.004203 0.855037 0.104081 0.020499 0.007762
0.571929 0.280801 0.117899 0.009647 0.018110 0.001614
0.301144 0.113553 0.523054 0.006384 0.055856 0.000009
0.015663 0.003308 0.002616 0.013335 0.937358 0.027719
0.000337 0.972442 0.025690 0.000499 0.000870 0.000162
0.033228 0.000000 0.054725 0.012616 0.193751 0.705681
0.007476 0.000000 0.001340 0.004255 0.169996 0.816933
0.975898 0.005451 0.004451 0.001802 0.011063 0.001335
0.275747 0.000000 0.362227 0.005774 0.353521 0.002731
0.728136 0.108024 0.101794 0.054088 0.007439 0.000519
0.927946 0.023734 0.033574 0.001173 0.013430 0.000142
0.000183 0.979192 0.018926 0.000251 0.001421 0.000028
0.007821 0.000000 0.012517 0.003926 0.710887 0.264849
0.000182 0.979232 0.018882 0.000251 0.001426 0.000028
0.000188 0.978618 0.019572 0.000257 0.001336 0.000028
0.000266 0.971101 0.028044 0.000331 0.000232 0.000026
0.000619 0.097533 0.023349 0.826375 0.043178 0.008947
0.000562 0.047167 0.012902 0.882047 0.023686 0.033637
0.006797 0.752714 0.209395 0.003386 0.023561 0.004147
0.441807 0.333823 0.087597 0.008548 0.125400 0.002826
0.092045 0.000000 0.752100 0.064167 0.040022 0.051666
0.000205 0.977229 0.021118 0.000275 0.001142 0.000031
0.942480 0.017889 0.035919 0.001060 0.002610 0.000043
0.516551 0.009189 0.368739 0.031324 0.071086 0.003111
0.034931 0.003807 0.014047 0.018677 0.901448 0.027089
0.090153 0.814839 0.045848 0.047817 0.000821 0.000521
0.014951 0.946344 0.001592 0.023746 0.011237 0.002130
0.027405 0.000000 0.042657 0.010725 0.188246 0.730967
0.000105 0.987588 0.009362 0.000189 0.002710 0.000046
0.753894 0.046234 0.174284 0.018382 0.001858 0.005349
0.000461 0.017651 0.002302 0.893142 0.032195 0.054249
0.002467 0.000695 0.148984 0.133272 0.677253 0.037329
0.224381 0.111714 0.000000 0.620932 0.004231 0.038742
0.000048 0.993818 0.002253 0.000145 0.003675 0.000060
0.000252 0.971765 0.027367 0.000309 0.000292 0.000014
0.855242 0.008239 0.128925 0.005769 0.001759 0.000065
0.000255 0.971520 0.027644 0.000311 0.000256 0.000014
0.000048 0.000715 0.004876 0.034524 0.950014 0.009823
0.300813 0.057734 0.439760 0.008193 0.193329 0.000170
0.022808 0.000000 0.964020 0.010298 0.001744 0.001130
0.683793 0.109566 0.188929 0.012640 0.003975 0.001097
0.029880 0.920347 0.010611 0.028305 0.009104 0.001753
0.332171 0.017111 0.637753 0.005168 0.007005 0.000791
0.030451 0.004768 0.577008 0.001044 0.384864 0.001865
0.000310 0.971816 0.026727 0.000434 0.000604 0.000109
0.034977 0.004341 0.799662 0.130791 0.026573 0.003656
0.569324 0.120807 0.258547 0.049455 0.001684 0.000183
0.057633 0.207471 0.526734 0.105174 0.093452 0.009537
0.000213 0.976354 0.022116 0.000281 0.001008 0.000029
0.000183 0.979156 0.018968 0.000251 0.001415 0.000028
0.858736 0.027975 0.067769 0.026763 0.004452 0.014305
0.544594 0.202137 0.208858 0.035872 0.003976 0.004564
0.081987 0.076714 0.711628 0.109451 0.009339 0.010882
0.947085 0.016142 0.032948 0.001123 0.002540 0.000163
0.566477 0.295313 0.106075 0.000662 0.030533 0.000940
0.592963 0.111663 0.235026 0.056180 0.002982 0.001186
0.000048 0.993897 0.002162 0.000145 0.003688 0.000060
0.000099 0.988264 0.008589 0.000185 0.002815 0.000047
0.007108 0.000000 0.903346 0.078321 0.000142 0.011084
0.007724 0.025102 0.416773 0.057238 0.130821 0.362343
0.070162 0.850004 0.034563 0.040975 0.003465 0.000832
0.577431 0.266213 0.106118 0.010525 0.034795 0.004918
0.717553 0.001054 0.235315 0.002703 0.041539 0.001836
0.049028 0.002328 0.900539 0.001265 0.044502 0.002338
0.534852 0.165472 0.228404 0.053671 0.016813 0.000787
0.033864 0.913407 0.013019 0.029522 0.008536 0.001653
0.000637 0.096801 0.024397 0.832818 0.037585 0.007762
0.727593 0.000970 0.235514 0.002703 0.031222 0.001998
0.203767 0.050645 0.044726 0.321627 0.005767 0.373468
0.253920 0.006066 0.532625 0.003754 0.200831 0.002803
0.000147 0.982955 0.014646 0.000222 0.001995 0.000035
0.000572 0.047461 0.013601 0.884729 0.020975 0.032662
0.000782 0.000143 0.980457 0.001706 0.016734 0.000177
0.929419 0.023148 0.033611 0.001167 0.012515 0.000140
0.523055 0.008625 0.382653 0.030507 0.052927 0.002234
0.839754 0.012097 0.120683 0.006500 0.020778 0.000189
0.730021 0.000910 0.248159 0.002563 0.017477 0.000869
0.168035 0.000000 0.707057 0.021853 0.100965 0.002091
0.633260 0.161597 0.155559 0.021479 0.022521 0.005584
0.003907 0.004174 0.046662 0.040038 0.077629 0.827591
0.006755 0.004200 0.966742 0.005113 0.011028 0.006162
0.766506 0.072764 0.109395 0.050279 0.000743 0.000313
0.691121 0.066327 0.224218 0.014668 0.002611 0.001055
0.172286 0.164815 -0.000000 0.641476 0.008971 0.012452
0.000145 0.983205 0.014361 0.000221 0.002033 0.000036
0.000044 0.994342 0.001654 0.000142 0.003757 0.000061
0.107756 0.778874 0.042766 0.065604 0.001599 0.003400
0.494425 0.217806 0.193113 0.058619 0.034542 0.001496
0.000181 0.979258 0.018858 0.000249 0.001426 0.000027
0.010011 0.000000 0.006594 0.005077 0.172211 0.806107
0.006002 0.618052 0.309493 0.003698 0.051824 0.010931
0.000196 0.146883 0.002683 0.625992 0.199093 0.025154
0.000573 0.047827 0.013701 0.884441 0.021008 0.032450
0.002198 0.639135 0.095948 0.002011 0.248923 0.011784
0.000193 0.978172 0.020074 0.000262 0.001271 0.000028
0.000159 0.981668 0.016113 0.000231 0.001796 0.000032
0.000726 0.091809 0.029371 0.866521 0.009074 0.002499
0.275277 0.410816 0.306994 0.006776 0.000000 0.000137
0.000276 0.973142 0.025435 0.000377 0.000693 0.000076
0.000233 0.975691 0.022728 0.000317 0.000981 0.000050
0.765075 0.019857 0.131745 0.022843 0.060192 0.000287
0.047462 0.215097 0.586245 0.123448 0.012631 0.015118
0.000717 0.092727 0.028954 0.862653 0.012119 0.002830
0.000170 0.149634 0.001385 0.614097 0.208437 0.026277
0.628075 0.238788 0.123545 0.000651 0.008544 0.000397
0.540627 0.008142 0.358332 0.033228 0.054533 0.005137
0.022179 0.000000 0.958014 0.006313 0.013494 0.000000
0.969379 0.007871 0.011118 0.001639 0.008935 0.001058
0.070001 0.850289 0.034477 0.040915 0.003485 0.000833
0.002269 0.006992 0.017277 0.968668 0.004640 0.000154
0.000044 0.994338 0.001659 0.000142 0.003756 0.000061
0.671027 0.078248 0.150387 0.003921 0.096372 0.000045
0.000298 0.971704 0.026989 0.000406 0.000517 0.000087
0.000610 0.091973 0.022043 0.831841 0.041692 0.011840
0.000558 0.109094 0.020941 0.790960 0.068925 0.009522
0.002613 0.015861 0.071747 0.906765 0.002924 0.000090
0.044054 0.012742 0.901243 0.019301 0.021728 0.000932
0.243456 0.242937 0.502012 0.011302 0.000007 0.000287
0.000000 0.014518 0.005209 0.000000 0.973199 0.007074
0.000255 0.971396 0.027797 0.000309 0.000231 0.000012
0.864463 0.023693 0.045169 0.006640 0.059693 0.000343
0.946777 0.016299 0.031737 0.001156 0.003819 0.000212
0.384018 0.355721 0.072395 0.008173 0.175877 0.003815
0.644835 0.136106 0.195054 0.011771 0.011766 0.000468
0.024717 0.000000 0.045878 0.009482 0.641205 0.278718
0.956468 0.012661 0.023953 0.001332 0.005057 0.000529
0.002719 0.000000 0.007937 0.636219 0.269430 0.083695
0.000208 0.976890 0.021507 0.000277 0.001089 0.000029
0.001890 0.000000 0.000741 0.001978 0.732165 0.263227
0.016500 0.943648 0.002528 0.024219 0.011015 0.002091
0.020843 0.003443 0.005690 0.014771 0.927706 0.027547
0.096812 0.178695 0.657319 0.040807 0.023765 0.002603
0.812590 0.013890 0.147703 0.020942 0.004786 0.000089
0.000675 0.075480 0.023963 0.875200 0.011668 0.013014
0.001114 0.951111 0.044558 0.001971 0.000949 0.000297
0.020955 0.000000 0.038530 0.008242 0.660842 0.271432
0.576582 0.180095 0.190236 0.040634 0.004070 0.008383
0.483289 0.000000 0.266892 0.011978 0.217670 0.020171
0.000000 0.093473 0.817854 0.072721 0.007467 0.008485
0.000051 0.993511 0.002603 0.000148 0.003628 0.000060
0.851929 0.054281 0.022041 0.001751 0.069363 0.000635
0.547980 0.149261 0.238245 0.052420 0.011484 0.000610
0.195982 0.506776 0.241431 0.023217 0.025317 0.007277
0.000043 0.994346 0.001650 0.000142 0.003757 0.000061
0.000217 0.144624 0.003751 0.635764 0.191413 0.024231
0.689503 0.065311 0.227793 0.014370 0.002247 0.000776
0.701526 0.069166 0.161940 0.003827 0.063508 0.000033
0.000038 0.994978 0.000928 0.000137 0.003856 0.000063
0.957159 0.012399 0.023483 0.001343 0.005067 0.000548
0.057888 0.278608 0.000000 0.568231 0.043843 0.051429
0.100437 0.794168 0.044931 0.057411 0.001065 0.001989
0.006474 0.614770 0.333356 0.003930 0.029944 0.011526
0.651585 0.084048 0.142472 0.003991 0.117849 0.000054
0.202629 0.034315 0.734387 0.011359 0.012047 0.005263
0.044832 0.241997 0.523196 0.125568 0.043678 0.020729
0.604524 0.098094 0.123198 0.004164 0.169943 0.000077
0.912022 0.030133 0.031198 0.001292 0.025112 0.000243
0.000792 0.000166 0.968508 0.001826 0.028441 0.000267
0.669216 0.099475 0.202605 0.016848 0.009415 0.002440
0.700482 0.069481 0.161338 0.003834 0.064831 0.000034
0.000721 0.086438 0.028324 0.872815 0.006688 0.005014
0.647401 0.085301 0.140546 0.004010 0.122686 0.000057
0.743601 0.088666 0.136904 0.016564 0.010385 0.003880
0.000039 0.994874 0.001047 0.000138 0.003839 0.000063
0.005302 0.000000 0.007516 0.003098 0.719957 0.264126
0.000457 0.016657 0.001925 0.893412 0.032573 0.054975
0.000260 0.971300 0.027864 0.000319 0.000238 0.000019
0.965003 0.009494 0.015551 0.001532 0.007546 0.000875
0.251331 0.261039 0.473502 0.012689 0.000028 0.001411
0.203767 0.093482 0.188625 0.264625 0.001501 0.248001
0.002192 0.194931 0.005387 0.509674 0.275819 0.011997
0.004882 0.003757 0.922969 0.004230 0.053574 0.010588
0.010963 0.681937 0.276630 0.005521 0.009779 0.015170
0.281851 0.000000 0.340342 0.168872 0.001582 0.207354
0.000169 0.980518 0.017423 0.000240 0.001620 0.000030
0.000000 0.042103 0.876142 0.000000 0.073642 0.008113
0.944431 0.017211 0.032457 0.001145 0.004572 0.000183
0.972226 0.006814 0.008209 0.001710 0.009862 0.001178
0.442923 0.058569 0.492830 0.002066 0.003084 0.000528
0.088785 0.817107 0.044715 0.047675 0.001088 0.000630
0.514465 0.191695 0.210959 0.056088 0.025660 0.001133
0.034028 0.018510 0.861469 0.014836 0.070832 0.000324
0.000181 0.979193 0.018935 0.000249 0.001415 0.000026
0.000172 0.980268 0.017710 0.000241 0.001581 0.000029
0.136159 0.030818 0.000000 0.732809 0.006018 0.094197
0.700227 0.187131 0.097994 0.000858 0.010506 0.003283
0.571040 0.282522 0.119129 0.009548 0.016507 0.001253
0.003957 0.000000 0.004845 0.002656 0.724784 0.263758
0.134816 0.175806 0.242582 0.072127 0.353777 0.020891
0.000049 0.993705 0.002382 0.000146 0.003658 0.000060
0.000197 0.978105 0.020114 0.000270 0.001280 0.000034
0.000211 0.977545 0.020674 0.000291 0.001235 0.000045
0.267955 0.048180 0.363660 0.007429 0.306439 0.006338
0.950401 0.014922 0.029438 0.001205 0.003729 0.000305
0.000581 0.053493 0.015013 0.878855 0.022588 0.029469
0.445879 0.059326 0.486694 0.002118 0.005037 0.000945
0.074129 0.842933 0.036556 0.042554 0.002998 0.000830
0.076755 0.000000 0.147534 0.026650 0.374186 0.374875
0.800873 0.040941 0.120955 0.004967 0.032106 0.000158
0.703398 0.001201 0.226149 0.002801 0.064019 0.002432
0.000037 0.995046 0.000851 0.000137 0.003866 0.000063
0.000518 0.032983 0.008110 0.888859 0.026423 0.043107
0.000185 0.978899 0.019260 0.000253 0.001376 0.000027
0.000726 0.091855 0.029366 0.866400 0.009158 0.002496
0.344010 0.078648 0.560824 0.006814 0.009692 0.000013
0.252509 0.076145 0.071877 0.355180 0.004414 0.239875
0.000257 0.971385 0.027788 0.000314 0.000241 0.000015
0.173620 0.000000 0.725556 0.022221 0.076420 0.002184
0.049395 0.844615 0.033247 0.038678 0.032053 0.002012
0.000653 0.082773 0.023536 0.858013 0.023077 0.011948
0.000789 0.000180 0.961758 0.001864 0.035121 0.000288
0.747946 0.034240 0.138461 0.005667 0.043825 0.029861
0.183170 0.020053 0.000000 0.768740 0.009159 0.018879
0.846303 0.010894 0.120409 0.006404 0.015797 0.000193
0.000055 0.993094 0.003079 0.000150 0.003563 0.000059
0.041627 0.249878 0.554762 0.108342 0.037808 0.007583
0.011411 0.033246 0.704571 0.074464 0.036267 0.140041
0.000661 0.098597 0.026147 0.837273 0.032192 0.005129
0.000074 0.990952 0.005524 0.000166 0.003231 0.000054
0.946403 0.016414 0.032942 0.001125 0.002953 0.000163
0.178897 0.595416 0.122832 0.091028 0.006880 0.004947
0.000237 0.973595 0.025270 0.000299 0.000579 0.000021
0.686185 0.073726 0.156622 0.003865 0.079565 0.000038
0.710282 0.046922 0.029036 0.014044 0.198122 0.001594
0.000237 0.973293 0.025644 0.000294 0.000517 0.000015
0.038049 0.004061 0.725716 0.158764 0.055142 0.018267
0.000583 0.106333 0.022231 0.802775 0.059614 0.008463
0.605946 0.259299 0.116626 0.000658 0.016829 0.000641
0.872576 0.007257 0.108900 0.006614 0.004288 0.000365
0.002722 0.000000 0.002394 0.002251 0.729197 0.263436
0.575893 0.280550 0.120265 0.009589 0.012496 0.001207
0.133116 0.671088 0.129645 0.058709 0.006410 0.001033
0.000048 0.993890 0.002171 0.000145 0.003687 0.000060
0.000195 0.977872 0.020423 0.000262 0.001222 0.000026
0.000238 0.973996 0.024769 0.000305 0.000664 0.000029
0.964348 0.009737 0.016200 0.001516 0.007351 0.000848
0.000456 0.016406 0.001829 0.893481 0.032668 0.055159
0.725700 0.110405 0.100881 0.054517 0.007945 0.000551
0.580977 0.272239 0.114846 0.010052 0.019031 0.002855
0.000168 0.980629 0.017298 0.000239 0.001636 0.000030
0.418044 0.073127 0.473212 0.009805 0.025768 0.000045
0.001146 0.069013 0.014014 0.876104 0.039625 0.000099
0.007412 0.147357 0.059025 0.701049 0.081151 0.004007
0.457181 0.109774 0.397874 0.026581 0.007917 0.000671
0.000178 0.979612 0.018453 0.000247 0.001482 0.000028
0.028174 0.005348 0.615339 0.121470 0.221885 0.007784
0.929651 0.023056 0.033605 0.001166 0.012383 0.000140
0.008362 0.000000 0.003175 0.004542 0.170772 0.813150
0.537622 0.007901 0.381717 0.031231 0.038525 0.003003
0.162220 0.076802 0.000000 0.701448 0.003930 0.055600
0.186509 0.125892 0.000000 0.667250 0.002606 0.017743
0.001898 0.000000 0.000757 0.001980 0.732135 0.263230
0.000311 0.971845 0.026684 0.000436 0.000614 0.000110
0.233856 0.136431 0.494686 0.125760 0.009267 0.000000
0.000650 0.086075 0.023787 0.852311 0.026279 0.010899
0.945221 0.016808 0.035599 0.001059 0.001258 0.000055
0.494697 0.290330 0.107180 0.015154 0.089864 0.002776
0.000222 0.974746 0.024002 0.000281 0.000733 0.000016
0.000479 0.974433 0.021816 0.000828 0.002019 0.000425
0.008273 0.563338 0.266590 0.006196 0.100077 0.055526
0.021458 0.000000 0.039536 0.008406 0.659533 0.271067
0.000943 0.148880 -0.000000 0.066700 0.317865 0.465611
0.688623 0.195864 0.100769 0.000831 0.010993 0.002920
0.741580 0.089362 0.138686 0.016429 0.010158 0.003785
0.000170 0.980459 0.017490 0.000240 0.001611 0.000029
0.000177 0.979730 0.018321 0.000246 0.001499 0.000028
0.000260 0.971279 0.027892 0.000318 0.000233 0.000018
0.679526 0.081997 0.215581 0.015572 0.005743 0.001581
0.006020 0.000000 0.944241 0.047087 0.000030 0.002623
0.125496 0.006154 0.067776 0.043798 0.732617 0.024159
0.000270 0.139002 0.006422 0.660137 0.172241 0.021927
0.024672 0.000000 0.956759 0.011874 0.004134 0.002562
0.000163 0.981226 0.016614 0.000235 0.001730 0.000032
0.000689 0.089321 0.026703 0.859215 0.017621 0.006450
0.000062 0.992285 0.004003 0.000156 0.003438 0.000057
0.000108 0.987298 0.009692 0.000192 0.002666 0.000045
0.462185 0.325815 0.092656 0.008700 0.108089 0.002555
0.122139 0.006064 0.065739 0.042881 0.738783 0.024394
0.003184 0.715783 0.278072 0.002590 0.000273 0.000098
0.000261 0.973221 0.025494 0.000345 0.000627 0.000053
0.079423 0.833404 0.038982 0.044875 0.002432 0.000884
0.035873 0.012318 0.930277 0.013715 0.007626 0.000190
0.411953 0.145710 0.337471 0.027720 0.074561 0.002585
0.017194 0.041801 0.760103 0.180734 0.000000 0.000167
0.946153 0.016596 0.029993 0.001205 0.005770 0.000284
0.000335 0.132105 0.009726 0.690138 0.148609 0.019087
0.000079 0.990448 0.006099 0.000169 0.003153 0.000052
0.000612 0.059646 0.017842 0.879383 0.018092 0.024425
0.000603 0.055681 0.016710 0.882297 0.017931 0.026779
0.594038 0.111308 0.233830 0.056513 0.003074 0.001236
0.113623 0.709636 0.112983 0.051967 0.010964 0.000829
0.002451 0.000693 0.147951 0.132515 0.679192 0.037198
0.000175 0.979888 0.018141 0.000245 0.001523 0.000028
0.005066 0.803898 0.142408 0.002993 0.039241 0.006393
0.004313 0.000000 0.016125 0.740794 0.180565 0.058203
0.947565 0.015942 0.033268 0.001113 0.001963 0.000149
0.014695 0.003283 0.002041 0.013066 0.939163 0.027752
0.082215 0.192122 0.588664 0.119110 0.011812 0.006077
0.000269 0.971242 0.027846 0.000338 0.000273 0.000032
0.927279 0.024004 0.033423 0.001179 0.013967 0.000148
0.270829 0.007242 0.118264 0.095701 0.387182 0.120781
0.230407 0.299852 0.457015 0.011780 0.000054 0.000891
0.000037 0.995082 0.000810 0.000136 0.003872 0.000063
0.000660 0.098198 0.025998 0.837403 0.032334 0.005408
0.000527 0.035507 0.009062 0.888117 0.025498 0.041288
0.019857 0.000000 0.036411 0.007878 0.667965 0.267889
0.304362 0.226949 0.281160 0.104612 0.079374 0.003543
0.091206 0.197463 0.608588 0.040550 0.058035 0.004158
0.354154 0.172908 0.021483 0.005090 0.446172 0.000194
0.018154 0.006880 0.313723 0.112230 0.532042 0.016971
0.004568 0.000647 0.204382 0.258693 0.336062 0.195647
0.000043 0.994356 0.001639 0.000142 0.003759 0.000062
0.000039 0.994822 0.001107 0.000138 0.003831 0.000063
0.022769 0.003493 0.006834 0.015304 0.924119 0.027481
0.000286 0.971415 0.027462 0.000377 0.000397 0.000063
0.000150 0.982664 0.014977 0.000225 0.001950 0.000034
0.000193 0.147159 0.002552 0.624796 0.200033 0.025267
0.861765 0.007872 0.121375 0.006087 0.002723 0.000178
0.172431 0.018650 -0.000000 0.759417 0.016348 0.033154
0.000378 0.127611 0.011895 0.709755 0.133135 0.017227
0.003645 0.000000 0.168115 0.786545 0.015788 0.025908
0.000038 0.994984 0.000922 0.000137 0.003857 0.000063
0.021459 0.000000 0.957687 0.005996 0.014857 0.000000
0.000167 0.980735 0.017177 0.000238 0.001653 0.000030
0.002920 0.030815 0.132069 0.830275 0.003905 0.000016
0.000041 0.994632 0.001324 0.000140 0.003802 0.000062
0.942741 0.017794 0.035610 0.001067 0.002733 0.000055
0.347236 0.174978 0.018682 0.005116 0.453792 0.000197
0.000267 0.971113 0.028023 0.000332 0.000238 0.000027
0.003668 0.570235 0.420694 0.003362 0.001697 0.000344
0.166101 0.171251 0.000000 0.637397 0.010869 0.014383
0.200359 0.073094 0.242854 0.007496 0.475838 0.000358
0.959333 0.011598 0.021159 0.001398 0.005868 0.000644
0.724106 0.095933 0.152902 0.015338 0.008710 0.003012
0.000254 0.971662 0.027472 0.000312 0.000283 0.000016
0.000235 0.975039 0.023511 0.000313 0.000860 0.000042
0.003063 0.000770 0.186608 0.159327 0.610840 0.039393
0.958896 0.011760 0.021596 0.001388 0.005734 0.000626
0.000195 0.978072 0.020176 0.000265 0.001262 0.000030
0.312977 0.024359 0.084040 0.045070 0.515756 0.017799
0.000182 0.979192 0.018931 0.000250 0.001418 0.000027
0.000531 0.111744 0.019584 0.779059 0.078387 0.010695
0.000858 0.001464 0.231458 0.261389 0.451125 0.053707
0.183914 0.520540 0.261548 0.019901 0.011688 0.002410
0.000268 0.971372 0.027696 0.000337 0.000294 0.000033
0.000571 0.049346 0.013767 0.881599 0.022696 0.032020
0.022247 0.003479 0.006523 0.015160 0.925089 0.027502
0.003727 0.000000 0.173858 0.785355 0.013861 0.023199
0.003648 0.589387 0.398948 0.003499 0.003963 0.000556
0.068059 0.000000 0.928779 0.002573 0.000488 0.000100
0.947471 0.015993 0.032790 0.001126 0.002451 0.000169
0.436327 0.073709 0.460670 0.002253 0.025151 0.001890
0.000040 0.994782 0.001152 0.000139 0.003825 0.000063
0.011225 0.000000 0.009112 0.005471 0.173336 0.800855
0.164841 0.439076 0.015060 0.006743 0.366776 0.007504
0.541262 0.289371 0.034892 0.085977 0.045624 0.002873
0.756541 0.055039 0.057496 0.106487 0.015777 0.008660
0.000213 0.976636 0.021772 0.000284 0.001063 0.000033
0.042571 0.159007 0.748336 0.011963 0.035440 0.002683
0.021882 0.000000 0.031811 0.008905 0.213764 0.723639
0.755965 0.053051 0.177404 0.003754 0.009805 0.000022
0.000136 0.984209 0.013215 0.000214 0.002188 0.000038
0.000393 0.001322 0.144042 0.113541 0.732278 0.008425
0.968708 0.008120 0.011802 0.001622 0.008719 0.001030
0.125818 0.056875 0.619947 0.160970 0.002968 0.033422
0.000211 0.976449 0.022012 0.000279 0.001020 0.000028
0.053247 0.879635 0.024728 0.035450 0.005776 0.001165
0.000245 0.972270 0.026814 0.000301 0.000358 0.000012
0.331206 0.017153 0.638820 0.005138 0.006966 0.000717
0.000227 0.975514 0.023010 0.000301 0.000912 0.000037
0.136340 0.067058 0.690698 0.015152 0.082392 0.008361
0.000267 0.972363 0.026484 0.000348 0.000490 0.000049
0.082406 0.827702 0.039477 0.046970 0.002321 0.001125
0.942355 0.017957 0.035264 0.001078 0.003277 0.000069
0.000265 0.971108 0.028045 0.000329 0.000228 0.000024
0.025110 0.000000 0.922688 0.007993 0.044209 0.000001
0.683426 0.077545 0.217264 0.015376 0.004895 0.001494
0.960916 0.011010 0.019640 0.001434 0.006295 0.000706
0.000458 0.016873 0.002007 0.893354 0.032491 0.054818
0.949136 0.015367 0.031511 0.001154 0.002611 0.000221
0.006667 0.606267 0.314177 0.004279 0.049170 0.019439
0.184819 0.039845 0.733292 0.010143 0.029905 0.001996
0.135242 0.068832 0.682188 0.015223 0.089692 0.008824
0.745962 0.055969 0.177064 0.003721 0.017265 0.000019
0.430600 0.079142 0.453760 0.002276 0.032200 0.002021
0.935904 0.020535 0.034836 0.001111 0.007526 0.000088
0.000182 0.979288 0.018815 0.000251 0.001436 0.000028
0.021329 0.003455 0.005979 0.014905 0.926802 0.027530
0.739446 0.097286 0.105071 0.052512 0.005272 0.000412
0.183678 0.042371 0.718819 0.010368 0.042102 0.002663
0.000586 0.105852 0.022351 0.804343 0.058454 0.008414
0.442119 0.000000 0.183652 0.023429 0.173630 0.177170
0.451494 0.330067 0.090056 0.008617 0.117083 0.002683
0.008785 0.000000 0.014430 0.004242 0.707415 0.265127
0.146941 0.053658 0.747777 0.015110 0.029540 0.006974
0.188289 0.021953 -0.000000 0.770708 0.011127 0.007923
0.009526 0.682652 0.295886 0.004248 0.003744 0.003944
0.944702 0.017002 0.036028 0.001049 0.001181 0.000038
0.269858 0.005642 0.581227 0.003772 0.137464 0.002037
0.000562 0.975630 0.019505 0.001020 0.002704 0.000578
0.000178 0.979599 0.018466 0.000248 0.001481 0.000028
0.000203 0.977334 0.021007 0.000272 0.001154 0.000030
0.534277 0.166145 0.228048 0.053710 0.017027 0.000793
0.325576 0.000000 0.634444 0.010941 0.024909 0.004130
0.285855 0.412466 0.293739 0.007472 0.000000 0.000468
0.000050 0.993592 0.002511 0.000147 0.003640 0.000060
0.936129 0.020443 0.034889 0.001109 0.007343 0.000086
0.007146 0.743469 0.220979 0.003489 0.020890 0.004026
0.000788 0.000164 0.969852 0.001803 0.027145 0.000248
0.000040 0.994749 0.001190 0.000139 0.003820 0.000062
0.000197 0.977697 0.020620 0.000264 0.001196 0.000026
0.865275 0.007829 0.115948 0.006336 0.004353 0.000259
0.242071 0.495617 0.255164 0.006757 0.000000 0.000391
0.476221 0.000000 0.463415 0.006153 0.052160 0.002051
0.581727 0.115746 0.246752 0.052862 0.002221 0.000692
0.936554 0.020307 0.033747 0.001138 0.008121 0.000132
0.000478 0.974392 0.021881 0.000824 0.002004 0.000422
0.000157 0.981853 0.015901 0.000230 0.001825 0.000033
0.541395 0.199044 0.220526 0.034026 0.002065 0.002944
0.002232 0.006022 0.011305 0.975449 0.004830 0.000161
0.000251 0.971858 0.027264 0.000308 0.000305 0.000014
0.083009 0.826785 0.040195 0.046835 0.002151 0.001024
0.000601 0.055390 0.016510 0.881963 0.018434 0.027103
0.000733 0.090845 0.029712 0.870126 0.006308 0.002276
0.878707 0.000324 0.043585 0.004909 0.049727 0.022748
0.962756 0.010326 0.017869 0.001476 0.006795 0.000779
0.719609 0.053282 0.207430 0.015826 0.001286 0.002567
0.042057 0.166420 0.733565 0.012064 0.042926 0.002968
0.000258 0.971020 0.028225 0.000312 0.000174 0.000011
0.000304 0.000390 0.004648 0.041892 0.907994 0.044771
0.437566 0.067043 0.477125 0.002149 0.015004 0.001113
0.447933 0.331508 0.089216 0.008587 0.120037 0.002719
0.066861 0.000000 0.930535 0.002414 0.000143 0.000047
0.001473 0.641549 0.048763 0.001746 0.292824 0.013645
0.008986 0.004077 0.770516 0.124210 0.054144 0.038067
0.883612 0.041550 0.026873 0.001508 0.046029 0.000428
0.000722 0.089534 0.028811 0.868638 0.008582 0.003713
0.011345 0.346751 0.482990 0.008641 0.136623 0.013651
0.926629 0.024264 0.033381 0.001182 0.014393 0.000150
0.666034 0.116845 0.202054 0.011622 0.003072 0.000373
0.254431 0.133537 0.082608 0.368680 0.022970 0.137775
0.000253 0.971335 0.027886 0.000306 0.000211 0.000009
0.946571 0.016322 0.033801 0.001102 0.002076 0.000128
0.000037 0.995029 0.000870 0.000137 0.003864 0.000063
0.660637 0.121692 0.200392 0.011653 0.005234 0.000392
0.012814 0.101070 0.878028 0.004925 0.002530 0.000633
0.041345 0.002467 0.909393 0.000984 0.044936 0.000875
0.000460 0.017275 0.002159 0.893244 0.032338 0.054524
0.000635 0.098638 0.024506 0.829496 0.039503 0.007221
0.141753 0.060929 0.715026 0.015254 0.058792 0.008246
0.686321 0.073685 0.156668 0.003865 0.079422 0.000038
0.325907 0.054013 0.476906 0.008540 0.134470 0.000165
0.385619 0.163497 0.034227 0.004972 0.411505 0.000179
0.081795 0.829857 0.041946 0.044218 0.001731 0.000453
0.002647 0.684432 0.296355 0.002799 0.013331 0.000435
0.000572 0.047377 0.013564 0.884730 0.021028 0.032729
0.001914 0.000000 0.000789 0.001986 0.732077 0.263235
0.003259 0.000000 0.003460 0.002427 0.727265 0.263589
0.000166 0.980893 0.016997 0.000237 0.001677 0.000030
0.000177 0.979740 0.018309 0.000246 0.001500 0.000028
0.088009 0.209692 0.574318 0.040835 0.081406 0.005740
0.079193 0.834349 0.040257 0.043527 0.002128 0.000547
0.000043 0.994434 0.001550 0.000141 0.003771 0.000062
0.000943 0.000480 0.047252 0.068890 0.839820 0.042615
0.444332 0.059408 0.488604 0.002099 0.004765 0.000792
0.000038 0.994904 0.001012 0.000138 0.003844 0.000063
0.195515 0.138772 -0.000000 0.657995 0.001700 0.006018
0.001410 0.000000 0.001204 0.549713 0.342846 0.104827
0.000064 0.992043 0.004279 0.000158 0.003400 0.000056
0.039268 0.002318 0.942540 0.000867 0.014802 0.000205
0.003450 0.000000 0.003839 0.002490 0.726605 0.263617
0.093822 0.066614 0.738388 0.096774 0.001754 0.002648
0.024618 0.000000 0.944738 0.007540 0.023103 0.000001
0.000511 0.000420 0.018455 0.050619 0.885963 0.044032
0.292550 0.058967 0.426761 0.008090 0.213457 0.000174
0.145079 0.644968 0.147447 0.060132 0.001781 0.000592
0.005673 0.010948 0.201888 0.048102 0.066600 0.666789
0.025086 0.000000 0.046424 0.009611 0.630071 0.288809
0.000241 0.972787 0.026225 0.000297 0.000438 0.000013
0.009480 0.000000 0.015814 0.004470 0.705120 0.265115
0.000088 0.989464 0.007221 0.000176 0.003000 0.000050
0.000037 0.995088 0.000803 0.000136 0.003873 0.000063
0.528296 0.299252 0.108448 0.009233 0.052934 0.001837
0.000233 0.974837 0.023777 0.000306 0.000810 0.000036
0.000038 0.994971 0.000937 0.000137 0.003855 0.000063
0.000185 0.148034 0.002139 0.621011 0.203006 0.025624
0.017219 0.046620 0.746921 0.189012 0.000000 0.000229
0.000226 0.974996 0.023656 0.000292 0.000803 0.000027
0.934142 0.021264 0.033825 0.001144 0.009495 0.000130
0.813913 0.013738 0.143944 0.021425 0.006819 0.000161
0.535461 0.164625 0.229056 0.053571 0.016514 0.000773
0.000257 0.971382 0.027789 0.000315 0.000241 0.000016
0.000514 0.974986 0.020786 0.000909 0.002316 0.000490
0.000041 0.994587 0.001375 0.000140 0.003795 0.000062
0.712513 0.065928 0.164227 0.003827 0.053472 0.000033
0.183624 0.620290 0.020435 0.150451 0.007176 0.018023
0.451621 0.057684 0.483256 0.002164 0.003943 0.001332
0.100371 0.073486 0.696325 0.114971 0.003895 0.010952
0.010504 0.010343 0.842921 0.113574 0.012008 0.010651
0.000641 0.067338 0.020724 0.876939 0.015371 0.018987
0.000308 0.134914 0.008364 0.677845 0.158306 0.020263
0.000622 0.102337 0.024167 0.820194 0.045831 0.006848
0.934562 0.021106 0.033498 0.001152 0.009539 0.000143
0.189856 0.147189 0.000000 0.652568 0.003643 0.006745
0.000181 0.148413 0.001961 0.619374 0.204292 0.025779
0.342880 0.000000 0.565530 0.012816 0.048427 0.030347
0.000101 0.988039 0.008848 0.000186 0.002780 0.000047
0.035331 0.304598 0.446049 0.105688 0.095113 0.013222
0.000043 0.994432 0.001552 0.000141 0.003771 0.000062
0.000259 0.971619 0.027479 0.000322 0.000298 0.000023
0.473079 0.280719 0.196138 0.032852 0.014306 0.002905
0.002793 0.020398 0.099502 0.875182 0.002066 0.000058
0.215696 0.561514 0.215509 0.006708 0.000000 0.000572
0.311752 0.021553 0.646346 0.004378 0.015565 0.000406
0.000578 0.106975 0.021972 0.800217 0.061600 0.008657
0.780965 0.000689 0.184602 0.003283 0.022757 0.007704
0.000481 0.023213 0.004412 0.891614 0.030086 0.050193
0.068538 0.095831 0.726704 0.086969 0.017037 0.004922
0.638231 0.144746 0.187215 0.012157 0.016914 0.000737
0.805639 0.014795 0.135934 0.022423 0.020917 0.000293
0.000317 0.134031 0.008798 0.681739 0.155230 0.019885
0.012442 0.000000 0.021694 0.005443 0.694586 0.265835
0.557232 0.289553 0.117399 0.009337 0.025479 0.001000
0.945731 0.016633 0.034623 0.001083 0.001835 0.000095
0.000142 0.983514 0.014008 0.000218 0.002081 0.000036
0.090366 0.202914 0.590053 0.041262 0.069808 0.005597
0.924054 0.025296 0.033078 0.001200 0.016209 0.000163
0.150577 0.640344 0.132871 0.068945 0.005173 0.002090
0.135194 0.021710 0.015003 0.248581 0.002791 0.576722
0.025327 0.000000 0.046791 0.009695 0.623251 0.294936
0.000099 0.988284 0.008568 0.000185 0.002818 0.000047
0.125934 0.740848 0.037297 0.086039 0.002954 0.006928
0.368474 0.011402 0.197787 0.115821 0.249996 0.056520
