0.035402 0.000957 0.204297 0.759308 0.000035
0.001676 0.007200 0.480652 0.204313 0.306159
0.010169 0.001177 0.200799 0.764890 0.022965
0.978427 0.000279 0.013031 0.008040 0.000224
0.978343 0.000281 0.013042 0.008105 0.000229
0.537857 0.003755 0.197178 0.248036 0.013174
0.004878 0.019401 0.287232 0.426832 0.261658
0.002488 0.922895 0.046006 0.027029 0.001582
0.928789 0.005262 0.034690 0.028483 0.002776
0.949047 0.001322 0.017022 0.030402 0.002208
0.001906 0.059013 0.304754 0.565515 0.068812
0.006302 0.599798 0.157912 0.226980 0.009010
0.000864 0.837771 0.151428 0.009932 0.000005
0.014401 0.006221 0.118058 0.856006 0.005315
0.001656 0.952134 0.031673 0.014524 0.000012
0.896435 0.001157 0.037732 0.063816 0.000859
0.968166 0.000024 0.024590 0.006092 0.001128
0.037373 0.000831 0.223697 0.735207 0.002892
0.000003 0.005880 0.063186 0.026489 0.904441
0.008340 0.001620 0.287183 0.606835 0.096021
0.009286 0.004641 0.071112 0.884249 0.030711
0.000000 0.429730 0.563950 0.006293 0.000027
0.964507 0.000705 0.014932 0.018698 0.001158
0.000440 0.010006 0.159369 0.171255 0.658929
0.020339 0.001228 0.131562 0.846799 0.000072
0.932694 0.004808 0.034414 0.025957 0.002127
0.068238 0.010678 0.100704 0.730053 0.090327
0.000458 0.139115 0.087934 0.761802 0.010690
0.007515 0.322626 0.235864 0.264944 0.169051
0.000621 0.010469 0.082273 0.904402 0.002235
0.025228 0.477110 0.119359 0.374438 0.003866
0.006290 0.002704 0.063816 0.927076 0.000113
0.000062 0.018166 0.039161 0.932535 0.010075
0.000109 0.161232 0.132052 0.706224 0.000382
0.000003 0.005529 0.062529 0.026580 0.905359
0.000508 0.571739 0.133553 0.292735 0.001464
0.049781 0.345265 0.366525 0.150035 0.088394
0.000000 0.334470 0.603771 0.012262 0.049496
0.015446 0.001190 0.112784 0.862425 0.008154
0.971574 0.000017 0.023545 0.004360 0.000504
0.000835 0.090628 0.236572 0.628114 0.043851
0.385035 0.050560 0.302955 0.247498 0.013952
0.925911 0.005617 0.034891 0.030329 0.003252
0.000000 0.005848 0.591218 0.183824 0.219111
0.019981 0.004607 0.105380 0.843157 0.026875
0.002419 0.567335 0.200044 0.226450 0.003751
0.000056 0.006387 0.061434 0.168151 0.763973
0.014637 0.008879 0.109195 0.854079 0.013210
0.947532 0.000046 0.031226 0.021119 0.000076
0.000000 0.393868 0.565761 0.006933 0.033438
0.002780 0.003155 0.416285 0.563931 0.013850
0.018093 0.126305 0.108973 0.742282 0.004347
0.000003 0.005646 0.062745 0.026549 0.905057
0.003441 0.338251 0.122839 0.498124 0.037345
0.026122 0.014547 0.135057 0.822459 0.001815
0.003341 0.001702 0.052053 0.913012 0.029892
0.000003 0.005524 0.062585 0.026582 0.905306
0.099086 0.232372 0.155646 0.460952 0.051944
0.036709 0.134572 0.421337 0.400686 0.006696
0.045928 0.016420 0.333796 0.553246 0.050610
0.108670 0.109792 0.577962 0.142038 0.061538
0.000629 0.708986 0.140149 0.149185 0.001051
0.000000 0.095826 0.822299 0.019728 0.062146
0.164894 0.042380 0.708049 0.071994 0.012683
0.000004 0.006475 0.069341 0.026436 0.897743
0.576679 0.000721 0.077820 0.341170 0.003610
0.027878 0.081128 0.147095 0.740267 0.003633
0.032483 0.005443 0.221805 0.738126 0.002143
0.069144 0.007449 0.430305 0.461277 0.031825
0.217951 0.142163 0.219089 0.383954 0.036843
0.000000 0.079965 0.042516 0.288397 0.589122
0.009003 0.151643 0.566080 0.271261 0.002012
0.000004 0.007771 0.066757 0.026002 0.899466
0.149966 0.141586 0.275885 0.283672 0.148892
0.970365 0.007564 0.013039 0.007733 0.001299
0.041563 0.090259 0.753994 0.114158 0.000025
0.000022 0.065419 0.076368 0.857722 0.000469
0.971569 0.000017 0.023546 0.004363 0.000505
0.006579 0.005007 0.316715 0.671040 0.000659
0.667952 0.000648 0.066360 0.262273 0.002768
0.978425 0.000279 0.013031 0.008041 0.000224
0.956807 0.000875 0.015994 0.024654 0.001671
0.142413 0.015433 0.284553 0.557447 0.000154
0.000000 0.144522 0.574075 0.033413 0.247990
0.023130 0.016631 0.886541 0.073698 0.000000
0.008292 0.153994 0.071586 0.761069 0.005060
0.025022 0.416383 0.022824 0.280230 0.255541
0.978427 0.000279 0.013031 0.008040 0.000224
0.959407 0.007468 0.014602 0.016520 0.002002
0.018641 0.068769 0.113604 0.794686 0.004301
0.002548 0.968818 0.023700 0.004550 0.000384
0.005731 0.002206 0.059712 0.902805 0.029546
0.012466 0.017072 0.196762 0.699888 0.073812
0.852377 0.006021 0.029956 0.102814 0.008832
0.009844 0.137836 0.603816 0.247093 0.001410
0.203628 0.131284 0.220394 0.381890 0.062803
0.001298 0.011393 0.234066 0.707046 0.046197
0.948575 0.000422 0.029993 0.014746 0.006263
0.953418 0.000067 0.029088 0.013538 0.003889
0.008416 0.519536 0.143794 0.327536 0.000718
0.000000 0.340620 0.515721 0.014674 0.128985
0.011216 0.026930 0.406496 0.552124 0.003232
0.000000 0.003437 0.788595 0.132188 0.075780
0.000000 0.412913 0.553626 0.005213 0.028248
0.978426 0.000279 0.013031 0.008041 0.000224
0.003992 0.000000 0.963155 0.016134 0.016718
0.004385 0.416291 0.131974 0.435774 0.011576
0.000118 0.172076 0.137677 0.689755 0.000374
0.012250 0.004509 0.345647 0.545419 0.092175
0.821116 0.114955 0.030617 0.022487 0.010825
0.012835 0.001714 0.099605 0.876760 0.009086
0.000017 0.032707 0.113987 0.019577 0.833713
0.000000 0.282359 0.690160 0.027441 0.000041
0.000108 0.030068 0.044832 0.914893 0.010099
0.003345 0.008725 0.054587 0.925968 0.007375
0.046491 0.167188 0.119463 0.648181 0.018676
0.111513 0.152290 0.137543 0.448303 0.150350
0.001614 0.079852 0.860338 0.058196 0.000000
0.911506 0.007282 0.035910 0.039654 0.005647
0.002557 0.973094 0.021632 0.002445 0.000272
0.971137 0.000018 0.023679 0.004582 0.000584
0.966167 0.000466 0.024468 0.005520 0.003378
0.000061 0.187284 0.096520 0.715710 0.000426
0.000118 0.034309 0.046102 0.909331 0.010139
0.008136 0.166908 0.526959 0.295374 0.002623
0.000028 0.006549 0.179868 0.028616 0.784940
0.006485 0.109532 0.066940 0.811857 0.005186
0.000114 0.208348 0.132344 0.658819 0.000376
0.015746 0.001643 0.400770 0.511359 0.070482
0.020449 0.001234 0.473114 0.452357 0.052846
0.047610 0.001427 0.193896 0.743187 0.013880
0.000000 0.028767 0.469513 0.494071 0.007650
0.967654 0.000025 0.024746 0.006351 0.001223
0.018390 0.080726 0.139557 0.752261 0.009066
0.000410 0.046540 0.351549 0.601392 0.000109
0.005275 0.061464 0.064661 0.863331 0.005269
0.002050 0.086442 0.448406 0.462505 0.000597
0.006221 0.115355 0.135561 0.742862 0.000000
0.000894 0.146600 0.243623 0.607036 0.001847
0.028118 0.001004 0.169120 0.801705 0.000053
0.000489 0.057451 0.152396 0.096714 0.692949
0.945437 0.003760 0.017153 0.031024 0.002627
0.011792 0.457511 0.438305 0.089605 0.002787
0.001487 0.009672 0.257397 0.689851 0.041594
0.064708 0.225457 0.125027 0.567945 0.016861
0.048804 0.045806 0.167897 0.296775 0.440718
0.001957 0.415560 0.581226 0.000792 0.000464
0.000878 0.788119 0.183717 0.027277 0.000009
0.007144 0.008605 0.896337 0.067534 0.020380
0.005825 0.224866 0.418656 0.346569 0.004084
0.028579 0.091714 0.560193 0.234788 0.084727
0.878127 0.000417 0.051833 0.051072 0.018551
0.004448 0.041146 0.729130 0.136112 0.089164
0.000161 0.018730 0.083434 0.150884 0.746792
0.977902 0.000292 0.013103 0.008444 0.000259
0.002463 0.009813 0.049505 0.930626 0.007592
0.000000 0.003433 0.789256 0.132008 0.075303
0.000131 0.127528 0.149878 0.722099 0.000364
0.965282 0.000975 0.014781 0.017834 0.001129
0.000030 0.058541 0.162276 0.012908 0.766246
0.059923 0.316643 0.085761 0.407809 0.129864
0.013054 0.003109 0.358714 0.540422 0.084701
0.000035 0.006255 0.211733 0.029337 0.752640
0.970364 0.007564 0.013039 0.007733 0.001299
0.000772 0.006599 0.246817 0.184372 0.561440
0.001502 0.504516 0.176800 0.312022 0.005161
0.932717 0.004805 0.034412 0.025942 0.002123
0.003184 0.001753 0.050779 0.932958 0.011326
0.005390 0.018979 0.066139 0.907058 0.002434
0.000004 0.006645 0.067987 0.026359 0.899005
0.000000 0.079045 0.169317 0.681704 0.069934
0.000000 0.030114 0.955259 0.006360 0.008267
0.059695 0.041765 0.266172 0.631045 0.001324
0.001855 0.001035 0.044011 0.941923 0.011176
0.971534 0.000017 0.023557 0.004380 0.000511
0.026725 0.676388 0.246637 0.048500 0.001750
0.003729 0.251508 0.192718 0.545494 0.006551
0.001570 0.827656 0.055374 0.115347 0.000053
0.041217 0.060891 0.855786 0.041708 0.000398
0.002535 0.958601 0.028662 0.009552 0.000651
0.002521 0.954629 0.030563 0.011530 0.000757
0.916629 0.001927 0.021510 0.055579 0.004356
0.007312 0.026815 0.077007 0.881098 0.007767
0.000394 0.199822 0.760567 0.037513 0.001703
0.016945 0.454422 0.332064 0.196529 0.000041
0.019276 0.000770 0.329912 0.641109 0.008934
0.944216 0.000315 0.031524 0.017382 0.006564
0.059070 0.016001 0.387641 0.495841 0.041446
0.007942 0.032505 0.074092 0.882997 0.002465
0.040788 0.575074 0.342606 0.040759 0.000773
0.000031 0.094251 0.081100 0.824159 0.000459
0.064826 0.454827 0.343147 0.080699 0.056501
0.957452 0.001198 0.015853 0.023844 0.001653
0.002570 0.200139 0.411048 0.386222 0.000021
0.000000 0.032218 0.938041 0.008632 0.021109
0.000268 0.284835 0.499988 0.050548 0.164361
0.943000 0.000292 0.031940 0.018093 0.006676
0.037729 0.000942 0.215537 0.745762 0.000030
0.978427 0.000279 0.013031 0.008040 0.000224
0.017516 0.388476 0.230015 0.363314 0.000678
0.960557 0.000041 0.026919 0.009952 0.002531
0.005873 0.025396 0.068776 0.892024 0.007932
0.001435 0.131124 0.092261 0.759642 0.015539
0.977916 0.000292 0.013101 0.008434 0.000258
0.019745 0.091918 0.096755 0.275781 0.515801
0.000547 0.007049 0.188339 0.178449 0.625616
0.010159 0.039233 0.081193 0.866961 0.002453
0.000000 0.036184 0.870804 0.092956 0.000057
0.001359 0.066456 0.899361 0.015835 0.016989
0.052428 0.155520 0.474951 0.312555 0.004545
0.971550 0.000017 0.023552 0.004372 0.000509
0.000410 0.046539 0.351552 0.601389 0.000109
0.065663 0.001293 0.251742 0.673975 0.007328
0.002552 0.001394 0.045664 0.950275 0.000115
0.002664 0.353558 0.389113 0.062493 0.192172
0.168861 0.001099 0.317184 0.512797 0.000059
0.000028 0.083736 0.079379 0.836395 0.000463
0.002441 0.912801 0.050798 0.032106 0.001854
0.053679 0.122560 0.528366 0.295201 0.000194
0.116557 0.099207 0.084868 0.509156 0.190211
0.001194 0.012768 0.974199 0.000000 0.011840
0.000038 0.116414 0.084946 0.798150 0.000451
0.000000 0.434333 0.487663 0.005736 0.072267
0.966239 0.007528 0.013627 0.011042 0.001564
0.000643 0.033450 0.948340 0.017288 0.000279
0.007975 0.492969 0.145329 0.352966 0.000762
0.000000 0.446116 0.484148 0.004611 0.065124
0.000062 0.018185 0.039163 0.932514 0.010075
0.000000 0.050046 0.874564 0.013178 0.062211
0.002044 0.147736 0.103432 0.731875 0.014913
0.000401 0.038988 0.082984 0.868932 0.008695
0.000000 0.127160 0.579397 0.035056 0.258388
0.038865 0.013069 0.305460 0.588200 0.054407
0.005797 0.000000 0.127073 0.859554 0.007576
0.005054 0.079284 0.169188 0.733967 0.012507
0.000000 0.274482 0.536114 0.020917 0.168486
0.100644 0.016035 0.106738 0.689474 0.087109
0.010880 0.175067 0.080170 0.729008 0.004874
0.043829 0.287198 0.382489 0.183301 0.103182
0.002513 0.006721 0.156784 0.832284 0.001698
0.000000 0.416462 0.492996 0.007443 0.083099
0.000400 0.046900 0.133612 0.111476 0.707614
0.015687 0.750451 0.067574 0.165379 0.000909
0.001427 0.075357 0.073160 0.850057 0.000000
0.006631 0.003426 0.062601 0.896899 0.030443
0.000399 0.047039 0.343924 0.608519 0.000119
0.000176 0.048408 0.053325 0.887944 0.010146
0.041139 0.572549 0.344999 0.040564 0.000748
0.002787 0.584056 0.091976 0.149522 0.171658
0.000015 0.021240 0.109334 0.022871 0.846541
0.939187 0.006975 0.017537 0.033025 0.003276
0.000277 0.052742 0.257244 0.689505 0.000232
0.000096 0.137583 0.124418 0.737507 0.000396
0.002256 0.137674 0.842090 0.017980 0.000000
0.005253 0.243015 0.052615 0.697120 0.001998
0.001355 0.429204 0.202370 0.359502 0.007568
0.000051 0.005789 0.060376 0.168988 0.764797
0.005962 0.059540 0.067282 0.861998 0.005219
0.000000 0.032194 0.938132 0.008625 0.021049
0.000095 0.026402 0.043262 0.920157 0.010084
0.011649 0.000000 0.093647 0.856368 0.038336
0.431296 0.037773 0.324278 0.199634 0.007019
0.000000 0.032194 0.938130 0.008625 0.021050
0.002557 0.973099 0.021630 0.002443 0.000272
0.002450 0.001453 0.047048 0.937745 0.011304
0.004146 0.704649 0.113784 0.177351 0.000070
0.071975 0.242440 0.334701 0.345225 0.005660
0.011288 0.013570 0.192534 0.709091 0.073516
0.024176 0.211651 0.121123 0.641627 0.001424
0.000004 0.006406 0.068802 0.026446 0.898343
0.042406 0.292061 0.377757 0.183823 0.103953
0.000436 0.581991 0.346954 0.013153 0.057466
0.002556 0.972967 0.021694 0.002508 0.000275
0.014310 0.097467 0.736814 0.151409 0.000000
0.002830 0.007671 0.051651 0.930446 0.007401
0.002628 0.006176 0.970055 0.021141 0.000000
0.000026 0.078081 0.078440 0.842989 0.000465
0.000119 0.162263 0.139196 0.698049 0.000373
0.971576 0.000017 0.023544 0.004359 0.000504
0.033307 0.005409 0.226533 0.732753 0.001998
0.000005 0.008943 0.069960 0.025719 0.895373
0.087591 0.202505 0.155335 0.499339 0.055230
0.002495 0.000000 0.857277 0.041340 0.098889
0.001210 0.018576 0.105216 0.872763 0.002235
0.000000 0.179302 0.702472 0.026310 0.091916
0.002717 0.008093 0.164764 0.822754 0.001672
0.562349 0.003356 0.202214 0.222946 0.009136
0.003565 0.008718 0.198082 0.788162 0.001473
0.976360 0.000332 0.013314 0.009631 0.000362
0.000409 0.046596 0.350688 0.602197 0.000110
0.000184 0.572268 0.159743 0.267516 0.000289
0.000016 0.013512 0.120465 0.025376 0.840631
0.004946 0.221604 0.052458 0.718953 0.002039
0.069774 0.000000 0.915920 0.000000 0.014306
0.000261 0.366270 0.593185 0.038172 0.002113
0.797042 0.053997 0.039985 0.087691 0.021285
0.000548 0.007893 0.079474 0.909879 0.002207
0.000083 0.008459 0.067586 0.165471 0.758401
0.033600 0.005396 0.228218 0.730838 0.001947
0.000000 0.158390 0.702109 0.017889 0.121612
0.000190 0.146725 0.122540 0.727864 0.002681
0.036921 0.165382 0.404079 0.393096 0.000522
0.000675 0.020764 0.157045 0.757572 0.063944
0.000100 0.011497 0.070705 0.161017 0.756682
0.002556 0.972945 0.021704 0.002519 0.000276
0.004044 0.000000 0.966598 0.015223 0.014135
0.000266 0.053334 0.249467 0.696690 0.000242
0.000206 0.006210 0.100648 0.830817 0.062120
0.964670 0.000031 0.025661 0.007868 0.001769
0.005047 0.021502 0.064110 0.901499 0.007842
0.002555 0.972043 0.022141 0.002962 0.000300
0.000000 0.041608 0.209771 0.723560 0.025061
0.000000 0.043239 0.580716 0.363070 0.012975
0.051448 0.213940 0.211559 0.520439 0.002615
0.011358 0.049765 0.099791 0.830649 0.008436
0.961459 0.000039 0.026644 0.009496 0.002364
0.932998 0.004773 0.034392 0.025760 0.002076
0.008145 0.059227 0.337471 0.590735 0.004422
0.932959 0.004777 0.034395 0.025786 0.002083
0.003893 0.005971 0.211063 0.777731 0.001342
0.052229 0.040958 0.163307 0.403210 0.340295
0.003675 0.002131 0.053288 0.929455 0.011452
0.002557 0.973100 0.021629 0.002442 0.000272
0.978420 0.000279 0.013032 0.008045 0.000224
0.031179 0.005498 0.214328 0.746624 0.002371
0.000000 0.081667 0.057224 0.295408 0.565701
0.000047 0.136646 0.089485 0.773380 0.000442
0.210767 0.505067 0.161311 0.102009 0.020846
0.495737 0.080947 0.180350 0.195234 0.047732
0.006800 0.129817 0.063027 0.798243 0.002114
0.022974 0.155307 0.405785 0.271490 0.144444
0.001608 0.006819 0.044657 0.939355 0.007561
0.821692 0.115039 0.030558 0.021996 0.010714
0.001189 0.021787 0.104295 0.870431 0.002298
0.004065 0.922219 0.051531 0.020987 0.001197
0.019880 0.421625 0.377222 0.181247 0.000026
0.002024 0.037765 0.915015 0.045196 0.000000
0.002553 0.971032 0.022630 0.003460 0.000326
0.041013 0.177501 0.427540 0.231641 0.122305
0.047356 0.011924 0.205572 0.733952 0.001196
0.012955 0.056779 0.108820 0.812868 0.008578
0.000000 0.110372 0.371573 0.515766 0.002290
0.060209 0.041631 0.268074 0.628800 0.001286
0.167581 0.103364 0.204051 0.512910 0.012094
0.002647 0.005922 0.971175 0.020255 0.000000
0.002557 0.972998 0.021679 0.002493 0.000274
0.000037 0.110060 0.084185 0.805265 0.000453
0.000185 0.575034 0.160198 0.264294 0.000288
0.003291 0.005947 0.187407 0.801863 0.001491
0.006365 0.894736 0.072575 0.025006 0.001319
0.000000 0.098079 0.149241 0.723540 0.029140
0.088696 0.155533 0.395749 0.354938 0.005085
0.002647 0.005928 0.971149 0.020276 0.000000
0.003923 0.069972 0.146939 0.765595 0.013571
0.020578 0.176795 0.677156 0.122300 0.003171
0.002521 0.951915 0.031893 0.012845 0.000826
0.011394 0.003307 0.088506 0.896688 0.000105
0.002603 0.959051 0.028666 0.009058 0.000622
0.001145 0.006824 0.343280 0.192633 0.456117
0.009057 0.877766 0.089756 0.022352 0.001069
0.000005 0.010201 0.071920 0.025387 0.892487
0.015114 0.000843 0.270902 0.698019 0.015123
0.003398 0.282303 0.467136 0.064613 0.182550
0.030965 0.748982 0.130848 0.086078 0.003127
0.978329 0.000281 0.013044 0.008115 0.000230
0.473820 0.064283 0.066116 0.318014 0.077766
0.005282 0.000000 0.122862 0.864290 0.007566
0.006715 0.056507 0.297848 0.633784 0.005146
0.002223 0.808169 0.136689 0.051326 0.001593
0.932995 0.004773 0.034392 0.025762 0.002077
0.000218 0.065506 0.058359 0.865605 0.010311
0.001961 0.412228 0.482007 0.103780 0.000024
0.000000 0.000000 0.203785 0.672593 0.123622
0.020004 0.420248 0.379119 0.180604 0.000026
0.002557 0.973088 0.021635 0.002448 0.000272
0.000000 0.570563 0.210133 0.189838 0.029466
0.000051 0.005804 0.060397 0.168966 0.764782
0.001168 0.000000 0.771553 0.065013 0.162266
0.978401 0.000279 0.013034 0.008060 0.000225
0.947812 0.000045 0.031191 0.020878 0.000074
0.000000 0.081987 0.057813 0.295576 0.564624
0.000369 0.217641 0.740642 0.039502 0.001847
0.000005 0.005570 0.073243 0.026781 0.894401
0.003265 0.338073 0.439684 0.057251 0.161727
0.002548 0.968510 0.023849 0.004700 0.000392
0.001212 0.019238 0.105291 0.872012 0.002246
0.575539 0.000719 0.077963 0.342159 0.003620
0.971576 0.000017 0.023544 0.004359 0.000504
0.029566 0.000900 0.613125 0.336214 0.020195
0.002557 0.973094 0.021632 0.002445 0.000272
0.001679 0.108752 0.151427 0.730480 0.007662
0.035563 0.001652 0.155296 0.789102 0.018387
0.002430 0.829460 0.066327 0.101736 0.000045
0.002572 0.069953 0.923877 0.002885 0.000713
0.025606 0.233101 0.472903 0.226901 0.041489
0.000838 0.810550 0.167237 0.021368 0.000008
0.002535 0.008218 0.049950 0.931812 0.007484
0.002077 0.085747 0.453102 0.458507 0.000566
0.008118 0.001836 0.067360 0.894357 0.028328
0.036919 0.000947 0.211623 0.750479 0.000032
0.971576 0.000017 0.023544 0.004359 0.000504
0.000711 0.123618 0.793114 0.000000 0.082558
0.000000 0.421562 0.548117 0.004431 0.025890
0.963087 0.000034 0.026147 0.008674 0.002059
0.009946 0.617841 0.137382 0.234274 0.000557
0.002546 0.967670 0.024256 0.005114 0.000414
0.405063 0.007674 0.169689 0.381876 0.035698
0.032682 0.123631 0.740307 0.095691 0.007690
0.000000 0.361655 0.509324 0.012678 0.116343
0.965330 0.000621 0.014829 0.018122 0.001099
0.087076 0.176390 0.387539 0.344021 0.004974
0.943500 0.003902 0.017405 0.032431 0.002763
0.002284 0.113386 0.880250 0.003208 0.000873
0.213131 0.000883 0.373854 0.412103 0.000028
0.005814 0.093894 0.016763 0.511326 0.372203
0.000329 0.300992 0.661662 0.035206 0.001812
0.003136 0.057294 0.056964 0.877183 0.005423
0.971556 0.000017 0.023550 0.004369 0.000507
0.003499 0.014837 0.055357 0.918594 0.007712
0.018076 0.004856 0.434826 0.469055 0.073187
0.044323 0.077097 0.780967 0.097597 0.000015
0.000000 0.077049 0.872017 0.013424 0.037511
0.003677 0.002883 0.215011 0.662052 0.116377
0.000000 0.052447 0.947553 0.000000 0.000000
0.011245 0.700608 0.132056 0.155671 0.000421
0.933871 0.007234 0.018248 0.037006 0.003640
0.000156 0.483239 0.145096 0.371188 0.000321
0.000022 0.064562 0.076357 0.858589 0.000469
0.002630 0.006152 0.970150 0.021068 0.000000
0.031936 0.772896 0.129052 0.063410 0.002705
0.000974 0.201619 0.789681 0.005873 0.001853
0.817765 0.114466 0.030960 0.025338 0.011471
0.023038 0.001204 0.512842 0.419125 0.043790
0.017148 0.001953 0.422116 0.492115 0.066668
0.088285 0.005616 0.508938 0.379069 0.018092
0.012163 0.759024 0.128309 0.100179 0.000325
0.000169 0.523965 0.151797 0.323763 0.000307
0.028106 0.103938 0.114038 0.263270 0.490648
0.002555 0.972444 0.021946 0.002765 0.000289
0.000000 0.947566 0.019231 0.030589 0.002614
0.002319 0.851928 0.080227 0.062072 0.003453
0.234847 0.037984 0.131753 0.521718 0.073698
0.017079 0.001787 0.122885 0.858084 0.000164
0.971515 0.000017 0.023563 0.004390 0.000515
0.000046 0.137986 0.088864 0.772662 0.000443
0.000000 0.045290 0.126655 0.797422 0.030632
0.000000 0.335702 0.545479 0.012104 0.106715
0.007610 0.794506 0.080555 0.106493 0.010837
0.562280 0.003357 0.202199 0.223017 0.009147
0.000000 0.276103 0.699398 0.024437 0.000062
0.002509 0.000000 0.864639 0.042149 0.090703
0.000000 0.190756 0.186451 0.596109 0.026684
0.001656 0.951804 0.031732 0.014796 0.000013
0.000370 0.006614 0.072531 0.918256 0.002228
0.971576 0.000017 0.023544 0.004359 0.000504
0.000185 0.575691 0.160306 0.263530 0.000288
0.015762 0.056973 0.054869 0.706951 0.165445
0.969938 0.007561 0.013099 0.008076 0.001327
0.000000 0.096679 0.081002 0.301237 0.521082
0.031874 0.771372 0.129166 0.064855 0.002732
0.024183 0.013983 0.128648 0.831320 0.001866
0.000400 0.045889 0.082705 0.862148 0.008858
0.017780 0.289705 0.249014 0.442701 0.000799
0.002782 0.003153 0.416618 0.563647 0.013800
0.206805 0.130574 0.223251 0.379589 0.059780
0.888733 0.012612 0.037198 0.052297 0.009160
0.000815 0.230927 0.713161 0.000000 0.055097
0.041305 0.151809 0.437003 0.369444 0.000439
0.000000 0.028460 0.958715 0.006001 0.006825
0.014302 0.053248 0.358320 0.569854 0.004275
0.147608 0.550463 0.144034 0.150019 0.007876
0.000309 0.389866 0.441634 0.038255 0.129936
0.002691 0.492141 0.241066 0.258754 0.005348
0.978318 0.000282 0.013046 0.008124 0.000231
0.941744 0.000056 0.031953 0.026115 0.000132
0.932205 0.006064 0.018666 0.039405 0.003660
0.000410 0.046562 0.351211 0.601708 0.000109
0.000560 0.004432 0.144244 0.796250 0.054514
0.082611 0.241420 0.134853 0.525536 0.015580
0.975381 0.000360 0.013449 0.010383 0.000427
0.948156 0.000159 0.030565 0.015917 0.005204
0.009961 0.004251 0.085235 0.889201 0.011352
0.967312 0.000467 0.024112 0.004928 0.003181
0.008836 0.038655 0.085530 0.858769 0.008210
0.000051 0.005787 0.060412 0.168993 0.764757
0.003166 0.033405 0.961529 0.001639 0.000261
0.016255 0.000000 0.211387 0.766752 0.005606
0.000000 0.119887 0.028991 0.263320 0.587802
0.002315 0.000595 0.346688 0.631528 0.018875
0.000309 0.051253 0.279824 0.668412 0.000203
0.723205 0.029740 0.049154 0.161018 0.036883
0.002260 0.070004 0.347241 0.510291 0.070204
0.081863 0.116003 0.464034 0.280764 0.057336
0.011086 0.527953 0.060924 0.398650 0.001387
0.094036 0.003065 0.221539 0.681241 0.000120
0.000000 0.169509 0.279887 0.500934 0.049671
0.941563 0.000145 0.032631 0.019364 0.006298
0.004791 0.712070 0.120796 0.162281 0.000063
0.004563 0.089835 0.234058 0.665329 0.006215
0.002716 0.074889 0.613166 0.174999 0.134231
0.000000 0.028819 0.957962 0.006079 0.007140
0.000625 0.038039 0.941195 0.019725 0.000415
0.901324 0.000176 0.037036 0.060934 0.000530
0.002824 0.940235 0.038616 0.017275 0.001050
0.023713 0.000000 0.271481 0.700653 0.004153
0.023307 0.002247 0.116028 0.835081 0.023338
0.015605 0.006779 0.124958 0.847518 0.005140
0.002688 0.961938 0.027532 0.007316 0.000526
0.000000 0.434245 0.487686 0.005745 0.072323
0.003395 0.288213 0.465083 0.063688 0.179621
0.007001 0.340172 0.145663 0.472667 0.034496
0.020890 0.043760 0.116608 0.816558 0.002185
0.006082 0.086796 0.651005 0.256118 0.000000
0.023948 0.218482 0.304392 0.452428 0.000750
0.014516 0.238862 0.019529 0.407443 0.319651
0.007276 0.310570 0.056858 0.623465 0.001832
0.955532 0.000460 0.027774 0.011023 0.005211
0.001200 0.012457 0.975483 -0.000000 0.010860
0.002479 0.014848 0.155217 0.825602 0.001853
0.921230 0.001760 0.020886 0.052080 0.004045
0.971109 0.000018 0.023687 0.004596 0.000589
0.000000 0.015196 0.437802 0.210439 0.336563
0.075495 0.531029 0.327246 0.032124 0.034106
0.000108 0.325298 0.121475 0.552744 0.000374
0.002534 0.961217 0.027377 0.008289 0.000584
0.969856 0.000567 0.014198 0.014579 0.000801
0.947879 0.000045 0.031183 0.020820 0.000073
0.004917 0.090914 0.248974 0.652575 0.002620
0.000456 0.372586 0.214964 0.087933 0.324061
0.057722 0.011403 0.239969 0.690007 0.000899
0.971465 0.000017 0.023578 0.004415 0.000524
0.932987 0.004774 0.034393 0.025768 0.002078
0.002043 0.001353 0.043205 0.953284 0.000115
0.000996 0.170598 0.820346 0.006155 0.001906
0.000116 0.013428 0.073976 0.158299 0.754181
0.000000 0.368233 0.582075 0.009252 0.040440
0.953861 0.006410 0.015551 0.021896 0.002282
0.006138 0.023485 0.068451 0.899478 0.002447
0.868425 0.014557 0.038683 0.065758 0.012577
0.968689 0.000468 0.023684 0.004216 0.002943
0.024830 0.210972 0.673104 0.088887 0.002207
0.013793 0.001421 0.099959 0.884739 0.000088
0.001010 0.001043 0.070919 0.891022 0.036006
0.144542 0.059344 0.553008 0.225545 0.017561
0.040758 0.153052 0.432972 0.372767 0.000450
0.963967 0.000033 0.025875 0.008222 0.001902
0.001383 0.015389 0.212334 0.768143 0.002749
0.000925 0.030287 0.913468 -0.000000 0.055319
0.000631 0.711098 0.140251 0.146976 0.001044
0.002416 0.001777 0.196240 0.682535 0.117033
0.000334 0.042713 0.074129 0.873676 0.009148
0.846965 0.019245 0.039937 0.077932 0.015921
0.097467 0.005054 0.546605 0.339270 0.011605
0.003590 0.002337 0.050747 0.943209 0.000118
0.002557 0.973032 0.021662 0.002476 0.000274
0.005959 0.257341 0.172212 0.563378 0.001110
0.000000 0.137269 0.591078 0.032511 0.239141
0.013328 0.000869 0.245576 0.722459 0.017769
0.069270 0.010527 0.278299 0.641338 0.000566
0.956825 0.007441 0.014972 0.018594 0.002168
0.004095 0.000000 0.970020 0.014317 0.011567
0.000858 0.017511 0.143409 0.832535 0.005687
0.010967 0.001124 0.086289 0.901527 0.000093
0.002551 0.970092 0.023084 0.003922 0.000351
0.820686 0.114892 0.030661 0.022853 0.010908
0.002468 0.003322 0.378077 0.596581 0.019552
0.000000 0.075949 0.878271 0.012347 0.033434
0.927430 0.005420 0.034786 0.029363 0.003002
0.000000 0.129405 0.578547 0.034861 0.257188
0.032848 0.179991 0.373140 0.413425 0.000596
0.017118 0.010327 0.216934 0.687135 0.068487
0.000016 0.031654 0.111827 0.019845 0.836659
0.003918 0.003090 0.218600 0.658158 0.116235
0.007097 0.004817 0.337084 0.650476 0.000527
0.000314 0.051045 0.283432 0.665010 0.000198
0.099090 0.049999 0.136868 0.608319 0.105724
0.977236 0.000310 0.013194 0.008957 0.000303
0.001676 0.007200 0.480641 0.204312 0.306171
0.000000 0.076590 0.026944 0.281681 0.614785
0.339406 0.006682 0.156410 0.451724 0.045778
0.000183 0.568553 0.159131 0.271842 0.000291
0.002557 0.973007 0.021674 0.002488 0.000274
0.018012 0.127271 0.108630 0.741735 0.004353
0.000976 0.829729 0.112837 0.006743 0.049715
0.000004 0.005538 0.065569 0.026638 0.902251
0.011086 0.174286 0.047260 0.521354 0.246014
0.010537 0.000985 0.087934 0.891392 0.009151
0.163397 0.043571 0.704861 0.074098 0.014073
0.000626 0.037796 0.941670 0.019505 0.000403
0.010338 0.041687 0.400649 0.544003 0.003323
0.952770 0.000054 0.029310 0.013917 0.003949
0.000032 0.063068 0.170793 0.011740 0.754367
0.000144 0.059477 0.162609 0.777414 0.000356
0.976060 0.000340 0.013356 0.009862 0.000382
0.000428 0.030145 0.086789 0.874297 0.008341
0.024246 0.013793 0.900865 0.061096 0.000000
0.006424 0.382632 0.153686 0.456319 0.000939
0.006937 0.027519 0.070949 0.892139 0.002455
0.029690 0.130498 0.203455 0.626277 0.010080
0.023206 0.016380 0.887558 0.072856 0.000000
0.000651 0.006678 0.215486 0.181451 0.595734
0.936276 0.000207 0.034165 0.021863 0.007489
0.008447 0.063144 0.239041 0.679850 0.009517
0.018473 0.023600 0.220240 0.665944 0.071743
0.065670 0.001293 0.251764 0.673948 0.007325
0.000382 0.047893 0.331347 0.620243 0.000135
0.920708 0.000169 0.034603 0.044166 0.000354
0.000000 0.342178 0.519637 0.014054 0.124131
0.000521 0.069501 0.895481 0.033306 0.001191
0.001353 0.749026 0.068191 0.181351 0.000080
0.000000 0.153886 0.787930 0.013929 0.044256
0.000000 0.393868 0.565763 0.006932 0.033437
0.014227 0.333205 0.162499 0.479609 0.010460
0.973755 0.000402 0.013672 0.011636 0.000536
0.013764 0.034927 0.497035 0.452678 0.001596
0.005538 0.236027 0.423042 0.330086 0.005306
0.032826 0.068670 0.165902 0.729328 0.003273
0.002555 0.972463 0.021937 0.002756 0.000288
0.037878 0.000000 0.389716 0.563459 0.008947
0.959757 0.002480 0.015328 0.020834 0.001601
0.030345 0.005535 0.209539 0.752063 0.002518
0.776512 0.067241 0.040131 0.092519 0.023597
0.000181 0.561633 0.157993 0.279900 0.000293
0.000337 0.477951 0.510611 0.010188 0.000912
0.002894 0.011933 0.051939 0.925589 0.007644
0.012533 0.782520 0.126806 0.077855 0.000286
0.927571 0.005434 0.034772 0.029247 0.002975
0.095851 0.005153 0.539975 0.346273 0.012747
0.074496 0.172289 0.154405 0.540017 0.058793
0.008793 0.005091 0.076073 0.909922 0.000121
0.978331 0.000281 0.013044 0.008114 0.000230
0.043647 0.080223 0.774403 0.101709 0.000018
0.000407 0.046672 0.349524 0.603284 0.000111
0.000000 0.028532 0.958563 0.006017 0.006888
0.000000 0.174241 0.688618 0.017317 0.119824
0.000942 0.011490 0.190441 0.744484 0.052643
0.002757 0.077899 0.916532 0.002284 0.000527
0.004920 0.298930 0.157744 0.537324 0.001081
0.000926 0.785755 0.122659 0.014554 0.076107
0.562345 0.003356 0.202213 0.222951 0.009137
0.020097 0.006828 0.105760 0.838266 0.029049
0.008750 0.162616 0.072881 0.750727 0.005027
0.029466 0.020741 0.131054 0.448541 0.370198
0.000543 0.006258 0.187612 0.179617 0.625970
0.001396 0.006961 0.408275 0.198223 0.385144
0.023125 0.249749 0.293225 0.433172 0.000728
0.054877 0.008712 0.371714 0.522669 0.042028
0.189815 0.000997 0.344008 0.465135 0.000045
0.000000 0.092491 0.242081 0.662232 0.003196
0.000973 0.146881 0.843686 0.006478 0.001981
0.562332 0.003356 0.202210 0.222964 0.009139
0.000284 0.352138 0.460080 0.043216 0.144282
0.000127 0.036442 0.047267 0.906026 0.010137
0.000183 0.248484 0.680802 0.067179 0.003352
0.000500 0.562112 0.133095 0.302800 0.001493
0.005344 0.003168 0.132421 0.825167 0.033901
0.910629 0.000127 0.035864 0.052949 0.000432
0.022363 0.368291 0.047747 0.373337 0.188262
0.974480 0.000381 0.013573 0.011079 0.000487
0.946362 0.002908 0.017155 0.031073 0.002502
0.000006 0.010382 0.072283 0.025341 0.891989
0.000656 0.027147 0.116783 0.848398 0.007016
0.964214 0.000742 0.014968 0.018896 0.001180
0.003331 0.025851 0.969426 0.001263 0.000129
0.037373 0.000831 0.223696 0.735208 0.002892
0.005877 0.083250 0.650920 0.259953 0.000000
0.007337 0.048184 0.313861 0.378176 0.252443
0.002493 0.940330 0.037477 0.018568 0.001132
0.971054 0.000018 0.023704 0.004624 0.000599
0.006002 0.317293 0.217617 0.279105 0.179983
0.000096 0.007403 0.497931 0.034699 0.459872
0.000407 0.046676 0.349473 0.603332 0.000112
0.063364 0.032735 0.504795 0.315634 0.083471
0.007003 0.122986 0.068242 0.796619 0.005150
0.033599 0.005396 0.228211 0.730846 0.001947
0.922818 0.001193 0.034424 0.040933 0.000632
0.011519 0.355799 0.184967 0.434497 0.013217
0.001222 0.015820 0.191218 0.788095 0.003645
0.287486 0.034106 0.142898 0.471580 0.063930
0.000095 0.026063 0.043269 0.920497 0.010077
0.005155 0.092106 0.062827 0.834632 0.005280
0.014990 0.052138 0.372329 0.556884 0.003659
0.005382 0.429902 0.358473 0.206230 0.000013
0.004460 0.270304 0.159509 0.564598 0.001128
0.052781 0.099572 0.227494 0.619502 0.000651
0.000181 0.561339 0.157945 0.280243 0.000293
0.126251 0.001735 0.262677 0.609245 0.000091
0.000123 0.006175 0.078931 0.170043 0.744728
0.029932 0.000888 0.618742 0.331548 0.018890
0.002320 0.852364 0.080017 0.061857 0.003441
0.041206 0.709357 0.047730 0.113987 0.087719
0.000120 0.034869 0.046333 0.908536 0.010142
0.017518 0.288731 0.047352 0.434232 0.212167
0.971561 0.000017 0.023549 0.004366 0.000506
0.001177 0.095012 0.837960 0.022363 0.043488
0.000965 0.820006 0.115006 0.008471 0.055553
0.053665 0.122592 0.528264 0.295284 0.000194
0.001668 0.007193 0.478481 0.204130 0.308528
0.012675 0.002058 0.098821 0.877105 0.009340
0.426164 0.038794 0.321972 0.205264 0.007807
0.000071 0.006900 0.380550 0.032509 0.579970
0.062041 0.033387 0.240247 0.623689 0.040635
0.000375 0.006700 0.072720 0.917976 0.002228
0.019259 0.418468 0.160315 0.393168 0.008789
0.968536 0.000023 0.024476 0.005904 0.001061
0.971576 0.000017 0.023544 0.004359 0.000504
0.977440 0.000305 0.013166 0.008800 0.000290
0.000054 0.157932 0.093625 0.747955 0.000434
0.003154 0.283909 0.629105 0.083816 0.000015
0.038974 0.047329 0.189532 0.721340 0.002826
0.001367 0.015423 0.210214 0.770157 0.002839
0.001340 0.015480 0.206668 0.773523 0.002989
0.307208 0.050215 0.299431 0.338891 0.004255
0.011211 0.000986 0.091341 0.887465 0.008997
0.005945 0.024051 0.067787 0.899761 0.002457
0.034900 0.166935 0.389712 0.407887 0.000566
0.000000 0.036538 0.942051 0.007712 0.013699
0.970923 0.000475 0.014061 0.013816 0.000725
0.000000 0.027591 0.493858 0.472533 0.006018
0.000795 0.278763 0.199622 0.512857 0.007962
0.000000 0.924186 0.020675 0.051592 0.003547
0.000000 0.073535 0.809483 0.017174 0.099807
0.000000 0.818135 0.027300 0.146790 0.007775
0.005023 0.045553 0.621192 0.320557 0.007676
0.000000 0.060632 0.285193 0.651215 0.002960
0.003243 0.002150 0.208726 0.670456 0.115425
0.000000 0.032990 0.935136 0.008845 0.023028
0.932952 0.004778 0.034395 0.025790 0.002084
0.006769 0.029512 0.073841 0.881857 0.008022
0.003042 0.564956 0.097413 0.156426 0.178163
0.022790 0.379443 0.022110 0.306701 0.268956
0.970493 0.000019 0.023876 0.004909 0.000702
0.164894 0.042380 0.708049 0.071994 0.012683
0.071604 0.006760 0.440488 0.451232 0.029917
0.011526 0.009299 0.332061 0.536395 0.110719
0.395671 0.006118 0.167940 0.393640 0.036630
0.044282 0.077288 0.780567 0.097848 0.000016
0.860518 0.003514 0.029195 0.098659 0.008114
0.026936 0.021845 0.561890 0.289881 0.099448
0.017825 0.336270 0.098458 0.543060 0.004388
0.000156 0.058539 0.171212 0.769748 0.000345
0.000008 0.005925 0.085634 0.026923 0.881510
0.971570 0.000017 0.023546 0.004362 0.000505
0.001573 0.549848 0.245134 0.044616 0.158829
0.002556 0.972695 0.021825 0.002642 0.000282
0.003323 0.941057 0.039857 0.014861 0.000901
0.002554 0.971561 0.022373 0.003199 0.000312
0.782276 0.089666 0.036947 0.070812 0.020299
0.937439 0.000450 0.033397 0.020384 0.008329
0.006074 0.021871 0.068299 0.901319 0.002437
0.932998 0.004773 0.034392 0.025761 0.002076
0.025243 0.001025 0.155233 0.818440 0.000059
0.006267 0.023906 0.068862 0.898519 0.002447
0.002512 0.946680 0.034428 0.015417 0.000964
0.000022 0.064543 0.076637 0.858328 0.000469
0.978164 0.000286 0.013067 0.008242 0.000241
0.000000 0.056758 0.845724 0.015420 0.082097
0.001383 0.015390 0.212296 0.768180 0.002751
0.029474 0.656519 0.265426 0.047020 0.001561
0.000324 0.017733 0.392632 0.559835 0.029477
0.005459 0.519163 0.146508 0.318732 0.010138
0.978427 0.000279 0.013031 0.008040 0.000224
0.041693 0.049669 0.080632 0.681070 0.146937
0.161958 0.044734 0.701788 0.076114 0.015406
0.000627 0.037528 0.941988 0.019457 0.000400
0.000286 0.019246 0.115741 0.152965 0.711762
0.000677 0.136961 0.775459 0.000000 0.086902
0.089034 0.198739 0.502704 0.140568 0.068954
0.047058 0.139419 0.479267 0.333933 0.000324
0.006188 0.066715 0.067788 0.854106 0.005203
0.969099 0.000524 0.014311 0.015219 0.000847
0.019422 0.045119 0.317274 0.618185 0.000000
0.014873 0.007954 0.089024 0.856119 0.032030
0.001932 0.700406 0.149495 0.145277 0.002890
0.000230 0.246516 0.119180 0.631637 0.002436
0.003699 0.850435 0.085504 0.057222 0.003139
0.000000 0.375091 0.577777 0.008618 0.038515
0.000756 0.569885 0.176624 0.051919 0.200816
0.000003 0.005565 0.062605 0.026571 0.905256
0.971576 0.000017 0.023544 0.004359 0.000504
0.004975 0.005445 0.253620 0.734895 0.001065
0.008754 0.236084 0.195395 0.558693 0.001074
0.970324 0.007564 0.013044 0.007766 0.001302
0.000583 0.006335 0.197916 0.180418 0.614749
0.018508 0.006910 0.100668 0.844218 0.029696
0.003846 0.006756 0.209217 0.778813 0.001368
0.000019 0.014755 0.134305 0.025284 0.825636
0.002557 0.973067 0.021645 0.002458 0.000273
0.012701 0.793216 0.126123 0.067691 0.000269
0.000014 0.019773 0.109010 0.023298 0.847905
0.000250 0.075574 0.062298 0.851510 0.010368
0.015409 0.619368 0.341426 0.022727 0.001069
0.011403 0.009198 0.330223 0.538370 0.110807
0.967450 0.000467 0.024069 0.004856 0.003157
0.002041 0.740451 0.144758 0.110342 0.002407
0.005210 0.306695 0.374608 0.309657 0.003831
0.006831 0.004888 0.326622 0.661065 0.000594
0.971252 0.000018 0.023643 0.004523 0.000563
0.070087 0.123917 0.541249 0.261311 0.003437
0.016096 0.407630 0.216781 0.358807 0.000686
0.032785 0.005431 0.223540 0.736155 0.002090
0.000112 0.217234 0.130857 0.651421 0.000376
0.782975 0.109389 0.034516 0.054943 0.018177
0.978210 0.000284 0.013060 0.008207 0.000238
0.562359 0.003355 0.202216 0.222936 0.009134
0.004531 0.277093 0.371291 0.341169 0.005916
0.081944 0.006048 0.482919 0.406502 0.022586
0.036713 0.009304 0.810595 0.143292 0.000096
0.018048 0.000000 0.225768 0.751052 0.005132
0.002557 0.973022 0.021667 0.002481 0.000274
0.000019 0.015169 0.132480 0.025126 0.827207
0.001219 0.032765 0.222725 0.680646 0.062644
0.000337 0.050137 0.299438 0.649911 0.000177
0.170645 0.407901 0.159155 0.230318 0.031980
0.001248 0.004723 0.228490 0.723143 0.042396
0.045028 0.143383 0.464427 0.346797 0.000365
0.016251 0.771692 0.165432 0.044658 0.001966
0.007296 0.309983 0.391741 0.290840 0.000140
0.000122 0.157164 0.141076 0.701268 0.000371
0.031562 0.130953 0.148726 0.686214 0.002546
0.074811 0.526150 0.328264 0.035235 0.035540
0.028756 0.544162 0.129323 0.294142 0.003617
0.032275 0.005452 0.220614 0.739480 0.002179
0.000027 0.052332 0.150598 0.014509 0.782535
0.000110 0.012428 0.072873 0.159759 0.754830
0.000000 0.134651 0.809273 0.013740 0.042336
0.000145 0.449199 0.139540 0.410783 0.000333
0.000004 0.005541 0.066443 0.026654 0.901358
0.000022 0.064584 0.076242 0.858683 0.000469
0.006241 0.013728 0.844227 0.092803 0.043001
0.000071 0.219200 0.101831 0.678484 0.000414
0.017694 0.275492 0.663474 0.043339 0.000000
0.000209 0.061517 0.208714 0.729265 0.000295
0.885470 0.000388 0.039043 0.074364 0.000735
0.008181 0.053252 0.339121 0.595040 0.004407
0.029944 0.000887 0.618926 0.331395 0.018847
0.926720 0.007164 0.019270 0.042748 0.004099
0.927979 0.000087 0.033683 0.037986 0.000264
0.913672 0.000435 0.040788 0.032689 0.012416
0.065124 0.007191 0.413901 0.479278 0.034506
0.000017 0.021330 0.122370 0.023104 0.833178
0.002409 0.000650 0.351783 0.626221 0.018937
0.970421 0.000019 0.023898 0.004946 0.000715
0.004064 0.006984 0.058744 0.923061 0.007147
0.002763 0.062861 0.931386 0.002433 0.000557
0.912729 0.000121 0.035600 0.051139 0.000412
0.042455 0.046757 0.202393 0.705822 0.002573
0.000334 0.050091 0.297319 0.652077 0.000180
0.000000 0.029245 0.957069 0.006173 0.007513
0.000052 0.005930 0.060619 0.168789 0.764609
0.000641 0.033982 0.947510 0.017572 0.000295
0.273087 0.008306 0.489117 0.227212 0.002278
0.017583 0.077148 0.134992 0.761285 0.008993
0.000016 0.005908 0.125734 0.027727 0.840615
0.012300 0.767740 0.127749 0.091900 0.000311
0.037729 0.000942 0.215536 0.745763 0.000030
0.001190 0.663330 0.083140 0.252231 0.000109
0.000988 0.196065 0.795198 0.005897 0.001853
0.000694 0.021382 0.159289 0.754591 0.064043
0.024740 0.693583 0.231671 0.048194 0.001813
0.000022 0.012309 0.147100 0.026261 0.814307
0.000100 0.007485 0.516917 0.035052 0.440446
0.946517 0.000047 0.031354 0.021996 0.000086
0.000185 0.188813 0.117449 0.690950 0.002603
0.821669 0.115036 0.030561 0.022016 0.010719
0.006676 0.537255 0.333533 0.122527 0.000009
0.971557 0.000017 0.023550 0.004369 0.000507
0.314226 0.007911 0.151146 0.476494 0.050224
0.005290 0.150853 0.701475 0.066466 0.075916
0.001423 0.773250 0.064289 0.160967 0.000072
0.000379 0.006606 0.072855 0.917935 0.002225
0.002247 0.149017 0.162795 0.678587 0.007354
0.000000 0.032592 0.936626 0.008736 0.022046
0.010671 0.522221 0.154771 0.301986 0.010350
0.192135 0.000979 0.346978 0.459865 0.000043
0.012349 0.004187 0.347347 0.545364 0.090751
0.002549 0.969097 0.023565 0.004412 0.000377
0.946872 0.000147 0.030982 0.016620 0.005379
0.008139 0.851391 0.075343 0.057603 0.007525
0.729987 0.000903 0.058597 0.208229 0.002284
0.000000 0.103016 0.842157 0.013900 0.040927
0.005105 0.233472 0.052508 0.706898 0.002017
0.011981 0.747445 0.129050 0.111181 0.000344
0.162674 0.044146 0.703321 0.075115 0.014744
0.018846 0.052678 0.115090 0.809101 0.004284
0.000355 0.024135 0.077422 0.889486 0.008601
0.000062 0.018175 0.039180 0.932508 0.010075
0.000076 0.068769 0.114514 0.816223 0.000418
