0.087593 0.000001 0.912406
0.000103 -0.000000 0.999897
0.510205 0.014397 0.475399
0.000000 -0.000000 1.000000
0.000586 0.000000 0.999414
0.057057 0.000521 0.942422
0.928291 0.012780 0.058929
0.407465 0.591790 0.000746
0.011832 0.000005 0.988163
0.142189 0.041922 0.815888
0.278621 0.721376 0.000003
0.000137 0.999863 0.000000
0.000239 0.999761 0.000000
0.627512 0.000181 0.372307
0.000244 0.999756 0.000000
0.158657 0.841329 0.000015
0.023303 0.000050 0.976647
0.000050 -0.000000 0.999950
0.993304 0.006696 0.000000
0.788404 0.001952 0.209644
0.900352 0.091078 0.008570
0.028196 0.971802 0.000002
0.070436 0.010081 0.919482
0.713311 0.060036 0.226652
0.491569 0.007333 0.501099
0.001131 0.000000 0.998869
0.999099 0.000019 0.000882
0.601812 0.398065 0.000123
0.606923 0.352087 0.040991
0.957020 0.036782 0.006198
0.178318 0.821675 0.000006
0.875953 0.063091 0.060956
0.999906 0.000059 0.000035
0.666443 0.193707 0.139850
0.999870 0.000120 0.000010
0.283450 0.716502 0.000048
0.499747 0.498421 0.001833
0.352659 0.646150 0.001190
0.615070 0.011469 0.373460
0.000026 0.000000 0.999974
0.899503 0.008050 0.092447
0.127385 0.008761 0.863854
0.018089 0.000247 0.981664
0.373623 0.019004 0.607373
0.732046 0.092387 0.175567
0.358118 0.557610 0.084272
0.990144 0.009852 0.000005
0.658705 0.341056 0.000239
0.001604 0.000000 0.998395
0.160949 0.838986 0.000065
0.003283 0.000000 0.996717
0.662013 0.146244 0.191743
0.997580 0.002420 0.000000
0.997924 0.000269 0.001807
0.653422 0.006688 0.339890
0.999017 0.000001 0.000982
0.999850 0.000005 0.000146
0.697373 0.300475 0.002152
0.211861 0.004945 0.783194
0.560749 0.075369 0.363882
0.361406 0.056744 0.581850
0.031206 0.968794 0.000000
0.584420 0.011972 0.403608
0.000003 0.000000 0.999997
0.971636 0.017430 0.010934
0.994257 0.005619 0.000124
0.526311 0.064783 0.408906
0.050978 0.000003 0.949019
0.325014 0.006321 0.668665
0.472824 0.147610 0.379566
0.923674 0.002896 0.073430
0.132656 0.001563 0.865781
0.959746 0.040225 0.000029
0.503275 0.096687 0.400038
0.000047 0.999953 0.000000
0.082549 0.001041 0.916410
0.998010 0.001949 0.000041
0.000094 0.000000 0.999906
0.094660 0.000502 0.904838
0.749717 0.088641 0.161642
0.000025 0.000000 0.999975
0.106778 0.005777 0.887445
0.411382 0.588616 0.000003
0.943849 0.056037 0.000114
0.067791 0.000440 0.931769
0.799140 0.199726 0.001134
0.425982 0.573668 0.000351
0.000006 -0.000000 0.999994
0.070127 0.929873 0.000000
0.705208 0.035214 0.259577
0.042112 0.957887 0.000001
0.958748 0.017239 0.024013
0.933301 0.064947 0.001752
0.584222 0.350487 0.065291
0.033112 0.000048 0.966840
0.028065 0.000000 0.971934
0.562746 0.099286 0.337969
0.136817 0.789410 0.073773
0.104056 0.033805 0.862139
0.499535 0.499927 0.000538
0.357046 0.642582 0.000372
0.006101 0.000000 0.993899
0.015122 0.000000 0.984877
0.092470 0.907510 0.000020
0.000017 0.000000 0.999983
0.039463 0.000017 0.960520
0.381631 0.618305 0.000064
0.634716 0.211846 0.153438
0.632015 0.142870 0.225115
0.002621 0.997379 0.000000
0.686742 0.035322 0.277936
0.564910 0.434430 0.000660
0.002164 0.997836 0.000000
0.950447 0.044539 0.005015
0.942412 0.017409 0.040179
0.855986 0.141583 0.002431
0.513202 0.000869 0.485930
0.440273 0.448674 0.111053
0.051253 0.000161 0.948586
0.000115 0.999885 0.000000
0.003832 0.000011 0.996157
0.021260 0.978733 0.000007
0.761286 0.238317 0.000397
0.937769 0.059746 0.002485
0.225527 0.005307 0.769166
0.743705 0.009530 0.246765
0.878225 0.111517 0.010258
0.614168 0.274096 0.111736
0.510007 0.015258 0.474735
0.355588 0.002165 0.642248
0.314420 0.000563 0.685017
0.083422 0.000017 0.916561
0.026321 0.000986 0.972692
0.449869 0.550082 0.000050
0.000028 -0.000000 0.999972
0.954391 0.012580 0.033029
0.023418 0.000004 0.976578
0.653169 0.115835 0.230996
0.565187 0.053841 0.380972
0.311885 0.000014 0.688101
0.284191 0.715799 0.000010
0.154902 0.364854 0.480244
0.460402 0.531919 0.007679
0.492255 0.077847 0.429898
0.726549 0.262738 0.010713
0.668011 0.062256 0.269733
0.016394 0.983606 0.000000
0.131730 0.854195 0.014075
0.051378 0.000006 0.948617
0.423268 0.047010 0.529722
0.256794 0.002044 0.741162
0.516234 0.483147 0.000619
0.437877 0.149897 0.412226
0.808565 0.191400 0.000035
0.003483 0.000027 0.996490
0.967685 0.026857 0.005458
0.012762 0.000000 0.987238
0.641808 0.132175 0.226017
0.063892 0.050905 0.885204
0.162324 0.837673 0.000003
0.395662 0.604165 0.000173
0.601862 0.081080 0.317058
0.688445 0.001725 0.309830
0.000055 0.999945 0.000000
0.559317 0.003094 0.437589
0.565672 0.424506 0.009822
0.001094 0.000000 0.998906
0.957907 0.035332 0.006761
0.967034 0.022401 0.010566
0.971917 0.020766 0.007317
0.999716 0.000264 0.000020
0.018979 0.000027 0.980993
0.015342 0.000000 0.984658
0.997554 0.000000 0.002446
0.000429 0.000000 0.999571
0.403191 0.001325 0.595484
0.575934 0.423717 0.000348
0.384940 0.609121 0.005938
0.002353 0.000000 0.997647
0.127634 0.872205 0.000161
0.160236 0.839752 0.000013
0.311178 0.007772 0.681050
0.813022 0.153093 0.033885
0.328469 0.271391 0.400140
0.194343 0.000142 0.805515
0.021765 0.000003 0.978231
0.162651 0.535107 0.302242
0.416199 0.077793 0.506008
0.914702 0.085161 0.000137
0.014614 0.000002 0.985384
0.942086 0.057914 0.000000
0.224324 0.775653 0.000023
0.101140 0.055071 0.843788
0.999760 0.000067 0.000173
0.000487 0.000000 0.999513
0.828181 0.134452 0.037367
0.168050 0.480154 0.351796
0.000001 -0.000000 0.999999
0.000009 0.000000 0.999991
0.472429 0.312707 0.214865
0.066147 0.005765 0.928088
0.849896 0.148678 0.001427
0.886680 0.111158 0.002162
0.003614 0.000001 0.996385
0.772202 0.227780 0.000018
0.678626 0.013475 0.307900
0.876969 0.114115 0.008916
0.341572 0.011267 0.647161
0.000635 0.000000 0.999365
0.511319 0.292982 0.195700
0.000289 0.000000 0.999711
0.000002 0.000000 0.999998
0.001931 0.000000 0.998069
0.977329 0.010238 0.012433
0.504939 0.114738 0.380323
0.262060 0.000660 0.737280
0.959641 0.040328 0.000031
0.490253 0.509680 0.000067
0.000672 0.000000 0.999328
0.290560 0.006554 0.702885
0.010235 0.000000 0.989764
0.893700 0.105606 0.000694
0.062938 0.937053 0.000009
0.028886 0.971101 0.000014
0.001501 0.000000 0.998499
0.544042 0.455846 0.000112
0.018678 0.981321 0.000000
0.999849 0.000146 0.000005
0.184686 0.003901 0.811413
0.827767 0.141044 0.031189
0.720463 0.076743 0.202794
0.999401 0.000056 0.000543
0.643106 0.042063 0.314831
0.910434 0.083626 0.005940
0.682958 0.022960 0.294081
0.545667 0.451983 0.002349
0.918509 0.081015 0.000476
0.739857 0.234574 0.025569
0.632612 0.352156 0.015232
0.678108 0.006708 0.315184
0.125182 0.874790 0.000029
0.432541 0.567428 0.000031
0.000325 0.999675 0.000000
0.959179 0.030478 0.010343
0.941426 0.056122 0.002451
0.039605 0.000001 0.960394
0.881572 0.107269 0.011158
0.001100 0.000000 0.998900
0.797242 0.194753 0.008005
0.718780 0.246157 0.035063
0.178669 0.780047 0.041283
0.384986 0.000067 0.614947
0.725987 0.146695 0.127318
0.018663 0.981337 0.000000
0.807551 0.190739 0.001709
0.688388 0.311217 0.000395
0.999937 0.000041 0.000022
0.944988 0.008688 0.046324
0.000000 -0.000000 1.000000
0.963904 0.031588 0.004508
0.923999 0.004147 0.071854
0.000127 -0.000000 0.999873
0.000016 0.000000 0.999984
0.000016 0.999984 -0.000000
0.979464 0.020445 0.000090
0.511983 0.337902 0.150115
0.359162 0.131146 0.509692
0.952580 0.031927 0.015493
0.479272 0.154285 0.366443
0.973675 0.016268 0.010057
0.632203 0.365500 0.002297
0.164748 0.835185 0.000068
0.002314 0.997686 0.000000
0.425511 0.239604 0.334885
0.959590 0.008663 0.031747
0.012247 0.000027 0.987726
0.972306 0.027693 0.000001
0.641107 0.193858 0.165035
0.000000 0.000000 1.000000
0.013479 0.000000 0.986520
0.936681 0.061143 0.002176
0.765480 0.230363 0.004156
0.476947 0.189883 0.333169
0.866436 0.105861 0.027703
0.858192 0.141229 0.000579
0.646174 0.019844 0.333982
0.000070 0.000000 0.999930
0.520172 0.027111 0.452717
0.013526 0.000005 0.986469
0.005984 0.000000 0.994016
0.012156 0.987844 0.000000
0.777920 0.131651 0.090429
0.839291 0.156456 0.004253
0.000456 0.000000 0.999544
0.380779 0.617928 0.001293
0.214198 0.338639 0.447163
0.971104 0.013011 0.015885
0.951243 0.042631 0.006126
0.000000 0.000000 1.000000
0.390716 0.213677 0.395607
0.948989 0.023462 0.027549
0.346110 0.006723 0.647167
0.781085 0.218488 0.000427
0.913089 0.086504 0.000407
0.002655 0.997345 0.000000
0.022511 0.000001 0.977488
0.392610 0.000265 0.607125
0.975299 0.024658 0.000043
0.044648 0.000810 0.954543
0.879077 0.117723 0.003201
0.012925 0.987075 0.000000
0.784606 0.001082 0.214311
0.019089 0.000002 0.980909
0.101824 0.898175 0.000001
0.700056 0.299944 0.000000
0.061277 0.004507 0.934215
0.000000 -0.000000 1.000000
0.435249 0.030935 0.533817
0.000180 0.000000 0.999820
0.486996 0.002958 0.510045
0.745603 0.131262 0.123135
0.943793 0.053031 0.003176
0.000003 0.999997 -0.000000
0.000080 0.000000 0.999920
0.100542 0.000002 0.899456
0.858230 0.001969 0.139800
0.850832 0.144191 0.004976
0.019858 0.980142 0.000000
0.012275 0.987725 0.000000
0.919564 0.007710 0.072726
0.999343 0.000055 0.000603
0.999207 0.000741 0.000052
0.000010 0.999990 -0.000000
0.867884 0.132081 0.000035
0.293054 0.665601 0.041345
0.010651 0.000000 0.989349
0.279120 0.180374 0.540506
0.022797 0.977202 0.000001
0.814572 0.091567 0.093862
0.368908 0.000111 0.630982
0.626766 0.373125 0.000110
0.568440 0.152669 0.278891
0.000004 -0.000000 0.999996
0.505579 0.056190 0.438231
0.001078 0.000000 0.998922
0.001541 0.998459 0.000000
0.905173 0.093115 0.001712
0.002141 0.997859 0.000000
0.570706 0.001207 0.428088
0.314316 0.584242 0.101442
0.857736 0.139801 0.002463
0.332276 0.006420 0.661305
0.001473 0.000000 0.998527
0.809542 0.000000 0.190458
0.608261 0.004903 0.386837
0.183030 0.816826 0.000144
0.736737 0.087607 0.175656
0.125786 0.872368 0.001846
0.345568 0.001399 0.653032
0.233509 0.594265 0.172226
0.917260 0.081451 0.001289
0.266420 0.000652 0.732928
0.477976 0.008325 0.513699
0.059467 0.940530 0.000003
0.000870 0.000000 0.999130
0.933943 0.066056 0.000001
0.923156 0.072386 0.004458
0.543467 0.019450 0.437083
0.000340 0.999660 0.000000
0.000017 0.000000 0.999983
0.834909 0.164433 0.000659
0.506567 0.143016 0.350418
0.000043 0.000000 0.999957
0.000157 -0.000000 0.999843
0.000194 0.999806 0.000000
0.342220 0.657551 0.000229
0.999662 0.000330 0.000008
0.865338 0.130561 0.004101
0.000233 0.000000 0.999767
0.000444 0.000000 0.999556
0.854546 0.002496 0.142958
0.355723 0.304692 0.339585
0.979904 0.000000 0.020096
0.395883 0.119621 0.484496
0.046350 0.953646 0.000004
0.864996 0.112017 0.022987
0.997763 0.002097 0.000140
0.000000 -0.000000 1.000000
0.020067 0.000000 0.979932
0.000100 0.999900 0.000000
0.880406 0.116051 0.003543
0.491041 0.005446 0.503513
0.310649 0.638644 0.050707
0.275570 0.032058 0.692371
0.030237 0.969763 0.000000
0.091234 0.908766 0.000000
0.967809 0.013275 0.018916
0.002840 0.000000 0.997160
0.922733 0.005608 0.071659
0.033278 0.000000 0.966722
0.000007 -0.000000 0.999993
0.382318 0.390977 0.226705
0.060122 0.939872 0.000006
0.055793 0.000392 0.943815
0.333663 0.666164 0.000174
0.053593 0.946401 0.000006
0.311946 0.027058 0.660996
0.058893 0.000173 0.940934
0.300054 0.699938 0.000008
0.072720 0.000465 0.926814
0.308247 0.041746 0.650007
0.165150 0.375329 0.459521
0.335853 0.125013 0.539133
0.028298 0.000026 0.971676
0.999812 0.000183 0.000006
0.332986 0.486657 0.180357
0.998049 0.001941 0.000010
0.000230 0.000000 0.999770
0.930490 0.067321 0.002189
0.434417 0.163293 0.402290
0.000413 0.000000 0.999587
0.313408 0.037435 0.649156
0.940350 0.058038 0.001612
0.170858 0.004931 0.824211
0.187793 0.812151 0.000057
0.197085 0.801835 0.001080
0.213139 0.786859 0.000002
0.999509 0.000002 0.000489
0.013080 0.000001 0.986919
0.000000 1.000000 -0.000000
0.781121 0.217221 0.001658
0.016289 0.983711 0.000000
0.261065 0.004670 0.734266
0.453048 0.032601 0.514351
0.127991 0.000010 0.872000
0.077408 0.922583 0.000009
0.133721 0.866275 0.000004
0.698359 0.263290 0.038351
0.007837 0.992163 0.000000
0.022177 0.977823 0.000000
0.999093 0.000893 0.000014
0.622107 0.376511 0.001382
0.999891 0.000027 0.000082
0.000623 0.000000 0.999377
0.850666 0.147344 0.001990
0.999811 0.000151 0.000039
0.271010 0.647003 0.081987
0.155083 0.844878 0.000039
0.000376 0.000000 0.999624
0.410427 0.479404 0.110169
0.491692 0.004768 0.503540
0.637438 0.362205 0.000357
0.002059 0.997941 0.000000
0.999914 0.000078 0.000007
0.000000 0.000000 1.000000
0.000014 0.999986 -0.000000
0.959117 0.015491 0.025393
0.003673 0.996327 0.000000
0.711341 0.027898 0.260760
0.004845 0.995155 0.000000
0.697180 0.003077 0.299743
0.717663 0.099183 0.183154
0.597648 0.150410 0.251941
0.001511 0.000000 0.998489
0.004197 0.000000 0.995803
0.088748 0.028890 0.882362
0.099730 0.900270 0.000001
0.281462 0.000268 0.718270
0.000000 0.000000 1.000000
0.066193 0.000003 0.933804
0.035101 0.964899 0.000000
0.612005 0.377658 0.010337
0.433453 0.452704 0.113843
0.000919 0.000000 0.999081
0.020195 0.000067 0.979738
0.217877 0.627921 0.154201
0.002543 0.000000 0.997457
0.850570 0.001412 0.148018
0.648424 0.299034 0.052542
0.017820 0.000337 0.981843
0.134368 0.214128 0.651504
0.781176 0.142127 0.076697
0.012270 0.987730 0.000000
0.758974 0.241010 0.000016
0.999874 0.000012 0.000114
0.074689 0.000367 0.924944
0.632980 0.040635 0.326384
0.903370 0.094757 0.001873
0.819384 0.136219 0.044397
0.302113 0.000041 0.697846
0.450111 0.007056 0.542833
0.122987 0.877012 0.000001
0.012047 0.987953 0.000000
0.372964 0.626759 0.000277
0.613119 0.074377 0.312504
0.576913 0.213667 0.209420
0.171094 0.159363 0.669543
0.437085 0.378528 0.184387
0.674891 0.086156 0.238952
0.661668 0.329326 0.009007
0.005273 0.000000 0.994727
0.044482 0.000110 0.955408
0.128592 0.041573 0.829835
0.256132 0.735432 0.008435
0.447405 0.002569 0.550026
0.673229 0.022251 0.304520
0.565017 0.005484 0.429499
0.095207 0.900922 0.003871
0.064448 0.935552 0.000000
0.466865 0.021144 0.511990
0.902366 0.025651 0.071984
0.714980 0.135405 0.149616
0.862773 0.121285 0.015941
0.557305 0.048248 0.394447
0.732355 0.267050 0.000595
0.698084 0.289008 0.012908
0.089996 0.909773 0.000231
0.000797 0.000000 0.999203
0.683056 0.076893 0.240051
0.303223 0.000003 0.696775
0.003934 0.000001 0.996065
0.594058 0.157468 0.248474
0.001464 0.998536 0.000000
0.517795 0.474477 0.007728
0.108102 0.891892 0.000006
0.044416 0.010065 0.945518
0.000181 0.000000 0.999819
0.292659 0.707309 0.000032
0.999636 0.000035 0.000329
0.200377 0.000783 0.798840
0.000936 0.000000 0.999064
0.000046 0.000000 0.999954
0.992145 0.007832 0.000023
0.822370 0.125171 0.052460
0.893065 0.106935 0.000000
0.251004 0.748989 0.000008
0.106795 0.759112 0.134093
0.950407 0.044070 0.005523
0.132243 0.024797 0.842960
0.000065 0.999935 0.000000
0.375212 0.138686 0.486102
0.665377 0.013679 0.320944
0.999743 0.000147 0.000109
0.403820 0.086783 0.509397
0.295823 0.000176 0.704001
0.047230 0.002982 0.949788
0.000593 0.000000 0.999407
0.280357 0.018279 0.701364
0.027449 0.972551 0.000000
0.995043 0.000053 0.004904
0.769461 0.089297 0.141242
0.169574 0.048324 0.782102
0.001337 0.000000 0.998663
0.947625 0.049347 0.003028
0.001095 0.998905 0.000000
0.923346 0.043734 0.032920
0.906072 0.049330 0.044597
0.358267 0.000634 0.641099
0.000004 0.000000 0.999996
0.079818 0.919654 0.000529
0.000373 0.000000 0.999627
0.411913 0.003807 0.584280
0.758777 0.000493 0.240730
0.031700 0.968298 0.000002
0.004705 0.995295 0.000000
0.151986 0.000005 0.848009
0.271887 0.046398 0.681715
0.015979 0.000003 0.984019
0.992101 0.007884 0.000015
0.413425 0.016230 0.570344
0.896361 0.003757 0.099882
0.584249 0.415457 0.000293
0.930564 0.068273 0.001163
0.005413 0.000000 0.994587
0.281718 0.000107 0.718175
0.501424 0.013966 0.484610
0.007819 0.000005 0.992176
0.000199 0.000000 0.999801
0.999446 0.000036 0.000518
0.476792 0.000377 0.522831
0.019618 0.980382 0.000000
0.001374 0.998626 0.000000
0.657733 0.150896 0.191371
0.000084 0.999916 -0.000000
0.993654 0.000033 0.006312
0.997136 0.000001 0.002863
0.791776 0.000000 0.208224
0.015559 0.000001 0.984440
0.041095 0.000537 0.958368
0.296500 0.000409 0.703091
0.118164 0.001442 0.880394
0.077881 0.922119 0.000000
0.702128 0.001260 0.296612
0.015363 0.000006 0.984631
0.706194 0.046499 0.247307
0.000001 -0.000000 0.999999
0.731991 0.264319 0.003690
0.933906 0.063116 0.002978
0.000467 0.999533 0.000000
0.063831 0.000131 0.936038
0.624369 0.006108 0.369523
0.203907 0.271139 0.524954
0.473012 0.001032 0.525956
0.857671 0.125697 0.016632
0.001677 0.000000 0.998323
0.087320 0.000069 0.912611
0.075735 0.064009 0.860256
0.344455 0.642711 0.012833
0.233379 0.014430 0.752191
0.619781 0.378952 0.001267
0.359051 0.213028 0.427921
0.160299 0.839625 0.000076
0.812729 0.185932 0.001339
0.026738 0.000417 0.972845
0.021663 0.000000 0.978336
0.442045 0.077517 0.480437
0.460292 0.040861 0.498846
0.008349 0.991651 0.000000
0.102434 0.897566 0.000000
0.088666 0.238327 0.673006
0.122607 0.000019 0.877375
0.236752 0.443745 0.319504
0.038332 0.961668 0.000000
0.025443 0.974556 0.000001
0.951980 0.044145 0.003875
0.029170 0.970830 0.000000
0.014186 0.000367 0.985447
0.028041 0.000009 0.971950
0.842507 0.154778 0.002715
0.817922 0.148995 0.033083
0.000875 0.000000 0.999125
0.023313 0.000013 0.976674
0.012947 0.000000 0.987053
0.001249 0.000000 0.998751
0.381264 0.251498 0.367238
0.691367 0.100272 0.208362
0.180210 0.079960 0.739830
0.888884 0.110919 0.000196
0.111270 0.888702 0.000028
0.000094 0.000000 0.999906
0.737774 0.152730 0.109496
0.784392 0.214405 0.001203
0.908612 0.013998 0.077390
0.708600 0.000736 0.290664
0.205054 0.000086 0.794860
0.528677 0.101607 0.369716
0.473643 0.010382 0.515975
0.152821 0.000340 0.846839
0.908449 0.084860 0.006690
0.871446 0.049065 0.079489
0.000161 0.000000 0.999839
0.697484 0.290554 0.011962
0.928957 0.066829 0.004214
0.726949 0.265682 0.007369
0.298566 0.701371 0.000064
0.767797 0.110286 0.121917
0.104425 0.013453 0.882122
0.668159 0.328249 0.003592
0.024605 0.000016 0.975379
0.150575 0.252862 0.596562
0.913302 0.085361 0.001337
0.539476 0.036537 0.423986
0.071538 0.014375 0.914087
0.000047 0.000000 0.999953
0.000077 0.000000 0.999923
0.878264 0.104899 0.016837
0.784723 0.212646 0.002631
0.272729 0.727265 0.000006
0.004391 0.000000 0.995609
0.655804 0.342509 0.001687
0.146405 0.000002 0.853593
0.012400 0.000000 0.987600
0.886583 0.095515 0.017902
0.855859 0.137194 0.006947
0.000118 0.000000 0.999882
0.079817 0.920054 0.000128
0.570761 0.285131 0.144108
0.141689 0.000364 0.857948
0.537112 0.327170 0.135718
0.964380 0.030286 0.005334
0.919345 0.077449 0.003205
0.000195 0.000000 0.999805
0.484127 0.514989 0.000883
0.940522 0.059449 0.000030
0.072568 0.000227 0.927205
0.045937 0.954063 0.000000
0.457174 0.020745 0.522081
0.950717 0.005542 0.043742
0.001014 0.000000 0.998986
0.994693 0.005292 0.000015
0.102850 0.897146 0.000004
0.936550 0.060946 0.002504
0.793164 0.204526 0.002310
0.000162 0.000000 0.999838
0.165450 0.004061 0.830489
0.029996 0.970003 0.000001
0.001192 0.000000 0.998808
0.008097 0.000001 0.991901
0.692084 0.050986 0.256931
0.019325 0.000001 0.980674
0.378402 0.000084 0.621513
0.014888 0.985112 0.000000
0.998993 0.000967 0.000040
0.646439 0.339550 0.014011
0.019995 0.000274 0.979731
0.000010 -0.000000 0.999990
0.006686 0.000053 0.993261
0.811059 0.181812 0.007128
0.302333 0.049283 0.648384
0.401803 0.000405 0.597792
0.020604 0.000001 0.979395
0.047781 0.000000 0.952218
0.096009 0.000353 0.903638
0.751922 0.000274 0.247804
0.952606 0.046804 0.000590
0.412893 0.000376 0.586730
0.080866 0.000675 0.918459
0.040849 0.000323 0.958829
0.000828 0.000000 0.999172
0.999255 0.000689 0.000056
0.082436 0.917544 0.000019
0.328733 0.026500 0.644766
0.328966 0.670523 0.000511
0.001840 0.000000 0.998160
0.862622 0.008203 0.129174
0.960896 0.021230 0.017874
0.013343 0.000018 0.986640
0.000202 0.000000 0.999798
0.821544 0.178176 0.000279
0.834554 0.148778 0.016668
0.494535 0.505357 0.000107
0.009061 0.000000 0.990939
0.000000 0.000000 1.000000
0.304929 0.001307 0.693765
0.644249 0.355396 0.000355
0.340709 0.004152 0.655139
0.002151 0.000000 0.997849
0.568124 0.028747 0.403130
0.002899 0.997101 0.000000
0.456103 0.543753 0.000144
0.677967 0.000447 0.321586
0.946846 0.005744 0.047410
0.000079 0.000000 0.999921
0.398783 0.446718 0.154499
0.004797 0.995203 0.000000
0.210144 0.768673 0.021182
0.016937 0.983063 0.000000
0.174926 0.674179 0.150895
0.197489 0.802415 0.000096
0.953443 0.036181 0.010376
0.000001 0.000000 0.999999
0.370545 0.000162 0.629292
0.948067 0.045998 0.005935
0.224812 0.775020 0.000167
0.998557 0.000001 0.001442
0.001914 0.000000 0.998086
0.284055 0.000439 0.715505
0.001086 0.000000 0.998914
0.339358 0.000418 0.660224
0.992468 0.000001 0.007531
0.189485 0.810506 0.000009
0.000000 -0.000000 1.000000
0.832245 0.001642 0.166113
0.027392 0.000056 0.972552
0.040354 0.000079 0.959568
0.735170 0.189986 0.074844
0.406125 0.434621 0.159255
0.395219 0.227875 0.376906
0.154513 0.002600 0.842887
0.932141 0.023956 0.043903
0.049671 0.000613 0.949716
0.013678 0.000001 0.986321
0.814584 0.185393 0.000024
0.238421 0.761579 0.000000
0.803222 0.193028 0.003750
0.886608 0.078014 0.035378
0.220346 0.779234 0.000420
0.551477 0.435765 0.012758
0.999131 0.000843 0.000027
0.000003 0.000000 0.999997
0.341000 0.000653 0.658348
0.892594 0.015479 0.091927
0.000413 0.999587 0.000000
0.667835 0.001498 0.330667
0.762415 0.154384 0.083201
0.490186 0.009826 0.499988
0.735692 0.149151 0.115157
0.000547 0.999453 0.000000
0.000047 0.999953 0.000000
0.734297 0.225292 0.040411
0.804236 0.195759 0.000006
0.058736 0.941257 0.000007
0.648601 0.351018 0.000382
0.010369 0.989631 0.000000
0.145639 0.854308 0.000053
0.373123 0.178314 0.448563
0.059090 0.000001 0.940909
0.002841 0.000003 0.997156
0.365940 0.226919 0.407142
0.482705 0.336691 0.180604
0.038496 0.000000 0.961504
0.610164 0.288746 0.101090
0.125041 0.874953 0.000006
0.001519 0.000001 0.998480
0.000023 -0.000000 0.999977
0.503751 0.126956 0.369293
0.193895 0.000481 0.805624
0.001361 0.000000 0.998639
0.584827 0.015120 0.400053
0.001153 0.998847 0.000000
0.734468 0.156053 0.109479
0.587051 0.359619 0.053330
0.216088 0.000430 0.783482
0.286102 0.713892 0.000006
0.581195 0.011123 0.407682
0.196810 0.000981 0.802209
0.472334 0.169626 0.358040
0.847126 0.138718 0.014156
0.640013 0.184988 0.174999
0.486915 0.512842 0.000243
0.018398 0.981602 0.000000
0.007215 0.992785 0.000000
0.058934 0.000000 0.941066
0.267607 0.732379 0.000014
0.896230 0.102114 0.001657
0.343407 0.170716 0.485877
0.274882 0.724969 0.000149
0.992433 0.000000 0.007567
0.999878 0.000040 0.000082
0.189087 0.013161 0.797751
0.702664 0.296744 0.000593
0.000835 0.999165 0.000000
0.516046 0.011423 0.472531
0.174060 0.194910 0.631030
0.439334 0.017661 0.543004
0.000116 0.000000 0.999884
0.233479 0.764422 0.002099
0.058523 0.005452 0.936026
0.325226 0.670021 0.004752
0.370456 0.001598 0.627946
0.686601 0.251902 0.061497
0.808785 0.155685 0.035530
0.008646 0.000010 0.991343
0.923514 0.003130 0.073356
0.204748 0.035848 0.759404
0.099034 0.011687 0.889279
0.333708 0.001191 0.665101
0.241335 0.000000 0.758665
0.010616 0.000001 0.989384
0.997475 0.002525 0.000000
0.006907 0.000001 0.993092
0.016795 0.000022 0.983184
0.467997 0.531805 0.000198
0.869779 0.002119 0.128102
0.060162 0.939837 0.000000
0.000013 0.000000 0.999987
0.890552 0.109435 0.000012
0.783735 0.202646 0.013619
0.777927 0.222060 0.000014
0.407094 0.027480 0.565426
0.741895 0.107429 0.150676
0.090561 0.000018 0.909421
0.005351 0.000002 0.994647
0.895827 0.097333 0.006839
0.000141 0.999859 0.000000
0.251977 0.747791 0.000232
0.000230 0.000000 0.999770
0.494903 0.012658 0.492439
0.134905 0.865095 0.000000
0.547256 0.449858 0.002886
0.998795 0.000000 0.001204
0.791882 0.206229 0.001889
0.006120 0.000000 0.993880
0.380071 0.549917 0.070012
0.153544 0.000013 0.846442
0.626708 0.129735 0.243557
0.041261 0.958736 0.000003
0.140518 0.185224 0.674257
0.040246 0.959754 0.000000
0.587195 0.390791 0.022015
0.339583 0.094465 0.565951
0.823332 0.174022 0.002646
0.100205 0.899782 0.000013
0.022587 0.000001 0.977412
0.740591 0.000690 0.258719
0.767171 0.024955 0.207874
0.999783 0.000096 0.000121
0.853767 0.013873 0.132360
0.735846 0.060889 0.203265
0.000396 0.999604 0.000000
0.330034 0.005276 0.664690
0.158958 0.840952 0.000091
0.032963 0.000005 0.967032
0.055807 0.944190 0.000003
0.009548 0.000035 0.990418
0.055440 0.000001 0.944559
0.134923 0.216293 0.648784
0.006828 0.993172 0.000000
0.599237 0.400402 0.000362
0.889878 0.020568 0.089554
0.910360 0.040125 0.049515
0.266992 0.165018 0.567990
0.825147 0.005085 0.169768
0.803827 0.194910 0.001262
0.394357 0.604915 0.000728
0.000546 0.000000 0.999454
0.280265 0.000344 0.719391
0.707765 0.018181 0.274054
0.000440 0.000000 0.999560
0.107482 0.006007 0.886511
0.733886 0.266092 0.000023
0.125608 0.874389 0.000003
0.950971 0.014036 0.034993
0.208966 0.000159 0.790875
0.305729 0.694271 0.000000
0.762745 0.221081 0.016174
0.450817 0.520465 0.028718
0.131970 0.867943 0.000087
0.005461 0.000000 0.994539
0.228673 0.028013 0.743314
0.072666 0.000001 0.927333
0.000100 0.999900 0.000000
0.618856 0.195320 0.185824
0.251085 0.001265 0.747650
0.756074 0.166836 0.077090
0.000000 0.000000 1.000000
0.641889 0.009817 0.348295
0.498456 0.499705 0.001838
0.252489 0.682508 0.065003
0.438324 0.002011 0.559666
0.999884 0.000087 0.000029
0.018468 0.000002 0.981530
0.484329 0.076648 0.439023
0.000011 0.999989 0.000000
0.111351 0.001635 0.887014
0.832393 0.165289 0.002318
0.000385 0.000000 0.999615
0.734930 0.027261 0.237809
0.032591 0.000002 0.967407
0.043688 0.000077 0.956235
0.975268 0.015107 0.009625
0.833080 0.166392 0.000528
0.961171 0.004731 0.034097
0.878196 0.098210 0.023594
0.005934 0.994066 0.000000
0.864779 0.135084 0.000137
0.000026 0.000000 0.999974
0.424063 0.006261 0.569676
0.315827 0.024525 0.659648
0.005924 0.000009 0.994068
0.693945 0.028430 0.277625
0.798324 0.176909 0.024767
0.305171 0.000522 0.694307
0.532340 0.454372 0.013288
0.972933 0.027048 0.000019
0.204314 0.795656 0.000030
0.698295 0.232298 0.069406
0.418524 0.369176 0.212300
0.024791 0.000359 0.974851
0.092471 0.907529 0.000001
0.898807 0.001049 0.100144
0.237418 0.003995 0.758587
0.445501 0.001017 0.553481
0.000092 0.000000 0.999908
0.216438 0.783561 0.000001
0.259697 0.716324 0.023980
0.553362 0.025274 0.421364
0.281249 0.026950 0.691801
0.411831 0.029167 0.559002
0.149164 0.011718 0.839118
0.831381 0.150753 0.017865
0.335912 0.000573 0.663515
0.781576 0.161633 0.056792
0.041408 0.001321 0.957271
0.516216 0.483698 0.000086
0.034878 0.000001 0.965122
0.287378 0.206022 0.506599
0.488249 0.006499 0.505252
0.872449 0.126405 0.001146
0.511893 0.163576 0.324531
0.595459 0.065628 0.338913
0.831571 0.162119 0.006310
0.060801 0.000357 0.938841
0.085381 0.914602 0.000017
0.918462 0.081464 0.000074
0.937775 0.058316 0.003909
0.570788 0.024990 0.404222
0.919970 0.012183 0.067847
0.450077 0.048643 0.501280
0.794153 0.184388 0.021459
0.038649 0.000039 0.961312
0.999854 0.000028 0.000118
0.499631 0.499934 0.000435
0.000886 0.000000 0.999114
0.515897 0.001756 0.482347
0.885405 0.114473 0.000122
0.597902 0.389776 0.012322
0.958515 0.003770 0.037714
0.992587 0.000004 0.007409
0.008823 0.991177 0.000000
0.117465 0.001577 0.880958
0.958740 0.003209 0.038051
0.001275 0.998725 0.000000
0.715268 0.284467 0.000265
0.983861 0.016135 0.000003
0.997248 0.000000 0.002752
0.021914 0.000002 0.978084
0.060136 0.939856 0.000007
0.137392 0.862603 0.000005
0.000215 0.999785 0.000000
0.797122 0.000000 0.202878
0.022709 0.000006 0.977285
0.000271 0.999729 0.000000
0.149957 0.003557 0.846485
0.005261 0.000177 0.994561
0.270289 0.729686 0.000025
0.044813 0.955187 0.000000
0.000134 0.999866 0.000000
0.482979 0.149376 0.367645
0.968310 0.031685 0.000005
0.390403 0.105919 0.503678
0.272039 0.626455 0.101507
0.322230 0.001176 0.676594
0.138921 0.000015 0.861064
0.755015 0.133391 0.111593
0.153967 0.000574 0.845460
0.077018 0.000000 0.922982
0.920400 0.065187 0.014413
0.000004 0.000000 0.999996
0.000457 0.000000 0.999543
0.969123 0.017416 0.013461
0.999750 0.000008 0.000243
0.000010 0.000000 0.999990
0.000003 0.999997 0.000000
0.879330 0.112518 0.008152
0.915150 0.072329 0.012521
0.219890 0.000329 0.779780
0.056186 0.004744 0.939070
0.727222 0.183956 0.088822
0.801764 0.193232 0.005004
0.471042 0.490986 0.037972
0.983582 0.016405 0.000013
0.271852 0.000029 0.728119
0.020144 0.000022 0.979833
0.623406 0.374710 0.001885
0.633243 0.056363 0.310394
0.832689 0.166365 0.000946
0.725850 0.020822 0.253327
0.655785 0.343999 0.000216
0.310618 0.000859 0.688523
0.818435 0.000736 0.180829
0.127688 0.001331 0.870981
0.000009 0.000000 0.999991
0.705566 0.294237 0.000197
0.787494 0.179505 0.033001
0.078104 0.004537 0.917359
0.019126 0.000001 0.980873
0.999699 0.000277 0.000024
0.674471 0.310626 0.014903
0.999724 0.000269 0.000007
0.011599 0.000000 0.988401
0.426242 0.006512 0.567246
0.528498 0.471250 0.000252
0.000000 0.000000 1.000000
0.067316 0.932557 0.000127
0.984832 0.015167 0.000000
0.079039 0.000256 0.920705
0.780577 0.216636 0.002787
0.880272 0.115106 0.004623
0.374986 0.210899 0.414115
0.004151 0.000000 0.995849
0.415353 0.000112 0.584535
0.996934 0.003065 0.000001
0.073474 0.000093 0.926433
0.371675 0.627574 0.000751
0.966188 0.033333 0.000479
0.578556 0.015825 0.405619
0.944234 0.050538 0.005227
0.968839 0.005253 0.025908
0.927913 0.072087 0.000000
0.214821 0.784918 0.000261
0.777713 0.018009 0.204278
0.777509 0.000483 0.222008
0.315544 0.684422 0.000034
0.965314 0.034096 0.000591
0.002333 0.000000 0.997667
0.878380 0.121274 0.000346
0.130119 0.000104 0.869778
0.554080 0.084159 0.361761
0.648509 0.351142 0.000349
0.373110 0.009122 0.617768
0.998789 0.000046 0.001165
0.517154 0.482771 0.000075
0.000234 0.000000 0.999766
0.228465 0.771038 0.000497
0.530851 0.439192 0.029957
0.976813 0.022909 0.000278
0.937047 0.056331 0.006622
0.715918 0.064473 0.219609
0.115067 0.884933 0.000000
0.568221 0.039109 0.392670
0.085752 0.019086 0.895163
0.000027 0.000000 0.999973
0.001053 0.998947 0.000000
0.721433 0.277062 0.001505
0.973925 0.015388 0.010687
0.999728 0.000267 0.000005
0.011254 0.000000 0.988746
0.020330 0.000411 0.979259
0.004775 0.000001 0.995224
0.752042 0.247952 0.000006
0.348149 0.651120 0.000731
0.500984 0.023222 0.475794
0.762169 0.237732 0.000099
0.000961 0.000000 0.999039
0.111035 0.000051 0.888914
0.077288 0.922706 0.000007
0.052617 0.000005 0.947378
0.621529 0.374900 0.003571
0.083477 0.916510 0.000013
0.647059 0.107892 0.245049
0.860630 0.044001 0.095368
0.000000 1.000000 0.000000
0.980606 0.019393 0.000000
0.006992 0.000011 0.992998
0.887559 0.102092 0.010349
0.499616 0.497424 0.002960
0.787574 0.212426 0.000000
0.035423 0.000463 0.964113
0.273852 0.044077 0.682071
0.000187 0.999813 0.000000
0.999065 0.000776 0.000158
0.000209 0.000000 0.999791
0.000035 0.000000 0.999965
0.664104 0.092290 0.243606
0.314091 0.685849 0.000060
0.984027 0.015387 0.000587
0.508824 0.427239 0.063937
0.818295 0.181633 0.000073
0.676402 0.323521 0.000076
0.720059 0.188354 0.091587
0.007149 0.992851 0.000000
0.473285 0.035392 0.491323
0.594216 0.084216 0.321568
0.729606 0.072282 0.198111
0.066815 0.000004 0.933181
0.030864 0.969134 0.000001
0.831653 0.167416 0.000932
0.004153 0.000000 0.995847
0.877367 0.118715 0.003918
0.293564 0.013032 0.693403
0.495540 0.004832 0.499628
0.655195 0.132104 0.212701
0.355783 0.276625 0.367592
0.000001 -0.000000 0.999999
0.127273 0.076627 0.796100
0.566098 0.004603 0.429299
0.851521 0.148460 0.000019
0.939136 0.026199 0.034665
0.204101 0.795895 0.000003
0.269993 0.663272 0.066735
0.809727 0.168707 0.021567
0.731695 0.122794 0.145511
0.625064 0.368393 0.006542
0.466808 0.004832 0.528360
0.773993 0.221413 0.004594
0.509419 0.003510 0.487071
0.045366 0.000001 0.954633
0.719788 0.072478 0.207733
0.011438 0.000001 0.988561
0.100195 0.890660 0.009146
0.964964 0.005902 0.029135
0.219189 0.406283 0.374528
0.439845 0.322868 0.237287
0.716703 0.004138 0.279159
0.000000 -0.000000 1.000000
0.015413 0.984587 0.000000
0.019756 0.000004 0.980240
0.212896 0.304704 0.482399
0.757318 0.230908 0.011774
0.000002 -0.000000 0.999998
0.069316 0.000212 0.930471
0.014130 0.000011 0.985860
0.853891 0.137869 0.008240
0.015430 0.000008 0.984562
0.795940 0.201026 0.003034
0.000002 0.999998 -0.000000
0.270738 0.708235 0.021027
0.989403 0.010588 0.000009
0.267525 0.708973 0.023501
0.887662 0.025630 0.086708
0.172299 0.002855 0.824846
0.099154 0.035364 0.865483
0.399522 0.327748 0.272730
0.146900 0.000438 0.852663
0.450550 0.416477 0.132973
0.545851 0.452997 0.001152
0.000000 -0.000000 1.000000
0.452740 0.090181 0.457079
0.519514 0.011521 0.468965
0.047832 0.000008 0.952160
0.994283 0.000000 0.005717
0.925272 0.072747 0.001981
0.367418 0.626034 0.006548
0.993062 0.006933 0.000005
0.759050 0.234814 0.006136
0.449688 0.397242 0.153069
0.172495 0.825813 0.001692
0.019435 0.000389 0.980177
0.005769 0.994231 0.000000
0.372173 0.066517 0.561310
0.962248 0.037631 0.000122
0.992384 0.007616 0.000000
0.286252 0.000018 0.713730
0.486274 0.513228 0.000498
0.001710 0.998290 0.000000
0.172270 0.075820 0.751910
0.000768 0.000000 0.999232
0.001258 0.000000 0.998742
0.000527 0.000000 0.999473
0.999793 0.000177 0.000030
0.584091 0.353160 0.062749
0.498399 0.016497 0.485103
0.522692 0.199947 0.277361
0.725090 0.274691 0.000219
0.707849 0.164675 0.127476
0.011458 0.000070 0.988472
0.701500 0.050817 0.247683
0.290774 0.021827 0.687400
0.087918 0.000034 0.912048
0.430705 0.569285 0.000010
0.888790 0.021190 0.090020
0.003966 0.996034 0.000000
0.017788 0.000000 0.982212
0.999095 0.000886 0.000019
0.205571 0.621318 0.173111
0.224904 0.775094 0.000002
0.208236 0.017979 0.773785
0.009696 0.000006 0.990298
0.067315 0.000006 0.932679
0.884031 0.114524 0.001445
0.000023 0.000000 0.999977
0.006829 0.000004 0.993168
0.088073 0.911804 0.000123
0.372775 0.015191 0.612034
0.999425 0.000002 0.000573
0.110196 0.002042 0.887762
0.922837 0.072247 0.004916
0.088140 0.000373 0.911487
0.962473 0.029891 0.007636
0.342389 0.065226 0.592386
0.007853 0.000001 0.992146
0.334417 0.664608 0.000975
0.967887 0.011823 0.020290
0.983537 0.016363 0.000100
0.836347 0.161987 0.001666
0.658248 0.015807 0.325945
0.904164 0.016953 0.078883
0.103937 0.000101 0.895962
0.967537 0.005873 0.026589
0.846039 0.009137 0.144825
0.999011 0.000009 0.000980
0.120542 0.000209 0.879249
0.003193 0.000004 0.996802
0.591829 0.384396 0.023775
0.199788 0.769249 0.030963
0.958433 0.041341 0.000226
0.032476 0.000000 0.967524
0.527056 0.051180 0.421764
0.900171 0.092044 0.007786
0.670872 0.328244 0.000884
0.947498 0.038768 0.013733
0.427604 0.006152 0.566244
0.002369 0.000000 0.997631
0.154249 0.069223 0.776528
0.698505 0.300451 0.001044
0.928008 0.069061 0.002931
0.049625 0.000798 0.949577
0.904575 0.094834 0.000591
0.906479 0.031516 0.062005
0.223344 0.776620 0.000036
0.010992 0.989008 0.000000
0.998916 0.001083 0.000001
0.000004 0.999996 -0.000000
0.357146 0.204874 0.437980
0.926034 0.001815 0.072151
0.631658 0.020204 0.348138
0.000539 0.000000 0.999461
0.000062 0.000000 0.999938
0.919908 0.070770 0.009322
0.592132 0.407624 0.000244
0.046386 0.953598 0.000016
0.946343 0.009517 0.044139
0.016900 0.000003 0.983097
0.000597 0.000000 0.999403
0.205712 0.793958 0.000329
0.179478 0.097210 0.723312
0.995086 0.004130 0.000784
0.623854 0.055423 0.320723
0.000593 0.000000 0.999407
0.683629 0.020048 0.296323
0.934213 0.065185 0.000602
0.000016 -0.000000 0.999984
0.860397 0.139588 0.000015
0.775589 0.223896 0.000515
0.617141 0.186596 0.196263
0.947971 0.026495 0.025534
0.061697 0.000034 0.938269
0.856049 0.031621 0.112330
0.000001 0.000000 0.999999
0.002904 0.000000 0.997096
0.375246 0.624410 0.000344
0.002144 0.997856 0.000000
0.269081 0.663359 0.067561
0.044789 0.004055 0.951156
0.635500 0.138454 0.226046
0.917640 0.076939 0.005421
0.989003 0.010996 0.000000
0.159056 0.000104 0.840840
0.010365 0.989635 0.000000
0.948954 0.048268 0.002778
0.000410 0.000000 0.999590
0.535044 0.077011 0.387945
0.579257 0.293603 0.127140
0.995640 0.004359 0.000000
0.000936 0.000000 0.999063
0.161441 0.838556 0.000002
0.959244 0.039838 0.000918
0.772014 0.011122 0.216864
0.879372 0.108696 0.011932
0.435437 0.340068 0.224495
0.000080 0.000000 0.999920
0.000258 0.000000 0.999742
0.000008 0.000000 0.999992
0.959821 0.040178 0.000001
0.740594 0.233055 0.026351
0.403604 0.229134 0.367262
0.095710 0.897261 0.007029
0.000003 0.999997 -0.000000
0.950263 0.009681 0.040056
0.027713 0.003024 0.969263
0.370446 0.504610 0.124944
0.011441 0.000000 0.988558
0.909186 0.020288 0.070526
0.006099 0.000000 0.993901
0.037753 0.000045 0.962201
0.329140 0.484345 0.186515
0.812738 0.166773 0.020489
0.093469 0.040864 0.865667
0.544625 0.454977 0.000398
0.347763 0.435341 0.216896
0.509138 0.000522 0.490340
0.196354 0.592259 0.211388
0.000001 0.999999 -0.000000
0.941295 0.029340 0.029365
0.243117 0.090712 0.666171
0.706312 0.220692 0.072996
0.000001 -0.000000 0.999999
0.646819 0.260734 0.092447
0.416770 0.123727 0.459503
0.837129 0.140415 0.022457
0.108885 0.113271 0.777844
0.675848 0.303265 0.020888
0.614186 0.014064 0.371750
0.089999 0.003937 0.906064
0.389683 0.416954 0.193363
0.999915 0.000032 0.000053
0.817818 0.181567 0.000615
0.245723 0.152591 0.601686
0.438519 0.554038 0.007444
0.164602 0.835326 0.000073
0.054250 0.945750 0.000000
0.797867 0.155153 0.046980
0.999909 0.000081 0.000010
0.034023 0.965977 0.000000
0.564607 0.118389 0.317004
0.832276 0.001831 0.165893
0.135586 0.003389 0.861025
0.005049 0.000000 0.994950
0.625587 0.360543 0.013870
0.089976 0.035123 0.874902
0.001181 0.000000 0.998819
0.835875 0.119287 0.044838
0.012215 0.000001 0.987785
0.000130 0.000000 0.999870
0.036384 0.000246 0.963370
0.012722 0.000008 0.987270
0.001251 0.000000 0.998749
0.821746 0.013819 0.164435
0.402383 0.298002 0.299615
0.666578 0.075259 0.258163
0.034893 0.965106 0.000001
0.000061 0.000000 0.999939
0.240949 0.073560 0.685491
0.900623 0.098294 0.001083
0.362185 0.468487 0.169328
0.000004 -0.000000 0.999996
0.001515 0.000000 0.998484
0.068860 0.006718 0.924423
0.396868 0.095429 0.507703
0.862162 0.137689 0.000149
0.118353 0.000019 0.881628
0.013760 0.000007 0.986233
0.053022 0.000026 0.946952
0.616577 0.380543 0.002880
0.531245 0.344061 0.124694
0.000001 -0.000000 0.999999
0.683450 0.270481 0.046068
0.560292 0.439707 0.000001
0.608593 0.332227 0.059180
0.005206 0.000000 0.994794
0.035531 0.000000 0.964469
0.353703 0.269470 0.376827
0.651803 0.000570 0.347627
0.001213 0.000000 0.998787
0.048356 0.001985 0.949658
0.673231 0.321438 0.005331
0.905909 0.000030 0.094061
0.262361 0.003443 0.734196
0.819037 0.179157 0.001806
0.949774 0.047832 0.002394
0.418992 0.576824 0.004184
0.112454 0.887535 0.000010
0.934640 0.028171 0.037189
0.215163 0.000028 0.784809
0.983254 0.016745 0.000000
0.039744 0.000048 0.960208
0.045969 0.954028 0.000004
0.415094 0.007553 0.577353
0.000213 0.000000 0.999787
0.925905 0.004713 0.069381
0.000001 0.000000 0.999999
0.999840 0.000098 0.000062
0.845010 0.151075 0.003915
0.985415 0.014510 0.000076
0.091177 0.006421 0.902403
0.416849 0.031971 0.551180
0.001125 0.000000 0.998875
0.410573 0.326662 0.262765
0.585171 0.414554 0.000275
0.747134 0.229467 0.023399
0.000047 -0.000000 0.999953
0.955395 0.036274 0.008331
0.376507 0.623488 0.000004
0.435688 0.025227 0.539084
0.000121 0.000000 0.999879
0.000024 -0.000000 0.999976
0.001509 0.998491 0.000000
0.000148 0.000000 0.999852
0.893266 0.003433 0.103300
0.809304 0.169355 0.021341
0.967274 0.032217 0.000509
0.998523 0.001140 0.000337
0.736752 0.142834 0.120414
0.979892 0.020073 0.000034
0.002568 0.000000 0.997432
0.000001 0.000000 0.999999
0.078081 0.000626 0.921293
0.523371 0.411215 0.065414
0.024999 0.975001 0.000000
0.023102 0.000001 0.976897
0.999638 0.000006 0.000356
0.029822 0.000002 0.970176
0.008091 0.991909 0.000000
0.811995 0.187362 0.000643
0.624527 0.374042 0.001430
0.004895 0.000009 0.995096
0.258044 0.741954 0.000003
0.016383 0.000007 0.983610
0.948808 0.047114 0.004078
0.117499 0.047250 0.835251
0.962011 0.013664 0.024325
0.002185 0.000005 0.997810
0.085651 0.000001 0.914348
0.000009 0.000000 0.999991
0.969793 0.019084 0.011124
0.307904 0.003047 0.689049
0.097742 0.902210 0.000047
0.999706 0.000002 0.000292
0.598735 0.133319 0.267946
