0.000189 0.978075 0.020197 0.000252 0.001262 0.000024
0.005735 0.623107 0.327861 0.003296 0.035777 0.004224
0.869785 0.007684 0.109329 0.006597 0.006245 0.000361
0.751309 0.084250 0.112633 0.049224 0.002353 0.000232
0.000267 0.972276 0.026531 0.000346 0.000528 0.000052
0.000172 0.979872 0.018164 0.000239 0.001526 0.000027
0.153351 0.186624 -0.000000 0.626929 0.014958 0.018138
0.844114 0.010247 0.128851 0.005970 0.010716 0.000103
0.000042 0.995055 0.000899 0.000143 0.003800 0.000060
0.002785 0.020313 0.096758 0.877635 0.002449 0.000060
0.008541 0.000000 0.002262 0.004652 0.183385 0.801160
0.199476 0.142077 -0.000000 0.652672 0.001232 0.004544
0.963146 0.010295 0.017486 0.001460 0.006882 0.000731
0.939480 0.018895 0.036194 0.001065 0.004299 0.000067
0.000507 0.028460 0.005993 0.892067 0.029012 0.043961
0.701325 0.068815 0.165736 0.003759 0.060335 0.000031
0.000518 0.031605 0.007228 0.890972 0.027791 0.041885
0.038710 0.271754 0.513629 0.105407 0.060734 0.009766
0.000204 0.976718 0.021709 0.000267 0.001075 0.000026
0.161437 0.054109 0.486363 0.230359 0.005558 0.062174
0.012225 0.000000 0.010147 0.005824 0.185089 0.786716
0.000241 0.974561 0.023989 0.000320 0.000841 0.000049
0.002944 0.023796 0.121265 0.850462 0.001497 0.000036
0.771950 0.043337 0.156477 0.019527 0.002304 0.006406
0.235429 0.139626 0.075165 0.357563 0.028623 0.163592
0.002917 0.032546 0.135662 0.824236 0.004624 0.000015
0.951507 0.014401 0.029312 0.001197 0.003273 0.000310
0.044061 0.378666 0.122419 0.043122 0.389496 0.022236
0.000738 0.091745 0.030373 0.867102 0.006705 0.003337
0.974759 0.006190 0.005622 0.001730 0.010542 0.001157
0.000904 0.317207 0.046188 0.019841 0.528540 0.087320
0.000693 0.979051 0.014360 0.001307 0.003830 0.000759
0.038263 0.002803 0.863304 0.000935 0.093877 0.000818
0.000259 0.973205 0.025473 0.000341 0.000668 0.000054
0.429148 0.003627 0.370000 0.007799 0.165220 0.024205
0.002491 0.000000 0.001434 0.002227 0.737196 0.256652
0.000236 0.974729 0.023832 0.000311 0.000848 0.000043
0.926351 0.024280 0.033878 0.001171 0.014172 0.000149
0.000265 0.970866 0.028259 0.000326 0.000255 0.000029
0.000217 0.976055 0.022392 0.000288 0.001012 0.000036
0.970740 0.007612 0.009732 0.001636 0.009271 0.001009
0.000608 0.055918 0.016775 0.882335 0.018415 0.025949
0.282008 0.553761 0.050225 0.040071 0.062858 0.011077
0.602993 0.242262 0.098625 0.011513 0.036624 0.007982
0.043020 0.897712 0.018422 0.032284 0.007193 0.001370
0.008328 0.000000 0.001806 0.004585 0.183292 0.801989
0.092132 0.810923 0.047373 0.048291 0.000621 0.000660
0.495593 0.360958 0.085202 0.000677 0.055998 0.001573
0.104773 0.784804 0.041628 0.063624 0.001934 0.003236
0.220963 0.049472 0.255265 0.350127 0.010006 0.114167
0.000241 0.972185 0.026876 0.000292 0.000393 0.000014
0.000265 0.970969 0.028129 0.000329 0.000277 0.000031
0.000045 0.994683 0.001323 0.000146 0.003744 0.000059
0.000225 0.975581 0.022894 0.000299 0.000960 0.000041
0.000233 0.973155 0.025768 0.000287 0.000540 0.000017
0.699264 0.110643 0.016281 0.018740 0.124157 0.030915
0.000201 0.000987 0.066204 0.069554 0.854078 0.008976
0.010840 0.000000 0.007184 0.005383 0.184492 0.792101
0.725875 0.061964 0.154350 0.004045 0.053705 0.000060
0.000058 0.993154 0.003062 0.000155 0.003514 0.000056
0.000337 0.972541 0.025572 0.000494 0.000901 0.000156
0.008006 0.004385 0.837552 0.098900 0.043691 0.007466
0.806701 0.014367 0.152006 0.020415 0.006440 0.000071
0.000205 0.976815 0.021579 0.000271 0.001100 0.000030
0.929134 0.004229 0.043402 0.009240 0.012762 0.001232
0.000191 0.977834 0.020474 0.000253 0.001225 0.000024
0.951413 0.014462 0.028843 0.001209 0.003747 0.000326
0.008394 0.692023 0.288961 0.008631 0.000423 0.001569
0.007930 0.079084 0.042229 0.822669 0.032860 0.015228
0.767827 0.089271 0.005688 0.002477 0.133571 0.001166
0.240704 0.493508 0.258787 0.006631 0.000000 0.000369
0.000042 0.995068 0.000885 0.000143 0.003802 0.000060
0.633816 0.144655 0.193531 0.011744 0.015676 0.000578
0.000350 0.130299 0.010161 0.699036 0.142472 0.017683
0.351977 0.414019 0.049712 0.079438 0.100828 0.004027
0.837123 0.099573 0.023186 0.001350 0.029011 0.009757
0.956358 0.012695 0.024296 0.001308 0.004854 0.000488
0.578176 0.276071 0.119792 0.009681 0.014150 0.002129
0.186573 0.585335 0.118621 0.096274 0.007736 0.005461
0.864146 0.007751 0.117771 0.006229 0.003853 0.000250
0.000722 0.979563 0.013473 0.001371 0.004065 0.000807
0.000254 0.971206 0.027944 0.000308 0.000269 0.000018
0.719493 0.070042 0.098620 0.092874 0.012685 0.006286
0.254838 0.005980 0.545174 0.003698 0.187671 0.002639
0.003280 0.000310 0.075082 0.219433 0.442239 0.259656
0.022606 0.000000 0.954281 0.010940 0.010546 0.001627
0.000215 0.975126 0.023544 0.000271 0.000825 0.000019
0.640378 0.225326 0.130596 0.000635 0.002786 0.000280
0.000517 0.031319 0.007124 0.891107 0.027868 0.042065
0.000056 0.993344 0.002847 0.000154 0.003543 0.000056
0.000718 0.085949 0.028257 0.869968 0.008233 0.006876
0.544632 0.006978 0.406840 0.029517 0.010103 0.001929
0.267695 0.005617 0.584856 0.003711 0.135988 0.002133
0.548052 0.151818 0.232346 0.053696 0.013200 0.000888
0.011085 0.000000 0.007710 0.005462 0.184597 0.791146
0.849421 0.008999 0.130818 0.005769 0.004914 0.000079
0.008313 0.000000 0.001775 0.004580 0.183285 0.802046
0.003047 0.222481 0.632240 0.025985 0.095451 0.020796
0.000147 0.982903 0.014717 0.000220 0.001979 0.000034
0.447369 0.116052 0.386503 0.026735 0.021813 0.001528
0.775471 0.018417 0.139029 0.021953 0.044913 0.000217
0.000227 0.973570 0.025323 0.000278 0.000588 0.000013
0.711768 0.065799 0.164211 0.003823 0.054363 0.000037
0.000160 0.981268 0.016580 0.000229 0.001733 0.000030
0.149311 0.001581 0.009886 0.072210 0.562178 0.204835
0.062938 0.046404 0.718759 0.000000 0.141674 0.030224
0.000296 0.972595 0.025881 0.000410 0.000721 0.000098
0.000263 0.138476 0.005499 0.661639 0.172881 0.021242
0.033665 0.026480 0.768845 0.017515 0.152858 0.000637
0.000160 0.981258 0.016592 0.000230 0.001731 0.000030
0.016518 0.000000 0.019335 0.007189 0.187045 0.769913
0.000271 0.971161 0.027847 0.000342 0.000338 0.000042
0.008415 0.000000 0.001993 0.004612 0.183330 0.801651
0.000055 0.000727 0.005467 0.036847 0.947433 0.009471
0.000048 0.994342 0.001710 0.000148 0.003693 0.000058
0.000595 0.052904 0.015479 0.882933 0.020050 0.028038
0.301181 0.109874 0.532422 0.006250 0.050264 0.000008
0.000258 0.970685 0.028544 0.000309 0.000188 0.000016
0.000313 0.001191 0.113508 0.094595 0.781989 0.008403
0.004696 0.004392 0.872926 0.004349 0.097230 0.016407
0.010405 0.000000 0.006253 0.005245 0.184284 0.793812
0.000470 0.018561 0.002106 0.895493 0.032851 0.050518
0.033179 0.003994 0.695086 0.000981 0.265487 0.001274
0.684717 0.073892 0.159073 0.003815 0.078465 0.000037
0.000380 0.973191 0.024386 0.000591 0.001225 0.000227
0.000123 0.985582 0.011673 0.000203 0.002379 0.000039
0.244113 0.277480 0.203734 0.101627 0.166652 0.006395
0.689956 0.070392 0.219256 0.015119 0.003665 0.001612
0.023991 0.003526 0.006658 0.015871 0.923436 0.026519
0.000210 0.976752 0.021616 0.000280 0.001108 0.000035
0.329127 0.205378 0.295686 0.110442 0.054504 0.004862
0.003014 0.027329 0.135883 0.832024 0.001731 0.000020
0.927208 0.023935 0.033897 0.001167 0.013646 0.000148
0.961780 0.010778 0.018854 0.001429 0.006476 0.000682
0.154398 0.081384 0.137402 0.007359 0.619014 0.000443
0.000056 0.993380 0.002805 0.000154 0.003548 0.000056
0.156869 0.443354 0.009592 0.006838 0.375932 0.007415
0.329243 0.382931 0.277181 0.009380 0.000000 0.001265
0.930764 0.022520 0.033637 0.001161 0.011761 0.000157
0.000309 0.973691 0.024426 0.000450 0.000990 0.000133
0.141045 0.006556 0.077604 0.047881 0.701740 0.025174
0.236126 0.110229 0.534934 0.113392 0.005319 0.000000
0.000067 0.992092 0.004271 0.000162 0.003355 0.000053
0.321593 0.017511 0.646189 0.004886 0.009314 0.000507
0.000218 0.976000 0.022449 0.000289 0.001007 0.000037
0.003022 0.000000 0.002523 0.002398 0.735322 0.256734
0.061890 0.864616 0.030385 0.037716 0.004471 0.000921
0.659543 0.212649 0.121417 0.000697 0.004584 0.001111
0.000244 0.971924 0.027162 0.000296 0.000359 0.000015
0.004186 0.000000 0.209202 0.772763 0.003273 0.010576
0.862295 0.025198 0.047800 0.006431 0.057971 0.000304
0.000141 0.983609 0.013913 0.000216 0.002085 0.000036
0.636336 0.145708 0.187426 0.012124 0.017584 0.000823
0.036307 0.002925 0.851535 0.000884 0.107758 0.000590
0.000179 0.979254 0.018852 0.000246 0.001440 0.000028
0.104817 0.171801 0.636525 0.047059 0.029052 0.010746
0.947988 0.015662 0.032443 0.001130 0.002578 0.000199
0.225393 0.000000 0.638305 0.016493 0.095526 0.024282
0.023665 0.000000 0.921984 0.007324 0.047026 0.000001
0.000431 0.122502 0.014489 0.734143 0.113980 0.014454
0.000042 0.995012 0.000948 0.000144 0.003794 0.000060
0.160057 0.673308 0.026250 0.122410 0.005496 0.012479
0.000592 0.107160 0.022956 0.802897 0.058145 0.008251
0.000272 0.971189 0.027803 0.000345 0.000348 0.000044
0.389207 0.354676 0.074488 0.008149 0.169911 0.003569
0.000216 0.143056 0.002966 0.641018 0.189581 0.023163
0.000645 0.102268 0.025787 0.825357 0.039788 0.006155
0.926609 0.024176 0.033880 0.001170 0.014017 0.000148
0.135851 0.660870 0.143946 0.055610 0.003289 0.000434
0.000318 0.972190 0.026171 0.000451 0.000747 0.000124
0.019548 0.000000 0.026262 0.008134 0.208426 0.737630
0.325210 0.521034 0.030196 0.000735 0.119613 0.003212
0.000125 0.985425 0.011849 0.000204 0.002357 0.000040
0.807277 0.073105 0.012666 0.002148 0.103894 0.000910
0.000255 0.973846 0.024733 0.000340 0.000769 0.000058
0.002217 0.000000 0.000871 0.002139 0.738162 0.256611
0.020975 0.000000 0.942051 0.005951 0.031023 0.000000
0.723448 0.000957 0.245880 0.002586 0.025727 0.001403
0.000214 0.976258 0.022173 0.000284 0.001036 0.000035
0.020863 0.000000 0.028625 0.008571 0.188779 0.753162
0.000347 0.000397 0.005032 0.044631 0.906392 0.043202
0.009202 0.000000 0.003677 0.004863 0.183674 0.798584
0.006296 0.000000 0.009242 0.003452 0.723694 0.257317
0.003874 0.000000 0.003391 0.764137 0.048560 0.180038
0.000579 0.048136 0.013718 0.885123 0.021413 0.031029
0.000043 0.994970 0.000996 0.000144 0.003788 0.000060
0.229917 0.149529 0.275321 0.266735 0.002676 0.075821
0.000288 0.971138 0.027719 0.000378 0.000412 0.000066
0.138139 0.030811 -0.000000 0.735868 0.006217 0.088964
0.000288 0.972175 0.026460 0.000389 0.000607 0.000081
0.000000 0.074099 0.702396 0.143370 0.008336 0.071798
0.000175 0.979661 0.018401 0.000241 0.001496 0.000027
0.005920 0.000000 0.950174 0.041930 0.000006 0.001970
0.016037 0.003315 0.001766 0.013718 0.938375 0.026790
0.424686 0.080587 0.456945 0.002232 0.033615 0.001934
0.868020 0.023734 0.040676 0.006581 0.060669 0.000319
0.585180 0.266359 0.063455 0.030047 0.044488 0.010471
0.000084 0.990186 0.006438 0.000174 0.003069 0.000049
0.016943 0.000000 0.020264 0.007324 0.188131 0.767338
0.036579 0.002827 0.865957 0.000875 0.093238 0.000524
0.161782 0.006967 0.088410 0.054086 0.659451 0.029304
0.000670 0.072404 0.023199 0.876121 0.012297 0.015309
0.403026 0.447901 0.055420 0.000708 0.090490 0.002455
0.000477 0.020333 0.002804 0.894890 0.032156 0.049340
0.096794 0.173312 0.670389 0.039984 0.016668 0.002852
0.000185 0.978886 0.019251 0.000253 0.001396 0.000030
0.021840 0.000000 0.958911 0.006151 0.013097 0.000000
0.008303 0.004151 0.855443 0.101799 0.020804 0.009499
0.570503 0.280133 0.118957 0.009559 0.018884 0.001964
0.297607 0.113993 0.526052 0.006262 0.056078 0.000009
0.016966 0.003339 0.002337 0.013969 0.936629 0.026758
0.000343 0.972553 0.025495 0.000508 0.000934 0.000165
0.029177 0.000000 0.046442 0.011215 0.194010 0.719156
0.008320 0.000000 0.001789 0.004582 0.183288 0.802022
0.975745 0.005842 0.004613 0.001753 0.010855 0.001194
0.269423 0.000000 0.354901 0.005682 0.367244 0.002749
0.727396 0.107832 0.103805 0.053264 0.007216 0.000487
0.926939 0.024040 0.033954 0.001166 0.013755 0.000146
0.000182 0.979013 0.019118 0.000249 0.001409 0.000029
0.007285 0.000000 0.011257 0.003770 0.719578 0.258110
0.000181 0.979104 0.019020 0.000248 0.001420 0.000028
0.000187 0.978555 0.019628 0.000254 0.001346 0.000029
0.000271 0.970783 0.028306 0.000338 0.000267 0.000036
0.000619 0.097198 0.023323 0.825197 0.043734 0.009929
0.000566 0.047255 0.012704 0.882524 0.024600 0.032351
0.006757 0.751048 0.211724 0.003330 0.023139 0.004003
0.437533 0.336325 0.088096 0.008418 0.126879 0.002749
0.100695 0.000000 0.733897 0.069167 0.044135 0.052106
0.000205 0.977210 0.021105 0.000275 0.001171 0.000034
0.941208 0.018169 0.036855 0.001042 0.002682 0.000043
0.514347 0.009202 0.370498 0.031056 0.071629 0.003267
0.033625 0.003779 0.012562 0.018485 0.905302 0.026247
0.089855 0.815043 0.046362 0.047267 0.000850 0.000623
0.016796 0.943645 0.001682 0.024845 0.011013 0.002018
0.024489 0.000000 0.036406 0.009724 0.191445 0.737937
0.000099 0.988363 0.008512 0.000185 0.002795 0.000045
0.768308 0.043896 0.160207 0.019248 0.002209 0.006132
0.000473 0.019291 0.002394 0.895244 0.032564 0.050033
0.002468 0.000701 0.151496 0.132112 0.676866 0.036357
0.223314 0.110967 -0.000000 0.614929 0.004450 0.046341
0.000049 0.994229 0.001839 0.000149 0.003676 0.000058
0.000251 0.971441 0.027688 0.000304 0.000299 0.000017
0.853689 0.008218 0.130548 0.005709 0.001754 0.000084
0.000254 0.971172 0.027990 0.000307 0.000261 0.000017
0.000052 0.000723 0.004528 0.036345 0.948871 0.009480
0.297509 0.057939 0.439700 0.008077 0.196602 0.000173
0.022771 0.000000 0.963690 0.010267 0.001879 0.001394
0.688005 0.107432 0.185824 0.012840 0.004560 0.001339
0.028550 0.923064 0.009196 0.028168 0.009296 0.001725
0.330707 0.016915 0.638854 0.005126 0.007336 0.001062
0.030220 0.005034 0.543052 0.001078 0.418666 0.001950
0.000325 0.971923 0.026427 0.000463 0.000731 0.000130
0.034587 0.004294 0.801161 0.128325 0.027130 0.004504
0.565207 0.121178 0.263531 0.048299 0.001588 0.000196
0.057986 0.229151 0.482096 0.112755 0.107480 0.010533
0.000212 0.976461 0.021949 0.000281 0.001063 0.000034
0.000182 0.979038 0.019093 0.000248 0.001411 0.000028
0.867279 0.027803 0.060040 0.026774 0.004589 0.013515
0.547172 0.200413 0.206808 0.036200 0.004313 0.005095
0.087685 0.076573 0.690422 0.120297 0.011739 0.013285
0.947102 0.015998 0.032852 0.001123 0.002741 0.000185
0.565707 0.294980 0.108060 0.000652 0.029713 0.000888
0.600991 0.108385 0.227253 0.058161 0.003662 0.001548
0.000049 0.994210 0.001860 0.000149 0.003673 0.000058
0.000096 0.988742 0.008079 0.000183 0.002853 0.000046
0.007456 0.000000 0.895126 0.085159 0.000161 0.012099
0.007416 0.023722 0.389365 0.055525 0.131856 0.392116
0.069597 0.850885 0.034542 0.040557 0.003528 0.000891
0.577971 0.263284 0.104876 0.010572 0.037857 0.005440
0.715431 0.001055 0.237141 0.002680 0.041731 0.001962
0.050874 0.002326 0.891107 0.001330 0.051709 0.002653
0.532978 0.165356 0.231466 0.052915 0.016521 0.000764
0.032257 0.916573 0.011574 0.029210 0.008754 0.001631
0.000634 0.096847 0.024262 0.830005 0.039284 0.008968
0.726592 0.000972 0.234238 0.002711 0.033097 0.002390
0.199258 0.046752 0.039998 0.319925 0.006303 0.387763
0.252302 0.006052 0.537246 0.003696 0.197962 0.002742
0.000141 0.983498 0.014042 0.000216 0.002068 0.000035
0.000558 0.042440 0.011495 0.887210 0.023551 0.034745
0.000770 0.000143 0.980266 0.001668 0.016966 0.000187
0.928763 0.023310 0.033902 0.001161 0.012716 0.000148
0.518876 0.008660 0.387136 0.029959 0.053125 0.002244
0.838348 0.012093 0.122607 0.006415 0.020355 0.000183
0.724367 0.000926 0.252545 0.002514 0.018763 0.000885
0.167092 0.000000 0.703497 0.021779 0.105230 0.002403
0.633654 0.169190 0.145145 0.022261 0.024012 0.005738
0.004220 0.004611 0.047391 0.042472 0.083855 0.817451
0.006892 0.004178 0.963580 0.005263 0.012708 0.007380
0.767528 0.071753 0.108972 0.050491 0.000829 0.000427
0.688547 0.066675 0.226438 0.014518 0.002677 0.001146
0.171915 0.168105 -0.000000 0.637759 0.009377 0.012843
0.000141 0.983492 0.014050 0.000216 0.002066 0.000035
0.000046 0.994600 0.001418 0.000146 0.003732 0.000059
0.111873 0.771097 0.041772 0.069373 0.001906 0.003979
0.489893 0.224367 0.188644 0.059099 0.036473 0.001525
0.000176 0.979481 0.018603 0.000242 0.001470 0.000027
0.010086 0.000000 0.005568 0.005144 0.184061 0.795141
0.006021 0.614107 0.306773 0.003730 0.056549 0.012821
0.000202 0.144366 0.002239 0.635101 0.194374 0.023718
0.000574 0.046863 0.013179 0.885405 0.022072 0.031906
0.002126 0.641766 0.088364 0.001998 0.254138 0.011606
0.000192 0.978153 0.020074 0.000259 0.001291 0.000030
0.000154 0.981970 0.015781 0.000225 0.001838 0.000031
0.000735 0.094154 0.030541 0.862828 0.009096 0.002646
0.271152 0.411844 0.310283 0.006582 0.000000 0.000139
0.000278 0.973142 0.025372 0.000381 0.000745 0.000081
0.000234 0.975668 0.022709 0.000318 0.001017 0.000054
0.764545 0.019835 0.134347 0.022511 0.058492 0.000270
0.048439 0.211608 0.576460 0.128190 0.015407 0.019896
0.000725 0.095196 0.030051 0.858541 0.012524 0.002963
0.000187 0.145788 0.001447 0.628672 0.199582 0.024324
0.624239 0.240504 0.125375 0.000640 0.008808 0.000434
0.544587 0.008060 0.349147 0.033978 0.058060 0.006167
0.021977 0.000000 0.957730 0.006222 0.014070 0.000000
0.971136 0.007472 0.009330 0.001645 0.009394 0.001024
0.069450 0.851151 0.034472 0.040494 0.003544 0.000889
0.002310 0.007289 0.016240 0.969292 0.004726 0.000143
0.000046 0.994621 0.001394 0.000146 0.003735 0.000059
0.664957 0.079962 0.150268 0.003898 0.100870 0.000046
0.000306 0.971645 0.026940 0.000420 0.000590 0.000099
0.000604 0.089838 0.021342 0.831877 0.042677 0.013663
0.000553 0.111461 0.020970 0.785323 0.072144 0.009549
0.002585 0.014557 0.062713 0.916779 0.003271 0.000095
0.044654 0.012749 0.898777 0.019546 0.023317 0.000956
0.240067 0.241321 0.507310 0.010973 0.000006 0.000323
0.000000 0.014586 0.004407 0.000000 0.974170 0.006837
0.000253 0.971008 0.028194 0.000304 0.000227 0.000014
0.866772 0.024054 0.042216 0.006548 0.060094 0.000316
0.946987 0.016118 0.031347 0.001161 0.004150 0.000238
0.374311 0.360258 0.070208 0.008071 0.183311 0.003841
0.640110 0.137967 0.197518 0.011591 0.012326 0.000488
0.023422 0.000000 0.043855 0.008983 0.638659 0.285081
0.957019 0.012475 0.023353 0.001330 0.005302 0.000521
0.002576 0.000000 0.006749 0.631664 0.276366 0.082645
0.000207 0.976933 0.021421 0.000276 0.001130 0.000034
0.002191 0.000000 0.000818 0.002131 0.738252 0.256608
0.017753 0.941970 0.002295 0.025114 0.010873 0.001994
0.021091 0.003448 0.004871 0.015086 0.928877 0.026626
0.095222 0.177869 0.660186 0.039683 0.024174 0.002865
0.810878 0.013864 0.149777 0.020692 0.004675 0.000115
0.000672 0.073932 0.023557 0.874510 0.012741 0.014589
0.001134 0.958685 0.036907 0.002028 0.000957 0.000289
0.021271 0.000000 0.039759 0.008278 0.661075 0.269617
0.585714 0.175459 0.183000 0.041873 0.004646 0.009309
0.494839 0.000000 0.235048 0.012349 0.237414 0.020351
0.000000 0.093964 0.815481 0.072771 0.007864 0.009920
0.000052 0.993911 0.002201 0.000151 0.003628 0.000057
0.847020 0.056811 0.019771 0.001818 0.073927 0.000653
0.545659 0.149814 0.240438 0.051857 0.011591 0.000641
0.197372 0.504039 0.240000 0.023413 0.027427 0.007750
0.000046 0.994592 0.001427 0.000146 0.003731 0.000059
0.000217 0.142933 0.003035 0.641572 0.189132 0.023111
0.685565 0.066025 0.231102 0.014154 0.002332 0.000823
0.697740 0.069963 0.162594 0.003801 0.065867 0.000035
0.000042 0.995014 0.000946 0.000144 0.003794 0.000060
0.958449 0.011957 0.022174 0.001355 0.005501 0.000563
0.062302 0.270654 -0.000000 0.577497 0.041964 0.047583
0.102990 0.789112 0.044620 0.059608 0.001253 0.002417
0.006523 0.610119 0.332740 0.003972 0.033168 0.013479
0.634563 0.089305 0.136527 0.004028 0.135516 0.000060
0.205211 0.033930 0.728983 0.011600 0.013836 0.006440
0.045243 0.241173 0.518007 0.127366 0.045624 0.022587
0.594605 0.101609 0.117974 0.004209 0.181524 0.000079
0.909795 0.031064 0.031060 0.001301 0.026531 0.000248
0.000785 0.000166 0.968523 0.001801 0.028451 0.000275
0.666513 0.101922 0.202450 0.016868 0.009810 0.002438
0.697491 0.070043 0.162360 0.003804 0.066266 0.000035
0.000720 0.085536 0.028375 0.871341 0.007195 0.006833
0.642407 0.086914 0.139436 0.004005 0.127181 0.000057
0.756048 0.084898 0.126083 0.017122 0.011716 0.004133
0.000043 0.994968 0.000998 0.000144 0.003787 0.000060
0.004978 0.000000 0.006532 0.003028 0.728143 0.257319
0.000471 0.018802 0.002201 0.895411 0.032757 0.050358
0.000260 0.970948 0.028203 0.000317 0.000248 0.000023
0.966283 0.009189 0.014245 0.001533 0.007903 0.000847
0.253032 0.260852 0.471559 0.012847 0.000031 0.001679
0.203944 0.092312 0.185845 0.264591 0.001590 0.251719
0.002307 0.192003 0.004600 0.520604 0.269176 0.011310
0.004793 0.003750 0.921779 0.004123 0.054636 0.010918
0.011094 0.681495 0.275672 0.005584 0.010506 0.015648
0.296384 0.000000 0.316733 0.177030 0.001725 0.208128
0.000168 0.980433 0.017523 0.000236 0.001611 0.000029
0.000000 0.041840 0.869492 0.000000 0.079826 0.008842
0.944556 0.017058 0.032087 0.001151 0.004936 0.000212
0.973475 0.006645 0.006937 0.001700 0.010134 0.001110
0.437771 0.058248 0.498517 0.002012 0.002840 0.000613
0.088484 0.817343 0.045124 0.047185 0.001130 0.000733
0.510375 0.195706 0.210212 0.055904 0.026673 0.001130
0.033559 0.018511 0.862183 0.014542 0.070891 0.000314
0.000172 0.979910 0.018122 0.000238 0.001531 0.000027
0.000165 0.980717 0.017207 0.000233 0.001650 0.000028
0.139474 0.033187 0.000000 0.734134 0.006098 0.087106
0.703822 0.184781 0.096074 0.000862 0.011153 0.003308
0.569135 0.282409 0.120602 0.009430 0.016889 0.001536
0.003775 0.000000 0.004067 0.002640 0.732556 0.256962
0.148125 0.176643 0.228795 0.075549 0.350866 0.020022
0.000050 0.994143 0.001937 0.000149 0.003663 0.000058
0.000199 0.978084 0.020097 0.000273 0.001309 0.000039
0.000213 0.977678 0.020456 0.000298 0.001300 0.000054
0.270752 0.050651 0.337487 0.007768 0.326828 0.006514
0.950685 0.014744 0.029051 0.001207 0.003995 0.000319
0.000588 0.054587 0.015233 0.878378 0.023265 0.027949
0.442528 0.059042 0.490026 0.002085 0.005179 0.001140
0.073554 0.843734 0.036319 0.042319 0.003125 0.000949
0.071081 0.000000 0.139088 0.024427 0.355786 0.409618
0.801397 0.040876 0.119646 0.004929 0.033003 0.000150
0.700232 0.001213 0.228827 0.002769 0.064596 0.002362
0.000042 0.995061 0.000892 0.000143 0.003801 0.000060
0.000520 0.032098 0.007422 0.890800 0.027599 0.041560
0.000184 0.978835 0.019320 0.000250 0.001382 0.000028
0.000735 0.094228 0.030540 0.862672 0.009193 0.002631
0.348179 0.077745 0.556078 0.006951 0.011031 0.000015
0.246970 0.072715 0.068553 0.349721 0.004762 0.257279
0.000256 0.971028 0.028140 0.000311 0.000246 0.000019
0.173369 0.000000 0.720052 0.022310 0.081621 0.002649
0.047629 0.850324 0.028497 0.038815 0.032753 0.001982
0.000650 0.081817 0.023196 0.856580 0.024445 0.013312
0.000777 0.000178 0.962364 0.001819 0.034585 0.000276
0.754893 0.035650 0.132378 0.005605 0.044058 0.027416
0.182514 0.019821 0.000000 0.764452 0.009804 0.023409
0.846647 0.010839 0.119856 0.006421 0.016017 0.000220
0.000054 0.993670 0.002476 0.000152 0.003592 0.000057
0.041178 0.249582 0.556210 0.106499 0.038435 0.008097
0.010926 0.031799 0.682528 0.070805 0.036040 0.167901
0.000659 0.101684 0.026635 0.830250 0.035425 0.005346
0.000070 0.991746 0.004665 0.000164 0.003303 0.000053
0.946301 0.016316 0.032923 0.001124 0.003154 0.000182
0.181117 0.593530 0.121163 0.091960 0.007298 0.004932
0.000235 0.973401 0.025451 0.000294 0.000595 0.000023
0.678822 0.075692 0.156796 0.003834 0.084818 0.000039
0.730317 0.044329 0.025164 0.013814 0.184939 0.001438
0.000234 0.973082 0.025850 0.000288 0.000529 0.000017
0.039396 0.003934 0.691148 0.169933 0.071380 0.024208
0.000589 0.107781 0.022823 0.801028 0.059511 0.008268
0.602433 0.261192 0.117796 0.000649 0.017252 0.000677
0.877220 0.006961 0.103508 0.006789 0.005083 0.000438
0.002780 0.000000 0.002026 0.002320 0.736172 0.256702
0.575038 0.279658 0.121676 0.009498 0.012563 0.001567
0.133396 0.670475 0.128878 0.059147 0.006864 0.001241
0.000049 0.994192 0.001881 0.000149 0.003671 0.000058
0.000195 0.977745 0.020544 0.000261 0.001227 0.000028
0.000237 0.973846 0.024897 0.000303 0.000686 0.000032
0.965503 0.009465 0.015024 0.001516 0.007674 0.000819
0.000471 0.018699 0.002161 0.895446 0.032797 0.050427
0.723454 0.111829 0.102043 0.054058 0.008074 0.000541
0.581637 0.269447 0.114632 0.010069 0.020779 0.003436
0.000166 0.980622 0.017311 0.000234 0.001638 0.000029
0.435140 0.072228 0.452672 0.010349 0.029562 0.000049
0.001202 0.066690 0.012261 0.881909 0.037847 0.000091
0.007332 0.150339 0.059148 0.693414 0.085683 0.004084
0.452526 0.109643 0.403608 0.025915 0.007562 0.000746
0.000177 0.979421 0.018666 0.000244 0.001463 0.000028
0.027940 0.005346 0.619045 0.119548 0.220514 0.007608
0.929027 0.023205 0.033886 0.001161 0.012573 0.000148
0.008908 0.000000 0.003048 0.004769 0.183549 0.799727
0.537112 0.007891 0.378527 0.031390 0.041401 0.003678
0.162974 0.075847 0.000000 0.702709 0.004119 0.054351
0.186450 0.125229 0.000000 0.665982 0.002770 0.019569
0.002193 0.000000 0.000823 0.002131 0.738243 0.256609
0.000324 0.971916 0.026449 0.000460 0.000723 0.000128
0.232379 0.141861 0.488813 0.126951 0.009995 0.000000
0.000647 0.085126 0.023465 0.850882 0.027566 0.012315
0.944841 0.016752 0.036012 0.001051 0.001272 0.000073
0.492942 0.296500 0.099716 0.015466 0.092614 0.002762
0.000217 0.974734 0.023999 0.000272 0.000762 0.000016
0.000498 0.975389 0.020635 0.000859 0.002193 0.000426
0.008356 0.564746 0.262895 0.006214 0.104219 0.053570
0.021402 0.000000 0.040042 0.008320 0.661301 0.268935
0.000939 0.150580 -0.000000 0.067875 0.323404 0.457202
0.690896 0.194345 0.099362 0.000833 0.011627 0.002938
0.756053 0.084884 0.126102 0.017121 0.011707 0.004132
0.000165 0.980762 0.017149 0.000234 0.001660 0.000030
0.000175 0.979620 0.018446 0.000241 0.001490 0.000027
0.000260 0.970921 0.028239 0.000316 0.000241 0.000022
0.677129 0.081793 0.218603 0.015338 0.005612 0.001525
0.005947 0.000000 0.944880 0.046463 0.000031 0.002679
0.126919 0.006246 0.069815 0.043784 0.729815 0.023421
0.000260 0.138740 0.005372 0.660532 0.173764 0.021331
0.024955 0.000000 0.955572 0.012056 0.004536 0.002881
0.000160 0.981439 0.016376 0.000230 0.001763 0.000031
0.000691 0.089866 0.027053 0.856616 0.018405 0.007369
0.000061 0.992848 0.003411 0.000157 0.003468 0.000055
0.000105 0.987740 0.009219 0.000190 0.002703 0.000044
0.458837 0.327464 0.093204 0.008591 0.109318 0.002586
0.116516 0.005962 0.063307 0.041000 0.749172 0.024043
0.003106 0.719079 0.274906 0.002525 0.000285 0.000099
0.000263 0.973197 0.025443 0.000350 0.000686 0.000060
0.079181 0.833511 0.038667 0.044977 0.002593 0.001071
0.035701 0.012186 0.930174 0.013606 0.008100 0.000232
0.410190 0.145195 0.342260 0.027262 0.072626 0.002468
0.016961 0.042248 0.763324 0.177295 0.000000 0.000172
0.946227 0.016501 0.029728 0.001205 0.006044 0.000295
0.000318 0.133294 0.008447 0.685314 0.153637 0.018990
0.000075 0.991158 0.005333 0.000168 0.003214 0.000051
0.000613 0.058964 0.017535 0.879341 0.019097 0.024449
0.000591 0.051240 0.014946 0.884055 0.020176 0.028991
0.600826 0.108463 0.227384 0.058123 0.003661 0.001542
0.112304 0.711609 0.112728 0.051257 0.011229 0.000873
0.002455 0.000700 0.150890 0.131475 0.678551 0.035929
0.000175 0.979637 0.018426 0.000241 0.001493 0.000027
0.004716 0.815330 0.128255 0.002909 0.042214 0.006575
0.004177 0.000000 0.015392 0.732075 0.189510 0.058845
0.948569 0.015436 0.032289 0.001132 0.002370 0.000204
0.016321 0.003322 0.001941 0.013795 0.937841 0.026780
0.082793 0.189971 0.585949 0.120527 0.013290 0.007470
0.000272 0.970943 0.028102 0.000342 0.000301 0.000040
0.926789 0.024104 0.033868 0.001169 0.013920 0.000149
0.264877 0.006990 0.113846 0.093512 0.400997 0.119777
0.227305 0.301882 0.458285 0.011558 0.000056 0.000914
0.000042 0.995078 0.000873 0.000143 0.003804 0.000060
0.000661 0.100263 0.026569 0.832920 0.033872 0.005715
0.000529 0.034594 0.008395 0.889893 0.026665 0.039923
0.020079 0.000000 0.037496 0.007887 0.673850 0.260688
0.301526 0.228476 0.281747 0.103320 0.081275 0.003656
0.089433 0.197729 0.610478 0.039357 0.058968 0.004035
0.378065 0.168294 0.019690 0.005168 0.428603 0.000180
0.017361 0.007131 0.274176 0.113524 0.570320 0.017487
0.004322 0.000577 0.177787 0.249932 0.363404 0.203977
0.000046 0.994605 0.001412 0.000146 0.003733 0.000059
0.000043 0.994953 0.001015 0.000144 0.003785 0.000060
0.022168 0.003477 0.005538 0.015377 0.926860 0.026580
0.000300 0.971389 0.027304 0.000405 0.000515 0.000087
0.000144 0.983144 0.014443 0.000219 0.002015 0.000034
0.000200 0.144544 0.002139 0.634293 0.195029 0.023795
0.862614 0.007744 0.120268 0.006119 0.003037 0.000218
0.171826 0.018466 0.000000 0.755984 0.017384 0.036339
0.000337 0.131494 0.009484 0.693592 0.146897 0.018196
0.003635 0.000000 0.169180 0.784345 0.016412 0.026429
0.000042 0.995033 0.000925 0.000144 0.003797 0.000060
0.020897 0.000000 0.958918 0.005742 0.014444 0.000000
0.000165 0.980715 0.017204 0.000234 0.001652 0.000029
0.002930 0.031239 0.134545 0.827232 0.004036 0.000017
0.000044 0.994837 0.001148 0.000145 0.003768 0.000060
0.941842 0.017943 0.036284 0.001054 0.002813 0.000064
0.374389 0.169428 0.018024 0.005184 0.432794 0.000182
0.000272 0.970807 0.028266 0.000341 0.000276 0.000038
0.003688 0.567656 0.422999 0.003378 0.001851 0.000428
0.167123 0.173265 -0.000000 0.634706 0.010847 0.014060
0.194625 0.074740 0.224305 0.007533 0.498436 0.000361
0.959669 0.011534 0.020781 0.001387 0.006015 0.000613
0.727389 0.094951 0.150100 0.015379 0.009186 0.002996
0.000253 0.971337 0.027791 0.000308 0.000291 0.000019
0.000236 0.975040 0.023451 0.000315 0.000909 0.000048
0.003007 0.000762 0.184393 0.156045 0.613870 0.041923
0.959598 0.011559 0.020857 0.001385 0.005991 0.000610
0.000195 0.977994 0.020241 0.000264 0.001275 0.000032
0.326977 0.024416 0.070884 0.046545 0.514046 0.017132
0.000180 0.979182 0.018936 0.000246 0.001429 0.000027
0.000521 0.114098 0.019234 0.772289 0.082936 0.010922
0.000844 0.001417 0.222552 0.256587 0.466142 0.052458
0.184177 0.517604 0.262826 0.019880 0.012544 0.002970
0.000270 0.971088 0.027941 0.000340 0.000321 0.000040
0.000575 0.049503 0.013615 0.881846 0.023613 0.030849
0.022338 0.003481 0.005637 0.015424 0.926532 0.026588
0.003720 0.000000 0.175558 0.782485 0.014447 0.023790
0.003686 0.589552 0.398177 0.003555 0.004371 0.000659
0.066762 0.000000 0.930131 0.002500 0.000502 0.000105
0.947578 0.015818 0.032624 0.001127 0.002661 0.000193
0.435146 0.074085 0.460116 0.002251 0.026242 0.002161
0.000043 0.994916 0.001057 0.000144 0.003780 0.000060
0.011417 0.000000 0.008418 0.005567 0.184726 0.789873
0.167629 0.439250 0.012601 0.006897 0.366387 0.007236
0.546923 0.288437 0.028869 0.087579 0.045431 0.002762
0.762370 0.056162 0.051887 0.105583 0.015982 0.008017
0.000212 0.976633 0.021734 0.000284 0.001099 0.000037
0.042443 0.159272 0.746523 0.011944 0.036756 0.003062
0.021625 0.000000 0.031000 0.008782 0.222733 0.715860
0.754535 0.052814 0.178574 0.003728 0.010323 0.000027
0.000130 0.984796 0.012566 0.000208 0.002262 0.000038
0.000398 0.001343 0.148813 0.113574 0.727769 0.008102
0.970055 0.007854 0.010432 0.001620 0.009055 0.000984
0.128613 0.057094 0.613402 0.164224 0.003175 0.033492
0.000210 0.976543 0.021864 0.000279 0.001072 0.000033
0.049870 0.885722 0.022847 0.034186 0.006185 0.001190
0.000242 0.971973 0.027118 0.000293 0.000360 0.000013
0.328800 0.016975 0.641155 0.005067 0.007078 0.000925
0.000227 0.975528 0.022939 0.000303 0.000960 0.000043
0.135012 0.066605 0.694637 0.014859 0.080708 0.008179
0.000269 0.972207 0.026597 0.000350 0.000524 0.000054
0.082579 0.827112 0.039296 0.047252 0.002452 0.001309
0.941574 0.018073 0.035816 0.001067 0.003390 0.000080
0.000268 0.970764 0.028350 0.000333 0.000252 0.000033
0.025285 0.000000 0.919574 0.008050 0.047090 0.000001
0.681617 0.077766 0.218888 0.015256 0.004921 0.001552
0.961778 0.010784 0.018750 0.001432 0.006570 0.000686
0.000472 0.018930 0.002252 0.895367 0.032706 0.050273
0.949677 0.015056 0.030953 0.001162 0.002900 0.000252
0.006712 0.602923 0.312155 0.004314 0.053210 0.020685
0.181601 0.039908 0.735632 0.009874 0.030911 0.002075
0.133722 0.068399 0.686957 0.014885 0.087671 0.008367
0.743228 0.056113 0.179125 0.003677 0.017836 0.000022
0.428196 0.079248 0.455779 0.002253 0.032419 0.002106
0.934515 0.020925 0.035463 0.001101 0.007903 0.000092
0.000181 0.979189 0.018920 0.000248 0.001434 0.000029
0.021290 0.003454 0.004995 0.015140 0.928505 0.026617
0.737322 0.098490 0.106241 0.052096 0.005423 0.000428
0.181029 0.042440 0.720583 0.010146 0.043042 0.002760
0.000592 0.107052 0.022923 0.802978 0.058145 0.008310
0.453412 0.000000 0.178498 0.023602 0.178206 0.166282
0.450707 0.331077 0.091523 0.008509 0.115595 0.002588
0.008167 0.000000 0.013063 0.004054 0.716295 0.258421
0.147211 0.053584 0.742303 0.015249 0.032617 0.009037
0.190360 0.022459 -0.000000 0.767303 0.011211 0.008667
0.009573 0.679667 0.297553 0.004263 0.004067 0.004877
0.943934 0.017077 0.036809 0.001034 0.001101 0.000045
0.264991 0.005679 0.580473 0.003687 0.143089 0.002082
0.000591 0.977144 0.017638 0.001072 0.002970 0.000585
0.000178 0.979388 0.018700 0.000245 0.001461 0.000028
0.000202 0.977340 0.020968 0.000271 0.001185 0.000033
0.532501 0.165828 0.231350 0.052909 0.016649 0.000763
0.320031 0.000000 0.640984 0.010577 0.024233 0.004174
0.287665 0.411898 0.292311 0.007565 0.000000 0.000561
0.000051 0.993924 0.002186 0.000150 0.003630 0.000058
0.934676 0.020857 0.035530 0.001099 0.007748 0.000090
0.007098 0.742582 0.221821 0.003447 0.020899 0.004153
0.000780 0.000164 0.969547 0.001778 0.027473 0.000258
0.000043 0.994914 0.001059 0.000144 0.003779 0.000060
0.000196 0.977579 0.020731 0.000262 0.001203 0.000028
0.866436 0.007718 0.114387 0.006376 0.004787 0.000295
0.240281 0.495803 0.256872 0.006658 0.000000 0.000387
0.471349 0.000000 0.467886 0.006032 0.052683 0.002050
0.583062 0.114457 0.246109 0.053074 0.002447 0.000851
0.936124 0.020369 0.033622 0.001142 0.008586 0.000157
0.000507 0.975543 0.020362 0.000880 0.002266 0.000442
0.000152 0.982262 0.015445 0.000224 0.001884 0.000033
0.543129 0.197020 0.219879 0.034198 0.002272 0.003503
0.002289 0.006719 0.012587 0.973418 0.004841 0.000147
0.000249 0.971542 0.027578 0.000303 0.000311 0.000017
0.083153 0.826188 0.039953 0.047169 0.002303 0.001234
0.000602 0.054585 0.016141 0.882336 0.019396 0.026940
0.000743 0.092889 0.030897 0.866997 0.005951 0.002523
0.882459 0.000340 0.042173 0.004820 0.049532 0.020676
0.965193 0.009572 0.015398 0.001507 0.007524 0.000806
0.722218 0.052631 0.204957 0.015948 0.001407 0.002838
0.042088 0.166168 0.732675 0.012086 0.043634 0.003349
0.000257 0.970571 0.028684 0.000308 0.000165 0.000014
0.000341 0.000396 0.004592 0.044369 0.907077 0.043226
0.432802 0.067320 0.481171 0.002106 0.015420 0.001181
0.445656 0.333287 0.090437 0.008460 0.119560 0.002599
0.065170 0.000000 0.932332 0.002314 0.000137 0.000047
0.001442 0.645005 0.041478 0.001765 0.296968 0.013343
0.009021 0.004046 0.763324 0.124904 0.058241 0.040463
0.875923 0.044956 0.025018 0.001578 0.052062 0.000464
0.000727 0.090506 0.029492 0.865864 0.008851 0.004560
0.011764 0.375485 0.438879 0.009337 0.150085 0.014450
0.926211 0.024336 0.033879 0.001171 0.014254 0.000148
0.663986 0.116681 0.204209 0.011494 0.003173 0.000456
0.255908 0.135161 0.084524 0.367140 0.022959 0.134307
0.000250 0.970923 0.028322 0.000297 0.000199 0.000009
0.946529 0.016182 0.033794 0.001101 0.002243 0.000151
0.000042 0.995053 0.000901 0.000143 0.003800 0.000060
0.657878 0.121994 0.202772 0.011503 0.005399 0.000454
0.012498 0.099705 0.880088 0.004722 0.002341 0.000646
0.041617 0.002462 0.904573 0.000996 0.049304 0.001048
0.000472 0.019043 0.002296 0.895328 0.032662 0.050199
0.000636 0.099797 0.024851 0.826431 0.040583 0.007701
0.141245 0.060811 0.713530 0.015196 0.060022 0.009195
0.684990 0.073797 0.159558 0.003808 0.077811 0.000036
0.324066 0.053904 0.473945 0.008508 0.139388 0.000189
0.397313 0.162361 0.028419 0.005081 0.406655 0.000171
0.079938 0.832996 0.041996 0.042775 0.001837 0.000457
0.002593 0.688031 0.292485 0.002749 0.013705 0.000436
0.000564 0.044087 0.012135 0.886595 0.022946 0.033673
0.002203 0.000000 0.000842 0.002134 0.738209 0.256612
0.003240 0.000000 0.002970 0.002468 0.734452 0.256869
0.000162 0.981107 0.016763 0.000231 0.001709 0.000029
0.000171 0.980028 0.017983 0.000239 0.001551 0.000028
0.086847 0.210719 0.572019 0.040259 0.084094 0.006062
0.077932 0.836429 0.040417 0.042458 0.002195 0.000569
0.000045 0.994660 0.001349 0.000146 0.003741 0.000059
0.000916 0.000478 0.044289 0.068135 0.844723 0.041459
0.440337 0.059160 0.492657 0.002060 0.004835 0.000952
0.000042 0.994983 0.000982 0.000144 0.003790 0.000060
0.196424 0.140202 -0.000000 0.654356 0.001755 0.007264
0.001569 0.000000 0.001286 0.568065 0.331176 0.097905
0.000061 0.992824 0.003438 0.000157 0.003465 0.000055
0.038449 0.002287 0.944059 0.000837 0.014136 0.000233
0.003297 0.000000 0.003088 0.002486 0.734347 0.256782
0.092320 0.066526 0.742353 0.094172 0.001796 0.002833
0.025137 0.000000 0.940544 0.007769 0.026549 0.000001
0.000490 0.000417 0.014974 0.050537 0.890898 0.042683
0.290898 0.058933 0.432093 0.007957 0.209952 0.000166
0.145226 0.643400 0.148885 0.059875 0.001872 0.000742
0.005756 0.010757 0.193134 0.048929 0.071496 0.669927
0.024055 0.000000 0.044833 0.009199 0.621442 0.300471
0.000238 0.972551 0.026460 0.000290 0.000447 0.000015
0.008485 0.000000 0.013733 0.004156 0.715891 0.257735
0.000083 0.990209 0.006413 0.000174 0.003072 0.000049
0.000042 0.995080 0.000871 0.000143 0.003804 0.000060
0.525044 0.300210 0.109407 0.009108 0.054223 0.002009
0.000234 0.974877 0.023669 0.000309 0.000868 0.000043
0.000042 0.995022 0.000937 0.000144 0.003796 0.000060
0.000197 0.144867 0.001960 0.632834 0.196210 0.023932
0.017029 0.047552 0.748244 0.186940 0.000000 0.000235
0.000225 0.975138 0.023435 0.000293 0.000875 0.000034
0.933506 0.021410 0.033816 0.001147 0.009970 0.000151
0.812820 0.013666 0.144814 0.021299 0.007203 0.000198
0.533094 0.165081 0.231809 0.052852 0.016408 0.000756
0.000257 0.971027 0.028137 0.000312 0.000248 0.000020
0.000525 0.975966 0.019683 0.000922 0.002431 0.000473
0.000044 0.994773 0.001221 0.000145 0.003758 0.000059
0.710119 0.066285 0.164129 0.003818 0.055612 0.000037
0.183156 0.626460 0.019007 0.147672 0.007188 0.016517
0.452542 0.056952 0.482112 0.002174 0.004393 0.001826
0.102546 0.073717 0.686902 0.119309 0.004230 0.013297
0.010471 0.010442 0.839233 0.113842 0.013018 0.012994
0.000641 0.066442 0.020432 0.876451 0.016397 0.019638
0.000301 0.134857 0.007510 0.677965 0.159645 0.019721
0.000620 0.104753 0.024457 0.814420 0.048651 0.007099
0.934185 0.021152 0.033516 0.001152 0.009834 0.000161
0.190638 0.149995 0.000000 0.648209 0.003806 0.007351
0.000192 0.145299 0.001720 0.630884 0.197789 0.024116
0.343141 0.000000 0.558815 0.012854 0.052454 0.032735
0.000096 0.988782 0.008036 0.000182 0.002858 0.000046
0.034803 0.307826 0.442500 0.104331 0.097542 0.012998
0.000045 0.994680 0.001326 0.000146 0.003744 0.000059
0.000259 0.971319 0.027759 0.000320 0.000315 0.000028
0.470367 0.282005 0.198084 0.032412 0.014304 0.002828
0.002767 0.019250 0.092594 0.882972 0.002352 0.000065
0.210366 0.573729 0.208665 0.006655 0.000000 0.000584
0.306329 0.021443 0.652804 0.004230 0.014782 0.000412
0.000586 0.108346 0.022707 0.799347 0.060736 0.008279
0.782884 0.000685 0.181638 0.003282 0.023906 0.007605
0.000488 0.023281 0.003963 0.893879 0.031004 0.047385
0.069631 0.095981 0.721677 0.089115 0.017953 0.005643
0.636480 0.145577 0.187471 0.012123 0.017526 0.000822
0.805378 0.014699 0.134521 0.022543 0.022510 0.000349
0.000302 0.134747 0.007608 0.678620 0.159088 0.019634
0.011061 0.000000 0.019016 0.004985 0.706723 0.258215
0.553271 0.291266 0.119407 0.009144 0.025836 0.001076
0.945483 0.016552 0.034820 0.001079 0.001952 0.000115
0.000135 0.984198 0.013248 0.000211 0.002171 0.000036
0.089743 0.202291 0.590925 0.040806 0.070207 0.006029
0.923264 0.025533 0.033599 0.001189 0.016257 0.000158
0.151720 0.638638 0.132205 0.069621 0.005564 0.002252
0.145448 0.026137 0.019456 0.258832 0.002907 0.547220
0.024340 0.000000 0.045267 0.009297 0.613329 0.307768
0.000094 0.989037 0.007745 0.000181 0.002896 0.000047
0.128540 0.737252 0.036305 0.087800 0.003165 0.006938
0.355243 0.010840 0.189630 0.111886 0.265553 0.066849
