0.274213 0.001321 0.724466
0.069395 0.010490 0.920115
0.006013 0.152175 0.841812
0.023457 0.012752 0.963790
0.046436 0.017548 0.936016
0.367238 0.000428 0.632334
0.207823 0.000202 0.791974
0.024236 0.002505 0.973259
0.986415 0.000000 0.013585
0.005044 0.317461 0.677495
0.000000 0.995536 0.004464
0.007839 0.024991 0.967170
0.000000 0.359712 0.640288
0.014117 0.016219 0.969664
0.000110 0.732404 0.267485
0.095310 0.008250 0.896441
0.000128 0.669720 0.330152
0.168686 0.008464 0.822850
0.224609 0.003678 0.771713
0.000007 0.223897 0.776097
0.000152 0.972327 0.027521
0.131471 0.014807 0.853722
0.000562 0.176035 0.823403
0.000078 0.240535 0.759387
0.306737 0.016772 0.676491
0.080088 0.015382 0.904531
0.000008 0.160241 0.839751
0.724797 0.000125 0.275078
0.006925 0.040659 0.952416
0.000000 0.808468 0.191532
0.918045 0.000032 0.081923
0.000013 0.277722 0.722265
0.084896 0.008980 0.906124
0.079370 0.018716 0.901913
0.000017 0.294909 0.705073
0.996050 0.000038 0.003912
0.137356 0.012624 0.850020
0.057813 0.012790 0.929397
0.006201 0.010861 0.982938
0.188082 0.008427 0.803491
0.000007 0.602850 0.397143
0.000165 0.358520 0.641316
0.617026 0.000009 0.382964
0.000258 0.160304 0.839438
0.536754 0.000623 0.462623
0.000000 0.999376 0.000624
0.010355 0.016540 0.973105
0.272651 0.002574 0.724775
0.029616 0.079035 0.891348
0.000000 0.655507 0.344493
0.060905 0.002485 0.936610
0.008813 0.011568 0.979619
0.925530 0.000008 0.074463
0.171731 0.010744 0.817525
0.099696 0.003137 0.897167
0.000000 0.997249 0.002751
0.874688 0.002757 0.122555
0.000163 0.981378 0.018459
0.074063 0.082309 0.843627
0.807660 0.000011 0.192329
0.011233 0.055849 0.932918
0.041710 0.009682 0.948608
0.005034 0.009816 0.985150
0.205859 0.005108 0.789032
0.000013 0.572598 0.427389
0.262333 0.001110 0.736557
0.001435 0.196663 0.801902
0.000038 0.085864 0.914099
0.006502 0.420670 0.572828
0.991019 0.000000 0.008981
0.185463 0.002542 0.811994
0.992276 0.000000 0.007724
0.063832 0.006710 0.929457
0.548077 0.000215 0.451708
0.683477 0.000194 0.316329
0.000000 0.821261 0.178738
0.000227 0.285973 0.713801
0.000241 0.048019 0.951740
0.001049 0.159442 0.839509
0.001716 0.103899 0.894384
0.000014 0.334613 0.665373
0.024077 0.006251 0.969672
0.000008 0.484153 0.515839
0.205186 0.005502 0.789313
0.004896 0.832183 0.162921
0.011923 0.002973 0.985104
0.170619 0.001810 0.827571
0.003876 0.013377 0.982747
0.000011 0.627423 0.372566
0.833358 0.000038 0.166603
0.004517 0.106117 0.889366
0.003114 0.036326 0.960561
0.138647 0.007365 0.853988
0.075678 0.033241 0.891081
0.000156 0.980230 0.019614
0.010779 0.018485 0.970737
0.000000 0.999950 0.000050
0.147708 0.006230 0.846062
0.433837 0.000589 0.565574
0.034091 0.020250 0.945659
0.073672 0.003610 0.922718
0.103832 0.000575 0.895593
0.080884 0.031786 0.887330
0.345496 0.000026 0.654478
0.000000 0.983581 0.016419
0.142220 0.039030 0.818750
0.038710 0.035589 0.925701
0.737416 0.001283 0.261301
0.151279 0.000447 0.848273
0.342996 0.000025 0.656979
0.000284 0.950411 0.049305
0.010882 0.015043 0.974075
0.000000 0.997603 0.002397
0.987299 0.000024 0.012677
0.897877 0.000015 0.102108
0.001876 0.447582 0.550542
0.100806 0.005403 0.893791
0.005335 0.005518 0.989147
0.761302 0.001154 0.237545
0.104157 0.002208 0.893636
0.000130 0.984017 0.015853
0.000000 0.986485 0.013515
0.234531 0.000592 0.764877
0.137879 0.003458 0.858663
0.004321 0.077811 0.917868
0.519753 0.000353 0.479894
0.312417 0.000555 0.687028
0.035777 0.037231 0.926992
0.965489 0.000079 0.034432
0.218794 0.007389 0.773816
0.102587 0.047556 0.849857
0.015630 0.091374 0.892996
0.054279 0.016319 0.929401
0.000048 0.352337 0.647615
0.661639 0.000390 0.337971
0.838052 0.000039 0.161909
0.889915 0.000022 0.110063
0.017628 0.094474 0.887898
0.044155 0.033796 0.922049
0.062150 0.046265 0.891584
0.719059 0.021184 0.259756
0.067034 0.003821 0.929145
0.769711 0.000073 0.230215
0.006188 0.006602 0.987210
0.186185 0.008674 0.805141
0.992732 0.000097 0.007171
0.344737 0.001485 0.653778
0.000582 0.071418 0.928000
0.053852 0.003670 0.942479
0.026812 0.037573 0.935616
0.000047 0.649737 0.350216
0.466692 0.000673 0.532635
0.069154 0.026877 0.903969
0.102497 0.001467 0.896035
0.332248 0.001751 0.666002
0.021696 0.050742 0.927562
0.001026 0.110094 0.888880
0.000056 0.178834 0.821110
0.028268 0.017709 0.954022
0.444169 0.003638 0.552193
0.965103 0.000001 0.034896
0.000864 0.292131 0.707006
0.230379 0.013616 0.756005
0.010974 0.015697 0.973329
0.352554 0.001646 0.645800
0.828905 0.000299 0.170795
0.150107 0.014582 0.835311
0.056775 0.013869 0.929356
0.053690 0.007480 0.938829
0.012605 0.045651 0.941744
0.035219 0.914202 0.050579
0.657857 0.000520 0.341624
0.534409 0.000565 0.465025
0.428648 0.000711 0.570641
0.102550 0.018992 0.878458
0.999517 0.000000 0.000483
0.026241 0.002517 0.971242
0.034344 0.018146 0.947510
0.194959 0.007729 0.797313
0.000045 0.932790 0.067165
0.991129 0.000002 0.008869
0.000002 0.991517 0.008481
0.973547 0.001117 0.025336
0.000010 0.846730 0.153260
0.000198 0.466896 0.532906
0.962059 0.000002 0.037939
0.074547 0.059766 0.865687
0.000073 0.022316 0.977611
0.000000 0.995189 0.004811
0.031216 0.030354 0.938430
0.000024 0.120464 0.879513
0.321243 0.000806 0.677951
0.000991 0.006699 0.992310
0.998871 0.000000 0.001129
0.069881 0.003717 0.926402
0.000000 0.631870 0.368130
0.545539 0.000306 0.454154
0.698194 0.000158 0.301647
0.001732 0.957830 0.040437
0.092571 0.001373 0.906056
0.643727 0.049329 0.306944
0.000707 0.222337 0.776957
0.441374 0.000305 0.558322
0.000000 0.866026 0.133974
0.019552 0.010372 0.970076
0.310925 0.003083 0.685992
0.002639 0.007301 0.990060
0.006943 0.025137 0.967919
0.013219 0.041271 0.945510
0.108999 0.000246 0.890755
0.990392 0.000022 0.009585
0.007673 0.060577 0.931750
0.002604 0.899991 0.097405
0.000000 0.999641 0.000359
0.000000 0.871006 0.128994
0.359968 0.003258 0.636773
0.091682 0.002243 0.906075
0.052233 0.013352 0.934416
0.325058 0.002499 0.672442
0.968548 0.004562 0.026889
0.324216 0.002035 0.673749
0.297364 0.003167 0.699468
0.000218 0.013416 0.986365
0.156902 0.080827 0.762272
0.010849 0.526402 0.462749
0.301910 0.001227 0.696862
0.272901 0.001380 0.725719
0.000001 0.172040 0.827959
0.241562 0.006800 0.751638
0.007138 0.006475 0.986387
0.093159 0.017818 0.889023
0.944059 0.000785 0.055156
0.032511 0.013760 0.953729
0.990822 0.000000 0.009178
0.001763 0.918335 0.079902
0.615208 0.000203 0.384589
0.000008 0.230559 0.769433
0.000000 0.924536 0.075464
0.732486 0.006277 0.261237
0.011032 0.125974 0.862994
0.887558 0.000007 0.112436
0.033854 0.005376 0.960770
0.000309 0.035590 0.964101
0.023503 0.005746 0.970751
0.992385 0.000003 0.007611
0.220566 0.008516 0.770918
0.000205 0.005883 0.993912
0.000300 0.099600 0.900100
0.718332 0.000206 0.281462
0.000171 0.024501 0.975327
0.350835 0.000092 0.649073
0.000394 0.039041 0.960565
0.007491 0.027352 0.965157
0.003462 0.008890 0.987647
0.252308 0.000069 0.747623
0.203097 0.007292 0.789610
0.320806 0.002166 0.677028
0.000002 0.613354 0.386644
0.016995 0.101854 0.881152
0.000012 0.087359 0.912629
0.002250 0.101383 0.896367
0.168461 0.002368 0.829171
0.000023 0.111111 0.888865
0.903671 0.000023 0.096306
0.658550 0.000315 0.341135
0.039513 0.000317 0.960170
0.162330 0.368193 0.469477
0.259827 0.006786 0.733388
0.026828 0.119540 0.853632
0.059234 0.020228 0.920539
0.000435 0.045581 0.953984
0.108210 0.006152 0.885637
0.665763 0.000122 0.334115
0.130636 0.072171 0.797193
0.039868 0.047432 0.912700
0.000092 0.565492 0.434416
0.217044 0.005053 0.777903
0.448549 0.000481 0.550970
0.000006 0.495303 0.504691
0.016157 0.000850 0.982994
0.048512 0.022534 0.928955
0.068728 0.006631 0.924641
0.060973 0.007646 0.931381
0.021580 0.003145 0.975275
0.098090 0.016088 0.885822
0.245182 0.001671 0.753148
0.000006 0.939503 0.060491
0.000241 0.017071 0.982688
0.000067 0.067376 0.932557
0.026927 0.024303 0.948770
0.158507 0.014913 0.826580
0.462761 0.000175 0.537064
0.925833 0.000001 0.074166
0.000364 0.081942 0.917694
0.211035 0.002957 0.786007
0.319637 0.000967 0.679396
0.000005 0.981995 0.017999
0.083612 0.042200 0.874188
0.881834 0.000036 0.118130
0.000783 0.495483 0.503734
0.689717 0.000461 0.309821
0.278133 0.003964 0.717903
0.406385 0.000225 0.593390
0.018921 0.016984 0.964094
0.034628 0.002675 0.962698
0.066407 0.028438 0.905155
0.174897 0.015769 0.809334
0.107167 0.002800 0.890033
0.000082 0.069089 0.930829
0.032524 0.014178 0.953297
0.988029 0.000000 0.011971
0.038132 0.012976 0.948891
0.057725 0.090067 0.852208
0.002950 0.008036 0.989013
0.000000 0.560812 0.439188
0.261880 0.006638 0.731483
0.000000 0.836638 0.163362
0.921843 0.000002 0.078155
0.159292 0.001590 0.839118
0.003443 0.032501 0.964055
0.137432 0.150185 0.712384
0.274044 0.002417 0.723539
0.000016 0.429776 0.570208
0.002532 0.034797 0.962671
0.001625 0.005703 0.992671
0.992213 0.000049 0.007737
0.017844 0.004145 0.978010
0.000026 0.716279 0.283695
0.006535 0.133854 0.859611
0.374660 0.002848 0.622492
0.049491 0.007762 0.942747
0.828819 0.084148 0.087033
0.000897 0.300067 0.699036
0.676305 0.000523 0.323172
0.225261 0.006713 0.768027
0.999833 0.000000 0.000167
0.944983 0.000002 0.055015
0.976442 0.000165 0.023392
0.036822 0.007405 0.955773
0.000299 0.032575 0.967127
0.004195 0.215735 0.780069
0.834281 0.000020 0.165698
0.891770 0.038013 0.070217
0.000275 0.174760 0.824965
0.000023 0.423533 0.576445
0.039368 0.011453 0.949179
0.878887 0.000029 0.121084
0.265698 0.001481 0.732821
0.069394 0.014123 0.916483
0.019979 0.084119 0.895902
0.928254 0.000003 0.071743
0.824214 0.000312 0.175474
0.023606 0.010913 0.965481
0.101471 0.014549 0.883980
0.984863 0.000000 0.015137
0.000203 0.297316 0.702480
0.949657 0.000007 0.050335
0.000723 0.054135 0.945143
0.006910 0.045922 0.947168
0.171998 0.000133 0.827869
0.000273 0.043565 0.956162
0.091003 0.070447 0.838550
0.273726 0.002338 0.723936
0.098564 0.005840 0.895595
0.028330 0.000924 0.970746
0.103039 0.000450 0.896511
0.105205 0.014601 0.880194
0.000301 0.106691 0.893008
0.206019 0.004162 0.789820
0.000048 0.267290 0.732662
0.968387 0.000000 0.031612
0.980830 0.002097 0.017074
0.000000 0.957594 0.042406
0.011888 0.008546 0.979566
0.000095 0.476582 0.523324
0.031507 0.034023 0.934470
0.003388 0.396098 0.600514
0.913992 0.000063 0.085945
0.058936 0.003961 0.937103
0.016533 0.056147 0.927319
0.000007 0.441341 0.558652
0.376043 0.000790 0.623168
0.029629 0.047931 0.922441
0.010854 0.110871 0.878275
0.000000 0.674572 0.325428
0.000885 0.010754 0.988361
0.053467 0.015151 0.931382
0.157366 0.000649 0.841985
0.081847 0.000500 0.917653
0.295154 0.000206 0.704639
0.342570 0.000034 0.657396
0.000000 0.891607 0.108393
0.002464 0.219622 0.777913
0.012600 0.031550 0.955850
0.987387 0.001014 0.011598
0.729695 0.000001 0.270305
0.881356 0.000019 0.118625
0.269277 0.007832 0.722891
0.241269 0.014167 0.744564
0.371323 0.000403 0.628275
0.002812 0.186963 0.810225
0.017128 0.463117 0.519755
0.004836 0.022556 0.972608
0.214590 0.010890 0.774520
0.288657 0.430145 0.281199
0.004897 0.302521 0.692582
0.096773 0.001949 0.901279
0.990050 0.000000 0.009950
0.000125 0.661899 0.337976
0.308757 0.002516 0.688727
0.019352 0.016248 0.964400
0.000600 0.058401 0.940999
0.002026 0.386368 0.611606
0.017000 0.006747 0.976252
0.068043 0.025056 0.906901
0.716188 0.000213 0.283599
0.059468 0.180903 0.759629
0.036101 0.000201 0.963698
0.000000 0.667388 0.332612
0.002576 0.138275 0.859148
0.040933 0.048130 0.910937
0.843214 0.000008 0.156778
0.099619 0.013104 0.887277
0.012325 0.192683 0.794992
0.114882 0.004993 0.880125
0.744081 0.000037 0.255882
0.004147 0.097728 0.898125
0.006627 0.143899 0.849475
0.105182 0.005679 0.889138
0.126342 0.000262 0.873396
0.731481 0.000022 0.268496
0.096978 0.003195 0.899827
0.000012 0.122313 0.877675
0.244377 0.009259 0.746364
0.084648 0.014019 0.901332
0.000027 0.172456 0.827517
0.994266 0.000101 0.005634
0.001517 0.034127 0.964356
0.111142 0.028696 0.860162
0.904778 0.000007 0.095215
0.266721 0.003695 0.729584
0.116538 0.008620 0.874842
0.000140 0.476719 0.523141
0.000000 0.968736 0.031264
0.093748 0.002981 0.903271
0.003808 0.074392 0.921800
0.376399 0.000410 0.623191
0.000109 0.156947 0.842945
0.884934 0.000061 0.115005
0.234405 0.006250 0.759345
0.005464 0.010249 0.984287
0.341590 0.001429 0.656980
0.253601 0.004125 0.742274
0.047914 0.023725 0.928361
0.000007 0.992818 0.007175
0.041856 0.049704 0.908440
0.002178 0.478303 0.519520
0.018944 0.156124 0.824933
0.999613 0.000000 0.000387
0.001002 0.039553 0.959445
0.118183 0.001941 0.879876
0.075273 0.156819 0.767908
0.000122 0.042390 0.957488
0.403406 0.001780 0.594814
0.146874 0.000837 0.852289
0.000774 0.137813 0.861413
0.012212 0.184547 0.803241
0.889766 0.036560 0.073674
0.936535 0.002761 0.060704
0.011322 0.189358 0.799321
0.000018 0.257505 0.742476
0.362614 0.000811 0.636575
0.343534 0.000956 0.655510
0.011340 0.008226 0.980434
0.067380 0.006643 0.925977
0.009413 0.000962 0.989625
0.769543 0.004883 0.225574
0.714477 0.000866 0.284656
0.002210 0.011669 0.986121
0.394624 0.001041 0.604335
0.048601 0.088662 0.862737
0.814941 0.000057 0.185002
0.621939 0.000404 0.377658
0.230184 0.008289 0.761527
0.763851 0.007289 0.228861
0.224979 0.000701 0.774320
0.077058 0.020947 0.901994
0.161558 0.017268 0.821174
0.001352 0.008771 0.989877
0.153912 0.003812 0.842276
0.029574 0.003069 0.967356
0.012933 0.154456 0.832611
0.593719 0.000799 0.405483
0.730811 0.000106 0.269083
0.006921 0.384207 0.608872
0.000060 0.393913 0.606027
0.000076 0.112853 0.887071
0.231806 0.006089 0.762104
0.736920 0.003593 0.259487
0.354771 0.001010 0.644220
0.461493 0.000068 0.538438
0.444703 0.005962 0.549335
0.000009 0.111299 0.888691
0.993475 0.000007 0.006519
0.000868 0.050003 0.949129
0.003968 0.014719 0.981313
0.056075 0.014714 0.929211
0.036400 0.535848 0.427753
0.086686 0.003541 0.909772
0.995913 0.000000 0.004087
0.122056 0.021283 0.856661
0.000243 0.634886 0.364871
0.922966 0.008278 0.068756
0.174526 0.009083 0.816391
0.109266 0.000710 0.890024
0.883418 0.000001 0.116581
0.547697 0.000170 0.452133
0.000482 0.581070 0.418448
0.927652 0.000011 0.072337
0.957362 0.000002 0.042636
0.968633 0.000047 0.031320
0.000050 0.027987 0.971963
0.439837 0.000541 0.559622
0.888256 0.000134 0.111609
0.000243 0.092140 0.907616
0.018285 0.200294 0.781421
0.469488 0.000048 0.530464
0.180822 0.015249 0.803929
0.979900 0.000000 0.020100
0.008358 0.000892 0.990750
0.382721 0.000610 0.616669
0.068210 0.040438 0.891352
0.941045 0.000005 0.058950
0.007541 0.024620 0.967839
0.910598 0.000011 0.089391
0.000190 0.014081 0.985729
0.002754 0.010273 0.986973
0.200348 0.009314 0.790337
0.525246 0.000919 0.473834
0.000602 0.366348 0.633050
0.001935 0.229911 0.768154
0.028521 0.006484 0.964995
0.150246 0.014248 0.835505
0.629190 0.041707 0.329103
0.000580 0.350402 0.649018
0.276911 0.004979 0.718110
0.737683 0.000149 0.262168
0.317946 0.001613 0.680440
0.308511 0.006969 0.684520
0.020050 0.550217 0.429733
0.005678 0.031921 0.962400
0.009196 0.014430 0.976375
0.010361 0.494745 0.494894
0.973262 0.000225 0.026512
0.157789 0.015935 0.826275
0.048699 0.014686 0.936615
0.001780 0.001025 0.997196
0.001608 0.106324 0.892068
0.052188 0.020936 0.926876
0.958383 0.000001 0.041616
0.000135 0.980570 0.019295
0.837004 0.000025 0.162971
0.576214 0.000112 0.423674
0.000003 0.728541 0.271456
0.215484 0.008358 0.776159
0.073388 0.007810 0.918802
0.059921 0.880352 0.059727
0.004023 0.051070 0.944907
0.494261 0.000410 0.505329
0.763173 0.002358 0.234469
0.000007 0.571459 0.428534
0.000673 0.152506 0.846820
0.204995 0.006650 0.788355
0.425793 0.000143 0.574065
0.053467 0.002411 0.944122
0.000544 0.020862 0.978594
0.170098 0.011599 0.818302
0.119814 0.004045 0.876141
0.042953 0.018289 0.938758
0.146876 0.024687 0.828437
0.009457 0.032529 0.958014
0.001021 0.012119 0.986861
0.020443 0.025655 0.953902
0.054573 0.017923 0.927504
0.000304 0.392409 0.607287
0.000000 0.952612 0.047388
0.000484 0.136282 0.863234
0.031241 0.074077 0.894682
0.038785 0.003784 0.957432
0.131732 0.001327 0.866940
0.020445 0.031239 0.948316
0.071393 0.011336 0.917271
0.028609 0.010914 0.960477
0.325615 0.002187 0.672198
0.974080 0.000151 0.025768
0.060414 0.014403 0.925184
0.056380 0.004922 0.938698
0.238491 0.015121 0.746388
0.000074 0.696814 0.303112
0.258736 0.003737 0.737528
0.963835 0.005551 0.030615
0.030957 0.026381 0.942662
0.019045 0.025332 0.955623
0.004383 0.017747 0.977870
0.000423 0.022133 0.977444
0.141761 0.004373 0.853866
0.000031 0.173591 0.826378
0.342579 0.001826 0.655595
0.243730 0.005974 0.750296
0.110270 0.005357 0.884373
0.014768 0.005881 0.979351
0.045700 0.037833 0.916467
0.889749 0.000011 0.110240
0.027836 0.010021 0.962143
0.258908 0.003743 0.737349
0.026574 0.000773 0.972653
0.949835 0.000003 0.050162
0.260656 0.003708 0.735636
0.003391 0.132303 0.864306
0.187996 0.003628 0.808376
0.063666 0.004997 0.931337
0.000714 0.066652 0.932634
0.027915 0.053777 0.918307
0.000118 0.126302 0.873580
0.411751 0.000636 0.587613
0.001743 0.069916 0.928341
0.000000 0.940522 0.059478
0.037968 0.005065 0.956967
0.132978 0.023421 0.843602
0.001836 0.422651 0.575512
0.005824 0.024608 0.969568
0.000000 0.784226 0.215774
0.000003 0.394476 0.605521
0.003231 0.129016 0.867754
0.090545 0.007721 0.901734
0.002238 0.004853 0.992910
0.994534 0.000002 0.005464
0.031401 0.008537 0.960061
0.263021 0.000563 0.736416
0.000273 0.000658 0.999068
0.821315 0.000040 0.178645
0.020558 0.106445 0.872998
0.161372 0.000611 0.838017
0.013558 0.062958 0.923484
0.373268 0.000034 0.626697
0.058408 0.012194 0.929398
0.004791 0.033500 0.961709
0.255021 0.013421 0.731558
0.017146 0.001606 0.981248
0.001359 0.085003 0.913638
0.987251 0.000000 0.012749
0.016247 0.026025 0.957728
0.002745 0.000960 0.996295
0.028584 0.019608 0.951808
0.000000 0.940437 0.059563
0.149174 0.044434 0.806392
0.078662 0.017027 0.904311
0.138676 0.000966 0.860359
0.139361 0.027788 0.832851
0.749858 0.000041 0.250101
0.114718 0.001128 0.884154
0.288419 0.000778 0.710803
0.000098 0.477509 0.522393
0.999524 0.000000 0.000476
0.991284 0.000733 0.007983
0.379573 0.000188 0.620239
0.336021 0.000836 0.663143
0.150487 0.006023 0.843490
0.154626 0.003571 0.841804
0.933675 0.000001 0.066324
0.907568 0.002221 0.090211
0.004767 0.018160 0.977073
0.972700 0.000000 0.027300
0.015204 0.052651 0.932146
0.998124 0.000000 0.001876
0.784931 0.000008 0.215061
0.005089 0.003584 0.991328
0.989904 0.000181 0.009915
0.015513 0.005675 0.978811
0.000515 0.022227 0.977258
0.955925 0.000071 0.044004
0.251058 0.002138 0.746804
0.006105 0.022767 0.971128
0.000125 0.736009 0.263866
0.797307 0.118272 0.084421
0.077760 0.002793 0.919447
0.962118 0.001964 0.035918
0.689907 0.000138 0.309955
0.998203 0.000000 0.001797
0.101818 0.022173 0.876009
0.143788 0.012407 0.843805
0.979774 0.000000 0.020226
0.933839 0.000021 0.066140
0.043589 0.002364 0.954047
0.148157 0.008501 0.843341
0.034095 0.041362 0.924543
0.002133 0.057198 0.940669
0.105001 0.005535 0.889464
0.016638 0.006993 0.976369
0.002237 0.170342 0.827421
0.944705 0.000001 0.055294
0.083054 0.029647 0.887300
0.000149 0.494800 0.505051
0.000066 0.039787 0.960147
0.030507 0.051665 0.917827
0.026644 0.015885 0.957471
0.007556 0.313220 0.679224
0.661671 0.002070 0.336260
0.178014 0.012349 0.809637
0.034382 0.048606 0.917012
0.056789 0.024865 0.918347
0.921279 0.000050 0.078670
0.013506 0.124583 0.861911
0.627082 0.000015 0.372903
0.261402 0.000307 0.738291
0.929943 0.000002 0.070055
0.023448 0.009731 0.966821
0.148419 0.003401 0.848180
0.000109 0.296621 0.703270
0.284924 0.001233 0.713843
0.007741 0.004310 0.987949
0.257934 0.004948 0.737118
0.006642 0.238403 0.754954
0.000007 0.802732 0.197260
0.043847 0.035696 0.920457
0.068847 0.025890 0.905263
0.025031 0.084282 0.890687
0.628637 0.001435 0.369928
0.948604 0.002992 0.048404
0.037859 0.010434 0.951707
0.001472 0.065381 0.933147
0.462698 0.000116 0.537186
0.129350 0.010490 0.860160
0.066137 0.004162 0.929701
0.049421 0.065073 0.885506
0.000000 0.993831 0.006169
0.783637 0.131746 0.084616
0.643229 0.000182 0.356589
0.001262 0.159828 0.838911
0.013439 0.294451 0.692110
0.231096 0.006707 0.762197
0.886830 0.000002 0.113168
0.925017 0.001361 0.073622
0.027099 0.254251 0.718651
0.020308 0.050688 0.929004
0.004373 0.034150 0.961477
0.303125 0.003013 0.693862
0.797444 0.000012 0.202544
0.998895 0.000000 0.001105
0.252538 0.012437 0.735025
0.167199 0.018356 0.814445
0.000001 0.528929 0.471070
0.351281 0.000047 0.648672
0.010807 0.304743 0.684451
0.079495 0.022891 0.897613
0.010816 0.037293 0.951891
0.955630 0.000001 0.044369
0.000450 0.245852 0.753698
0.000000 0.998617 0.001383
0.000086 0.060012 0.939902
0.078613 0.004271 0.917116
0.017701 0.022310 0.959989
0.000000 0.659103 0.340897
0.005240 0.036195 0.958565
0.058490 0.003367 0.938143
0.008575 0.010732 0.980693
0.038842 0.043440 0.917718
0.008808 0.005493 0.985699
0.003102 0.018809 0.978089
0.905606 0.000002 0.094392
0.000206 0.785188 0.214606
0.000000 0.987475 0.012525
0.003147 0.341691 0.655162
0.018476 0.033292 0.948232
0.000000 0.936974 0.063026
0.363526 0.000692 0.635782
0.074148 0.007166 0.918686
0.179186 0.024463 0.796351
0.010470 0.098456 0.891074
0.042644 0.028844 0.928513
0.084650 0.004425 0.910926
0.094213 0.235273 0.670513
0.038993 0.057155 0.903852
0.078373 0.003840 0.917787
0.009945 0.009178 0.980876
0.267395 0.001070 0.731534
0.193343 0.008021 0.798636
0.969439 0.000187 0.030374
0.051853 0.046267 0.901880
0.508317 0.000918 0.490764
0.132728 0.005194 0.862079
0.093487 0.002564 0.903949
0.050550 0.008096 0.941353
0.000073 0.140646 0.859281
0.001910 0.242503 0.755587
0.845820 0.000047 0.154133
0.000100 0.140125 0.859775
0.967125 0.001199 0.031676
0.073429 0.012420 0.914151
0.331910 0.001307 0.666783
0.000039 0.224838 0.775123
0.772866 0.002668 0.224466
0.856683 0.000294 0.143023
0.000000 0.994413 0.005586
0.347025 0.001757 0.651219
0.000170 0.348170 0.651660
0.798619 0.004432 0.196949
0.007997 0.040881 0.951121
0.012398 0.106822 0.880780
0.985984 0.000000 0.014016
0.000707 0.293605 0.705688
0.694695 0.000011 0.305294
0.001434 0.043548 0.955018
0.976512 0.000086 0.023401
0.011683 0.136822 0.851495
0.005163 0.026260 0.968577
0.988458 0.000227 0.011315
0.000005 0.657670 0.342325
0.002389 0.039237 0.958374
0.020390 0.000549 0.979061
0.308683 0.000247 0.691070
0.768736 0.003740 0.227524
0.098343 0.004359 0.897298
0.514109 0.000417 0.485473
0.000909 0.138415 0.860676
0.068127 0.038562 0.893311
0.029334 0.003138 0.967528
0.000000 0.759865 0.240135
0.161060 0.015251 0.823689
0.015232 0.040876 0.943892
0.031893 0.826178 0.141929
0.000014 0.030621 0.969365
0.321291 0.002185 0.676524
0.435318 0.000581 0.564101
0.028845 0.479262 0.491893
0.000411 0.936046 0.063542
0.635774 0.002768 0.361457
0.007909 0.018852 0.973239
0.092374 0.021364 0.886262
0.005097 0.028069 0.966834
0.003530 0.151493 0.844977
0.972763 0.000004 0.027232
0.002196 0.186195 0.811609
0.002488 0.031739 0.965773
0.401853 0.000173 0.597974
0.049339 0.000937 0.949724
0.182842 0.002261 0.814897
0.078986 0.008629 0.912385
0.995376 0.000000 0.004624
0.001269 0.067226 0.931505
0.849111 0.077649 0.073240
0.120444 0.033418 0.846138
0.552482 0.000336 0.447182
0.714147 0.000027 0.285826
0.000001 0.662553 0.337446
0.944043 0.000005 0.055953
0.000000 0.820445 0.179555
0.998524 0.000015 0.001461
0.352529 0.001043 0.646427
0.887746 0.000018 0.112236
0.546389 0.000553 0.453058
0.000001 0.453012 0.546987
0.037099 0.005586 0.957315
0.290322 0.001534 0.708144
0.494248 0.000526 0.505226
0.096062 0.006296 0.897641
0.026826 0.002120 0.971055
0.000000 0.967882 0.032118
0.000448 0.036722 0.962831
0.000001 0.794449 0.205550
0.002645 0.033655 0.963700
0.004796 0.344442 0.650761
0.621328 0.000236 0.378436
0.021416 0.011034 0.967550
0.248963 0.002651 0.748386
0.000005 0.405133 0.594862
0.613008 0.000056 0.386936
0.023633 0.178590 0.797777
0.535686 0.000466 0.463847
0.063673 0.000223 0.936104
0.957739 0.000001 0.042260
0.054668 0.001919 0.943413
0.000060 0.151686 0.848254
0.000014 0.680391 0.319595
0.494618 0.000129 0.505253
0.020698 0.020978 0.958323
0.960642 0.007125 0.032233
0.065634 0.021574 0.912792
0.002965 0.058938 0.938097
0.198168 0.008826 0.793006
0.008974 0.013409 0.977617
0.353690 0.001676 0.644634
0.000033 0.183827 0.816140
0.946455 0.000010 0.053535
0.001497 0.061935 0.936569
0.008386 0.057381 0.934232
0.070650 0.046912 0.882438
0.000630 0.009587 0.989783
0.000000 0.787756 0.212244
0.103970 0.001198 0.894832
0.950964 0.000003 0.049032
0.004191 0.005666 0.990143
0.298350 0.003085 0.698565
0.001113 0.064576 0.934311
0.989039 0.000000 0.010961
0.178281 0.009080 0.812639
0.464881 0.007088 0.528032
0.932951 0.000004 0.067045
0.080312 0.014565 0.905122
0.010987 0.103966 0.885048
0.000344 0.306899 0.692757
0.437806 0.000078 0.562115
0.059353 0.002575 0.938071
0.995366 0.000171 0.004464
0.001600 0.008933 0.989466
0.994447 0.000081 0.005472
0.000021 0.082741 0.917238
0.000028 0.096190 0.903782
0.442166 0.107935 0.449900
0.000000 0.971964 0.028036
0.277802 0.001909 0.720289
0.094249 0.007090 0.898662
0.251437 0.000418 0.748145
0.007001 0.097992 0.895007
0.078743 0.000547 0.920710
0.394097 0.000638 0.605265
0.133408 0.000241 0.866350
0.129477 0.025540 0.844983
0.853157 0.000030 0.146813
0.016034 0.106279 0.877687
0.326408 0.001909 0.671683
0.314142 0.000461 0.685397
0.001143 0.010702 0.988155
0.798743 0.000018 0.201239
0.001935 0.144519 0.853547
0.098176 0.008613 0.893211
0.295393 0.001637 0.702971
0.011251 0.021643 0.967106
0.380363 0.000438 0.619199
0.000235 0.361969 0.637797
0.262299 0.004284 0.733418
0.022567 0.048064 0.929370
0.066111 0.001996 0.931893
0.999700 0.000000 0.000300
0.045473 0.027400 0.927126
0.000001 0.803304 0.196695
0.632532 0.000047 0.367421
0.805411 0.000023 0.194565
0.342442 0.001401 0.656157
0.000031 0.476839 0.523129
0.028882 0.060715 0.910403
0.000202 0.187076 0.812722
0.162375 0.001637 0.835989
0.032090 0.002147 0.965763
0.002127 0.210085 0.787788
0.033430 0.016490 0.950080
0.000283 0.095642 0.904075
0.000258 0.139499 0.860243
0.405707 0.013631 0.580662
0.296106 0.000038 0.703856
0.862413 0.058006 0.079582
0.053599 0.010007 0.936394
0.407554 0.000472 0.591973
0.000034 0.186560 0.813405
0.010358 0.146690 0.842951
0.000000 0.981567 0.018433
0.270044 0.004406 0.725550
0.847540 0.000009 0.152451
0.257028 0.000117 0.742855
0.003822 0.010908 0.985270
0.064450 0.004272 0.931278
0.181298 0.000319 0.818383
0.014275 0.016919 0.968807
0.001785 0.043134 0.955082
0.818657 0.000185 0.181158
0.608771 0.092115 0.299114
0.261274 0.005507 0.733219
0.235577 0.005895 0.758528
0.009873 0.003488 0.986639
0.152331 0.004970 0.842699
0.998774 0.000004 0.001222
0.000000 0.801595 0.198405
0.005435 0.059830 0.934736
0.233691 0.017419 0.748890
0.346384 0.004282 0.649334
0.965087 0.000001 0.034912
0.000178 0.135960 0.863862
0.002987 0.007545 0.989467
0.000341 0.373479 0.626180
0.984957 0.001393 0.013650
0.033439 0.009515 0.957047
0.017346 0.015031 0.967623
0.019165 0.049973 0.930862
0.890607 0.000009 0.109384
0.010147 0.244699 0.745154
0.519127 0.000615 0.480258
0.000041 0.009797 0.990162
0.000137 0.016730 0.983133
0.000000 0.998718 0.001282
0.000000 0.906087 0.093913
0.110407 0.003676 0.885917
0.042596 0.004658 0.952746
0.974247 0.000000 0.025753
0.901808 0.000035 0.098157
0.006577 0.005322 0.988101
0.000652 0.056301 0.943047
0.002583 0.140519 0.856898
0.294673 0.003917 0.701410
0.255019 0.002930 0.742051
0.000582 0.053981 0.945437
0.031927 0.048044 0.920029
0.017234 0.001825 0.980941
0.087406 0.006179 0.906416
0.928436 0.000017 0.071547
0.102776 0.009819 0.887406
0.723345 0.011289 0.265366
0.000677 0.411701 0.587622
0.007399 0.130202 0.862399
0.194604 0.006291 0.799106
0.149204 0.064464 0.786332
0.003385 0.153721 0.842894
0.998871 0.000007 0.001122
0.006836 0.011322 0.981842
0.000001 0.776387 0.223612
0.015288 0.019843 0.964869
0.001312 0.093764 0.904924
0.718555 0.000392 0.281053
0.000000 0.998578 0.001422
0.000353 0.108474 0.891173
0.227354 0.002996 0.769650
0.063058 0.004393 0.932549
0.096412 0.009876 0.893712
0.002069 0.079972 0.917959
0.138816 0.001613 0.859571
0.026235 0.211539 0.762226
0.030550 0.005554 0.963896
0.000001 0.962069 0.037930
0.053283 0.000260 0.946457
0.993526 0.000000 0.006474
0.000051 0.089614 0.910335
0.190811 0.049765 0.759424
0.457097 0.000096 0.542807
0.705265 0.000157 0.294578
0.000957 0.247700 0.751343
0.894096 0.000201 0.105704
0.013377 0.023617 0.963006
0.119358 0.123146 0.757496
0.877574 0.000023 0.122402
0.029494 0.046987 0.923518
0.000091 0.043271 0.956638
0.006888 0.013345 0.979767
0.019167 0.098309 0.882523
0.000017 0.041651 0.958331
0.011397 0.015121 0.973482
0.036651 0.072323 0.891025
0.322089 0.001557 0.676354
0.000586 0.021763 0.977651
0.031106 0.069246 0.899648
0.789032 0.000041 0.210927
0.054854 0.049269 0.895877
0.505943 0.000168 0.493889
0.000862 0.067727 0.931410
0.341973 0.009824 0.648203
0.461516 0.283766 0.254718
0.100229 0.003143 0.896627
0.000167 0.293351 0.706482
0.009839 0.004895 0.985266
0.022026 0.012702 0.965272
0.258843 0.004696 0.736461
0.001068 0.831866 0.167067
0.000011 0.193464 0.806525
0.360439 0.000791 0.638770
0.531300 0.000019 0.468680
0.000000 0.997735 0.002265
0.000054 0.058640 0.941306
0.792552 0.127887 0.079561
0.971414 0.000000 0.028585
0.425118 0.150460 0.424423
0.000705 0.135078 0.864217
0.237809 0.009882 0.752309
0.358717 0.000095 0.641188
0.770584 0.012919 0.216497
0.585181 0.000288 0.414531
0.799449 0.000454 0.200097
0.063129 0.005286 0.931585
0.083708 0.083881 0.832411
0.682282 0.001086 0.316632
0.033349 0.004853 0.961797
0.000088 0.627232 0.372680
0.019590 0.011435 0.968975
0.065498 0.035207 0.899295
0.075761 0.005935 0.918304
0.354582 0.000284 0.645134
0.269086 0.002983 0.727930
0.869388 0.001861 0.128751
0.003937 0.257490 0.738573
0.000018 0.090404 0.909578
0.997237 0.000048 0.002716
0.001245 0.016431 0.982325
0.995308 0.000202 0.004489
0.923687 0.000009 0.076304
0.000002 0.456164 0.543834
0.548713 0.070530 0.380757
0.118102 0.016496 0.865401
0.221925 0.002647 0.775427
0.616831 0.000475 0.382695
0.142524 0.001300 0.856177
0.008518 0.723956 0.267527
0.004216 0.355634 0.640150
0.073948 0.000338 0.925715
0.359144 0.000095 0.640761
0.073771 0.003340 0.922889
0.046489 0.002744 0.950767
0.000114 0.032354 0.967531
0.244793 0.000444 0.754763
0.283845 0.000933 0.715222
0.431633 0.001418 0.566950
0.966553 0.000000 0.033447
0.146933 0.000756 0.852311
0.013325 0.104472 0.882204
0.164459 0.003880 0.831661
0.059455 0.010939 0.929606
0.000175 0.341347 0.658478
0.023102 0.005901 0.970997
0.002224 0.020896 0.976880
0.996549 0.000000 0.003451
0.007065 0.041370 0.951566
0.052231 0.007312 0.940458
0.000044 0.640557 0.359399
0.003631 0.040916 0.955453
0.049508 0.031304 0.919188
0.100627 0.068578 0.830795
0.002408 0.145115 0.852477
0.065010 0.000326 0.934664
0.014859 0.091430 0.893711
0.220853 0.006191 0.772956
0.760461 0.008054 0.231485
0.454206 0.001899 0.543895
0.323886 0.002546 0.673568
0.412738 0.000240 0.587022
0.032092 0.016309 0.951598
0.029115 0.009795 0.961090
0.129530 0.033165 0.837306
0.013351 0.332804 0.653845
0.095383 0.003753 0.900864
0.997939 0.000000 0.002060
0.734591 0.016657 0.248752
0.235281 0.000177 0.764541
0.306875 0.002687 0.690438
0.204326 0.002649 0.793025
0.332037 0.007852 0.660112
0.444915 0.001065 0.554020
0.071499 0.011694 0.916806
0.219672 0.000028 0.780300
0.000000 0.851951 0.148049
0.008072 0.004417 0.987511
0.001697 0.068664 0.929639
0.075175 0.055990 0.868835
0.000228 0.313005 0.686767
0.001207 0.265202 0.733590
0.293235 0.000757 0.706009
0.762202 0.000014 0.237785
0.000095 0.572340 0.427565
0.980580 0.002623 0.016797
0.084178 0.032782 0.883040
0.014387 0.004020 0.981593
0.092301 0.006147 0.901552
0.040019 0.026376 0.933605
0.892868 0.000005 0.107127
0.254796 0.001952 0.743253
0.000596 0.147483 0.851920
0.020514 0.022651 0.956835
0.016142 0.082192 0.901666
0.900605 0.000014 0.099380
0.152066 0.749835 0.098098
0.000001 0.888446 0.111553
0.014819 0.001987 0.983194
0.000691 0.031743 0.967566
0.032542 0.346664 0.620794
0.000001 0.993621 0.006378
0.000005 0.175128 0.824867
0.073637 0.006610 0.919752
0.053686 0.007579 0.938735
0.992321 0.000007 0.007672
0.000133 0.038936 0.960931
0.999880 0.000000 0.000120
0.281830 0.004430 0.713740
0.002426 0.413738 0.583836
0.002156 0.029483 0.968361
0.105699 0.000944 0.893358
0.016061 0.189796 0.794144
0.907988 0.000033 0.091979
0.277197 0.004779 0.718024
0.674765 0.000048 0.325187
0.130016 0.002414 0.867570
0.092204 0.005485 0.902311
0.000001 0.756523 0.243476
0.000007 0.984183 0.015810
0.055684 0.007691 0.936624
0.408136 0.000189 0.591675
0.001103 0.008166 0.990731
0.145312 0.012855 0.841833
0.037108 0.444666 0.518225
0.371877 0.000246 0.627877
0.206484 0.036636 0.756881
0.028175 0.055280 0.916544
0.130637 0.009709 0.859654
0.999119 0.000000 0.000880
0.179024 0.002811 0.818164
0.019932 0.123559 0.856509
0.000398 0.012919 0.986683
0.873034 0.000004 0.126961
0.041744 0.083203 0.875053
0.000072 0.049873 0.950055
0.050197 0.018194 0.931608
0.000383 0.024151 0.975466
0.000092 0.717744 0.282164
0.002524 0.028427 0.969049
0.000028 0.575659 0.424314
0.048301 0.003756 0.947943
0.081160 0.016773 0.902067
0.058274 0.006345 0.935381
0.017600 0.373645 0.608755
0.000000 0.998889 0.001111
0.009341 0.070379 0.920279
0.016330 0.153593 0.830077
0.331633 0.001207 0.667160
0.567129 0.000076 0.432795
0.003187 0.004395 0.992419
0.000045 0.184396 0.815559
0.000000 0.546350 0.453650
0.653528 0.000312 0.346161
0.057764 0.016585 0.925651
0.996796 0.000000 0.003204
0.005566 0.003153 0.991281
0.407823 0.001122 0.591056
0.030888 0.003482 0.965631
0.997790 0.000000 0.002210
0.032441 0.027900 0.939659
0.011203 0.003291 0.985506
0.006129 0.135563 0.858308
0.120773 0.046699 0.832529
0.984245 0.000035 0.015720
0.853231 0.000011 0.146759
0.685409 0.000241 0.314350
0.000000 0.990754 0.009246
0.530630 0.000821 0.468549
0.868840 0.008710 0.122450
0.992910 0.000000 0.007090
0.122995 0.104101 0.772904
0.145422 0.001881 0.852698
0.007132 0.025557 0.967311
0.000001 0.746069 0.253930
0.006838 0.234464 0.758698
0.149823 0.126263 0.723914
0.000002 0.491716 0.508282
0.962943 0.000000 0.037057
0.150912 0.001586 0.847502
0.000000 0.568629 0.431371
0.000000 0.423648 0.576351
0.967551 0.000000 0.032448
0.012141 0.033157 0.954702
0.253490 0.011951 0.734559
0.000167 0.242641 0.757192
0.024285 0.012919 0.962796
0.377201 0.000270 0.622528
0.101852 0.022959 0.875189
0.362038 0.000727 0.637235
0.199835 0.001947 0.798218
0.000000 0.846236 0.153764
0.000343 0.041711 0.957946
0.938886 0.000002 0.061112
0.134906 0.009072 0.856022
0.153479 0.005567 0.840954
0.000000 0.645706 0.354293
0.152254 0.000977 0.846768
0.292709 0.003248 0.704043
0.945102 0.011800 0.043098
0.250087 0.005895 0.744018
0.019769 0.018800 0.961432
0.368903 0.000544 0.630553
0.970760 0.001095 0.028145
0.018730 0.006989 0.974281
0.029330 0.048776 0.921894
0.996098 0.000000 0.003902
0.002384 0.010160 0.987456
0.047021 0.036641 0.916339
0.147967 0.002264 0.849769
0.003405 0.116381 0.880214
0.786956 0.000117 0.212926
0.000000 0.769458 0.230541
0.034136 0.027882 0.937981
0.145782 0.002608 0.851610
0.063866 0.006718 0.929416
0.185124 0.001461 0.813415
0.222881 0.048074 0.729045
0.039511 0.002007 0.958481
0.945588 0.000001 0.054411
0.050620 0.015240 0.934140
0.759977 0.000087 0.239937
0.007931 0.082337 0.909732
0.226753 0.001096 0.772151
0.022233 0.014608 0.963160
0.053871 0.006087 0.940042
0.170292 0.012548 0.817160
0.047952 0.009650 0.942398
0.639055 0.081282 0.279663
0.019713 0.047442 0.932845
0.323351 0.006362 0.670287
0.000030 0.243461 0.756509
0.000100 0.957825 0.042075
0.000021 0.565158 0.434822
0.153403 0.751646 0.094951
0.000163 0.070916 0.928922
0.000062 0.002912 0.997025
0.019709 0.038533 0.941758
0.000000 0.953019 0.046981
0.921295 0.000021 0.078684
0.011175 0.071121 0.917704
0.218531 0.005139 0.776330
0.000511 0.192273 0.807216
0.091680 0.015190 0.893130
0.206329 0.000083 0.793588
0.132880 0.000712 0.866407
0.000000 0.741836 0.258163
0.004199 0.126570 0.869231
0.001816 0.414905 0.583279
0.004881 0.076577 0.918542
0.011026 0.009602 0.979372
0.011576 0.017532 0.970892
0.000003 0.856239 0.143759
0.073529 0.006103 0.920368
0.993301 0.000154 0.006545
0.000049 0.404553 0.595397
0.006202 0.186019 0.807779
0.042987 0.006784 0.950229
0.193007 0.001850 0.805143
0.000000 0.622327 0.377673
0.000214 0.088922 0.910864
0.626675 0.000656 0.372668
0.052393 0.010049 0.937557
0.003925 0.113985 0.882090
0.015172 0.006995 0.977833
0.215198 0.018057 0.766745
0.333446 0.002185 0.664369
0.074470 0.004491 0.921039
0.932549 0.000001 0.067450
0.091903 0.030702 0.877395
0.115550 0.002973 0.881477
0.830351 0.000475 0.169174
0.150681 0.002835 0.846484
0.026646 0.156310 0.817043
0.060402 0.000455 0.939143
0.000146 0.354559 0.645295
0.000001 0.633212 0.366787
0.003123 0.011872 0.985004
0.010427 0.131679 0.857895
0.000525 0.039287 0.960187
0.924970 0.000000 0.075030
0.000002 0.437006 0.562992
0.198475 0.021049 0.780476
0.053962 0.019836 0.926201
0.996377 0.000000 0.003623
0.296117 0.001561 0.702322
0.034547 0.024715 0.940738
0.001811 0.030763 0.967426
0.358335 0.000892 0.640773
0.007067 0.010338 0.982595
0.000014 0.099141 0.900845
0.084816 0.190714 0.724470
0.000009 0.357705 0.642286
0.053037 0.004361 0.942601
0.057540 0.019472 0.922988
0.000149 0.222423 0.777428
0.928746 0.000000 0.071254
0.000000 0.545317 0.454683
0.000369 0.024474 0.975156
0.000014 0.135407 0.864578
0.139201 0.002375 0.858424
0.163999 0.086678 0.749323
0.098786 0.015152 0.886061
0.811163 0.000387 0.188449
0.029823 0.012926 0.957251
0.384796 0.000401 0.614803
0.035598 0.039374 0.925028
0.999325 0.000000 0.000675
0.978577 0.000000 0.021423
0.796748 0.000012 0.203240
0.366229 0.000763 0.633008
0.048710 0.003324 0.947967
0.002853 0.020501 0.976645
0.000010 0.088272 0.911719
0.002211 0.068029 0.929760
0.000000 0.880292 0.119708
0.013655 0.025710 0.960635
0.991299 0.000598 0.008103
0.015928 0.002820 0.981253
0.257399 0.004030 0.738572
0.019728 0.015226 0.965047
0.352337 0.001050 0.646613
0.076836 0.019857 0.903307
0.005610 0.002966 0.991424
0.023595 0.007233 0.969172
0.047764 0.025086 0.927151
0.984661 0.000013 0.015325
0.996430 0.000000 0.003570
0.910365 0.000003 0.089632
0.000029 0.942206 0.057765
0.000032 0.966204 0.033764
0.000027 0.950379 0.049594
0.908465 0.000003 0.091533
0.127243 0.015694 0.857063
0.243161 0.001304 0.755535
0.006261 0.031356 0.962384
0.951035 0.000004 0.048962
0.181633 0.002417 0.815950
0.087982 0.017908 0.894110
0.838166 0.004119 0.157716
0.992980 0.000009 0.007011
0.004816 0.026258 0.968926
0.054507 0.011321 0.934173
0.994708 0.000019 0.005273
0.000021 0.306041 0.693938
0.150825 0.038193 0.810982
0.003427 0.258425 0.738149
0.984391 0.001489 0.014120
0.141620 0.171094 0.687286
0.688232 0.020347 0.291420
0.000038 0.169260 0.830702
0.331522 0.000618 0.667859
0.031073 0.004521 0.964407
0.001153 0.013058 0.985789
0.163125 0.004314 0.832562
0.142113 0.003073 0.854814
0.014188 0.080919 0.904893
0.024545 0.064390 0.911065
0.293163 0.000145 0.706692
0.023711 0.141616 0.834673
0.010597 0.116503 0.872899
0.361821 0.289309 0.348870
0.372451 0.000255 0.627294
0.042007 0.004694 0.953299
0.255083 0.016232 0.728685
0.000336 0.645067 0.354597
0.099671 0.008604 0.891725
0.048048 0.021022 0.930930
0.969950 0.004399 0.025651
0.897513 0.000017 0.102470
0.207271 0.001766 0.790963
0.139871 0.000166 0.859963
0.020123 0.021505 0.958372
0.034574 0.000218 0.965207
0.053485 0.013302 0.933213
0.105936 0.003581 0.890483
0.935537 0.000015 0.064448
0.469695 0.005878 0.524427
0.447800 0.000704 0.551496
0.000021 0.496060 0.503919
0.067334 0.000535 0.932131
0.069460 0.164612 0.765928
0.867028 0.000002 0.132970
0.005827 0.003028 0.991145
0.000000 0.946235 0.053765
0.069376 0.009289 0.921335
0.017780 0.012608 0.969612
0.013203 0.187698 0.799099
0.001050 0.176820 0.822130
0.991213 0.000000 0.008787
0.018851 0.002115 0.979033
0.210565 0.002296 0.787139
0.100580 0.029804 0.869616
0.002278 0.274830 0.722892
0.096509 0.003912 0.899579
0.000000 0.751229 0.248771
0.000041 0.160323 0.839636
0.988143 0.001507 0.010350
0.347644 0.000035 0.652321
0.087269 0.017005 0.895726
0.000923 0.075095 0.923983
0.345406 0.001572 0.653022
0.007065 0.239634 0.753302
