0.000000 0.251931 0.748069
-0.000000 0.007233 0.992767
0.000000 0.491715 0.508285
0.000000 0.000051 0.999949
0.000000 0.005508 0.994492
-0.000000 0.151263 0.848737
0.000000 0.913237 0.086763
0.000000 0.999360 0.000640
-0.000000 0.077104 0.922896
0.000000 0.258538 0.741462
-0.000000 0.999996 0.000004
-0.000000 1.000000 0.000000
0.000000 1.000000 0.000000
-0.000000 0.640142 0.359858
0.000000 1.000000 0.000000
-0.000000 0.999965 0.000035
0.000000 0.091280 0.908720
0.000000 0.004933 0.995067
-0.000000 0.999999 0.000001
-0.000000 0.749415 0.250585
0.000000 0.986562 0.013438
-0.000000 0.999996 0.000004
-0.000000 0.158837 0.841163
-0.000000 0.739532 0.260468
0.000000 0.474574 0.525426
0.000000 0.045781 0.954219
0.000000 0.997437 0.002563
-0.000000 0.999819 0.000181
0.000000 0.954127 0.045873
0.000000 0.988232 0.011768
0.000000 0.999989 0.000011
0.000000 0.923079 0.076921
-0.000000 0.999870 0.000130
0.000000 0.844982 0.155018
0.000000 0.999966 0.000034
-0.000000 0.999900 0.000100
0.000000 0.997104 0.002896
0.000000 0.997942 0.002058
0.000000 0.555354 0.444646
-0.000000 0.002625 0.997375
0.000000 0.887819 0.112181
0.000000 0.290001 0.709999
-0.000000 0.091090 0.908910
0.000000 0.416934 0.583066
0.000000 0.799048 0.200952
-0.000000 0.906670 0.093330
-0.000000 0.999986 0.000014
-0.000000 0.999700 0.000300
0.000000 0.028041 0.971959
0.000000 0.999829 0.000171
-0.000000 0.072064 0.927936
-0.000000 0.793835 0.206165
-0.000000 0.999999 0.000001
-0.000000 0.997615 0.002385
-0.000000 0.571790 0.428210
-0.000000 0.996548 0.003452
-0.000000 0.999497 0.000503
-0.000000 0.997590 0.002410
0.000000 0.426586 0.573414
-0.000000 0.589183 0.410817
0.000000 0.451149 0.548851
0.000000 1.000000 0.000000
0.000000 0.655387 0.344613
-0.000000 0.001523 0.998477
-0.000000 0.981666 0.018334
-0.000000 0.999846 0.000154
0.000000 0.542589 0.457411
0.000000 0.242455 0.757545
0.000000 0.355469 0.644531
-0.000000 0.599807 0.400193
0.000000 0.921405 0.078595
0.000000 0.366699 0.633301
-0.000000 0.999910 0.000090
-0.000000 0.591810 0.408190
0.000000 1.000000 0.000000
0.000000 0.261902 0.738098
-0.000000 0.999911 0.000089
-0.000000 0.004361 0.995639
0.000000 0.275303 0.724697
0.000000 0.857270 0.142730
0.000000 0.008839 0.991161
0.000000 0.189911 0.810089
-0.000000 0.999996 0.000004
0.000000 0.999851 0.000149
0.000000 0.198965 0.801035
-0.000000 0.998096 0.001904
0.000000 0.999512 0.000488
-0.000000 0.001267 0.998733
-0.000000 1.000000 0.000000
0.000000 0.686739 0.313261
-0.000000 0.999998 0.000002
0.000000 0.958069 0.041931
-0.000000 0.996892 0.003108
-0.000000 0.937426 0.062574
0.000000 0.188851 0.811149
-0.000000 0.238709 0.761291
-0.000000 0.635438 0.364562
0.000000 0.878438 0.121562
-0.000000 0.207780 0.792220
-0.000000 0.999117 0.000883
0.000000 0.999265 0.000735
-0.000000 0.102911 0.897089
0.000000 0.118161 0.881839
-0.000000 0.999942 0.000058
0.000000 0.008362 0.991638
0.000000 0.125136 0.874864
0.000000 0.999882 0.000118
0.000000 0.825837 0.174163
-0.000000 0.745641 0.254359
-0.000000 1.000000 0.000000
0.000000 0.656190 0.343810
0.000000 0.999263 0.000737
0.000000 1.000000 0.000000
0.000000 0.990675 0.009325
-0.000000 0.935690 0.064310
-0.000000 0.996316 0.003684
0.000000 0.666007 0.333993
0.000000 0.863227 0.136773
-0.000000 0.128396 0.871604
0.000000 1.000000 0.000000
-0.000000 0.070668 0.929332
0.000000 0.999971 0.000029
-0.000000 0.999257 0.000743
-0.000000 0.995252 0.004748
0.000000 0.447262 0.552738
-0.000000 0.706072 0.293928
-0.000000 0.984867 0.015133
-0.000000 0.873067 0.126933
-0.000000 0.469774 0.530226
0.000000 0.369747 0.630253
-0.000000 0.382505 0.617495
0.000000 0.228259 0.771741
0.000000 0.112495 0.887505
-0.000000 0.999940 0.000060
-0.000000 0.002883 0.997117
0.000000 0.948810 0.051190
-0.000000 0.232324 0.767676
0.000000 0.733500 0.266500
-0.000000 0.617513 0.382487
0.000000 0.442203 0.557797
0.000000 0.999985 0.000015
-0.000000 0.481198 0.518802
0.000000 0.989943 0.010057
-0.000000 0.545513 0.454487
0.000000 0.985018 0.014982
0.000000 0.688408 0.311592
0.000000 1.000000 0.000000
-0.000000 0.976463 0.023537
0.000000 0.149044 0.850956
0.000000 0.565069 0.434931
-0.000000 0.403492 0.596508
-0.000000 0.999328 0.000672
0.000000 0.588589 0.411411
0.000000 0.999918 0.000082
-0.000000 0.048862 0.951138
0.000000 0.989047 0.010953
-0.000000 0.101468 0.898532
0.000000 0.743123 0.256877
-0.000000 0.160424 0.839576
0.000000 0.999996 0.000004
-0.000000 0.999751 0.000249
0.000000 0.633315 0.366685
-0.000000 0.653969 0.346031
-0.000000 1.000000 0.000000
-0.000000 0.583537 0.416463
0.000000 0.987888 0.012112
-0.000000 0.047269 0.952731
0.000000 0.987424 0.012576
-0.000000 0.979941 0.020059
-0.000000 0.987184 0.012816
-0.000000 0.999942 0.000058
0.000000 0.096384 0.903616
0.000000 0.201503 0.798497
-0.000000 0.992217 0.007783
0.000000 0.030924 0.969076
0.000000 0.818544 0.181456
0.000000 0.999414 0.000586
0.000000 0.994272 0.005728
-0.000000 0.068635 0.931365
0.000000 0.999776 0.000224
-0.000000 0.999987 0.000013
-0.000000 0.482577 0.517423
-0.000000 0.957588 0.042412
0.000000 0.601540 0.398460
0.000000 0.640730 0.359270
0.000000 0.172811 0.827189
-0.000000 0.634298 0.365702
-0.000000 0.454202 0.545798
-0.000000 0.999780 0.000220
-0.000000 0.379876 0.620124
-0.000000 1.000000 0.000000
0.000000 0.999958 0.000042
0.000000 0.217857 0.782143
-0.000000 0.999602 0.000398
0.000000 0.010419 0.989581
0.000000 0.961043 0.038957
-0.000000 0.596550 0.403450
0.000000 0.001297 0.998703
-0.000000 0.006976 0.993024
0.000000 0.783710 0.216290
-0.000000 0.152717 0.847283
0.000000 0.997948 0.002052
0.000000 0.996920 0.003080
-0.000000 0.042512 0.957488
-0.000000 0.999968 0.000032
0.000000 0.656598 0.343402
0.000000 0.986277 0.013723
-0.000000 0.359580 0.640420
0.000000 0.017917 0.982083
0.000000 0.785528 0.214472
0.000000 0.017996 0.982004
0.000000 0.001333 0.998667
0.000000 0.069902 0.930098
0.000000 0.974883 0.025117
0.000000 0.696909 0.303091
-0.000000 0.318804 0.681196
0.000000 0.999900 0.000100
0.000000 0.999955 0.000045
0.000000 0.067626 0.932374
0.000000 0.523113 0.476887
0.000000 0.089091 0.910909
-0.000000 0.999013 0.000987
-0.000000 0.999979 0.000021
-0.000000 0.999943 0.000057
-0.000000 0.025252 0.974748
0.000000 0.999800 0.000200
0.000000 0.999999 0.000001
0.000000 0.999982 0.000018
-0.000000 0.294496 0.705504
-0.000000 0.963888 0.036112
0.000000 0.751236 0.248764
0.000000 0.998787 0.001213
-0.000000 0.623173 0.376827
0.000000 0.990002 0.009998
0.000000 0.654560 0.345440
0.000000 0.996355 0.003645
-0.000000 0.999212 0.000788
0.000000 0.967460 0.032540
-0.000000 0.980181 0.019819
0.000000 0.588246 0.411754
0.000000 0.999923 0.000077
-0.000000 0.999951 0.000049
0.000000 1.000000 0.000000
0.000000 0.982108 0.017892
0.000000 0.995258 0.004742
-0.000000 0.200206 0.799794
0.000000 0.984262 0.015738
0.000000 0.206549 0.793451
-0.000000 0.993700 0.006300
-0.000000 0.960112 0.039888
0.000000 0.929728 0.070272
0.000000 0.527932 0.472068
-0.000000 0.860813 0.139187
-0.000000 1.000000 0.000000
-0.000000 0.997303 0.002697
-0.000000 0.999257 0.000743
-0.000000 0.999919 0.000081
0.000000 0.931572 0.068428
0.000000 0.000500 0.999500
-0.000000 0.991017 0.008983
0.000000 0.887963 0.112037
-0.000000 0.007584 0.992416
0.000000 0.017120 0.982880
0.000000 1.000000 0.000000
-0.000000 0.999740 0.000260
0.000000 0.901892 0.098108
-0.000000 0.529985 0.470015
0.000000 0.972630 0.027370
0.000000 0.615069 0.384931
-0.000000 0.982834 0.017166
-0.000000 0.996457 0.003543
0.000000 0.999826 0.000174
0.000000 1.000000 0.000000
-0.000000 0.649607 0.350393
-0.000000 0.944558 0.055442
0.000000 0.057967 0.942033
-0.000000 0.999998 0.000002
0.000000 0.814435 0.185565
0.000000 0.000098 0.999902
-0.000000 0.103590 0.896410
-0.000000 0.996120 0.003880
0.000000 0.993684 0.006316
0.000000 0.649188 0.350812
-0.000000 0.961870 0.038130
-0.000000 0.999095 0.000905
0.000000 0.588492 0.411508
0.000000 0.003815 0.996185
-0.000000 0.484686 0.515314
0.000000 0.089912 0.910088
-0.000000 0.168086 0.831914
0.000000 1.000000 0.000000
0.000000 0.896634 0.103366
-0.000000 0.993793 0.006207
0.000000 0.020408 0.979592
0.000000 0.998094 0.001906
0.000000 0.516626 0.483374
0.000000 0.969738 0.030262
-0.000000 0.989550 0.010450
0.000000 0.000248 0.999752
0.000000 0.595655 0.404345
0.000000 0.963104 0.036896
-0.000000 0.493184 0.506816
-0.000000 0.999284 0.000716
0.000000 0.999135 0.000865
-0.000000 1.000000 0.000000
0.000000 0.112339 0.887661
-0.000000 0.440694 0.559306
-0.000000 0.999848 0.000152
0.000000 0.144255 0.855745
-0.000000 0.994864 0.005136
0.000000 0.999999 0.000001
-0.000000 0.768909 0.231091
-0.000000 0.124151 0.875849
-0.000000 0.999999 0.000001
0.000000 1.000000 0.000000
-0.000000 0.147042 0.852958
0.000000 0.000260 0.999740
0.000000 0.487348 0.512652
0.000000 0.017744 0.982256
-0.000000 0.462906 0.537094
0.000000 0.862291 0.137709
-0.000000 0.994056 0.005944
-0.000000 1.000000 -0.000000
-0.000000 0.012420 0.987580
-0.000000 0.269261 0.730739
-0.000000 0.871622 0.128378
0.000000 0.992402 0.007598
-0.000000 1.000000 0.000000
-0.000000 1.000000 0.000000
0.000000 0.916183 0.083817
-0.000000 0.998695 0.001305
-0.000000 0.999863 0.000137
0.000000 1.000000 0.000000
0.000000 0.999945 0.000055
-0.000000 0.969973 0.030027
-0.000000 0.157997 0.842003
-0.000000 0.445039 0.554961
0.000000 0.999997 0.000003
0.000000 0.902682 0.097318
0.000000 0.463471 0.536529
-0.000000 0.999840 0.000160
0.000000 0.685945 0.314055
0.000000 0.001244 0.998756
-0.000000 0.545339 0.454661
0.000000 0.031527 0.968473
0.000000 1.000000 0.000000
0.000000 0.997173 0.002827
-0.000000 1.000000 0.000000
-0.000000 0.494256 0.505744
0.000000 0.930239 0.069761
-0.000000 0.995818 0.004182
0.000000 0.503791 0.496209
-0.000000 0.036669 0.963331
-0.000000 0.787637 0.212363
-0.000000 0.707975 0.292025
0.000000 0.999806 0.000194
0.000000 0.789921 0.210079
-0.000000 0.997451 0.002549
0.000000 0.481196 0.518804
0.000000 0.871903 0.128097
0.000000 0.997881 0.002119
-0.000000 0.372654 0.627346
-0.000000 0.616332 0.383668
-0.000000 0.999991 0.000009
-0.000000 0.039877 0.960123
-0.000000 0.999999 0.000001
-0.000000 0.992238 0.007762
0.000000 0.529148 0.470852
-0.000000 1.000000 0.000000
-0.000000 0.009535 0.990465
-0.000000 0.998873 0.001127
-0.000000 0.724815 0.275185
0.000000 0.034814 0.965186
-0.000000 0.026077 0.973923
-0.000000 1.000000 0.000000
0.000000 0.999622 0.000378
-0.000000 0.999976 0.000024
-0.000000 0.993854 0.006146
-0.000000 0.014460 0.985540
-0.000000 0.014939 0.985061
0.000000 0.868530 0.131470
-0.000000 0.638676 0.361324
-0.000000 0.965275 0.034725
0.000000 0.600793 0.399207
0.000000 0.999991 0.000009
0.000000 0.971120 0.028880
0.000000 0.999800 0.000200
0.000000 0.000079 0.999921
-0.000000 0.118114 0.881886
-0.000000 1.000000 0.000000
0.000000 0.994763 0.005237
-0.000000 0.480017 0.519983
0.000000 0.953706 0.046294
0.000000 0.355747 0.644253
-0.000000 1.000000 0.000000
0.000000 1.000000 0.000000
-0.000000 0.965180 0.034820
-0.000000 0.041071 0.958929
0.000000 0.889593 0.110407
0.000000 0.168127 0.831873
0.000000 0.001313 0.998687
-0.000000 0.751371 0.248629
-0.000000 0.999981 0.000019
-0.000000 0.175021 0.824979
0.000000 0.999665 0.000335
0.000000 0.999987 0.000013
0.000000 0.318916 0.681084
-0.000000 0.238825 0.761175
0.000000 0.999984 0.000016
-0.000000 0.204905 0.795095
-0.000000 0.463912 0.536088
-0.000000 0.498849 0.501151
-0.000000 0.469979 0.530021
0.000000 0.145195 0.854805
0.000000 0.999982 0.000018
0.000000 0.787502 0.212498
-0.000000 0.999975 0.000025
0.000000 0.017185 0.982815
-0.000000 0.995900 0.004100
-0.000000 0.592561 0.407439
-0.000000 0.014064 0.985936
0.000000 0.388461 0.611539
0.000000 0.997132 0.002868
0.000000 0.275162 0.724838
0.000000 0.999874 0.000126
-0.000000 0.998435 0.001565
-0.000000 0.999997 0.000003
-0.000000 0.998432 0.001568
0.000000 0.084774 0.915226
-0.000000 1.000000 -0.000000
0.000000 0.998083 0.001917
-0.000000 1.000000 0.000000
-0.000000 0.315324 0.684676
0.000000 0.420810 0.579190
0.000000 0.271364 0.728636
0.000000 0.999980 0.000020
-0.000000 0.999993 0.000007
0.000000 0.954094 0.045906
-0.000000 1.000000 0.000000
-0.000000 0.999999 0.000001
-0.000000 0.999988 0.000012
0.000000 0.998089 0.001911
0.000000 0.999690 0.000310
-0.000000 0.010938 0.989062
-0.000000 0.996643 0.003357
0.000000 0.999877 0.000123
0.000000 0.895032 0.104968
-0.000000 0.999911 0.000089
-0.000000 0.009737 0.990263
-0.000000 0.869904 0.130096
-0.000000 0.524674 0.475326
-0.000000 0.999395 0.000605
-0.000000 1.000000 0.000000
0.000000 0.999970 0.000030
0.000000 0.000168 0.999832
-0.000000 1.000000 0.000000
-0.000000 0.959584 0.040416
0.000000 1.000000 0.000000
0.000000 0.734151 0.265849
-0.000000 1.000000 0.000000
0.000000 0.674378 0.325622
0.000000 0.782387 0.217613
0.000000 0.760215 0.239785
-0.000000 0.057239 0.942761
0.000000 0.053136 0.946864
0.000000 0.177240 0.822760
0.000000 0.999998 0.000002
0.000000 0.515267 0.484733
0.000000 0.000272 0.999728
-0.000000 0.250187 0.749813
-0.000000 0.999999 0.000001
-0.000000 0.987128 0.012872
0.000000 0.878608 0.121392
-0.000000 0.027584 0.972416
-0.000000 0.077526 0.922474
0.000000 0.800925 0.199075
0.000000 0.086050 0.913950
-0.000000 0.807763 0.192237
0.000000 0.939955 0.060045
0.000000 0.088548 0.911452
0.000000 0.350530 0.649470
0.000000 0.911725 0.088275
-0.000000 0.999999 0.000001
-0.000000 0.999978 0.000022
0.000000 0.999604 0.000396
0.000000 0.200619 0.799381
0.000000 0.610206 0.389794
-0.000000 0.997013 0.002987
-0.000000 0.943184 0.056816
-0.000000 0.471398 0.528602
-0.000000 0.566899 0.433101
0.000000 0.999999 0.000001
0.000000 1.000000 0.000000
-0.000000 0.999679 0.000321
-0.000000 0.630796 0.369204
-0.000000 0.764747 0.235253
-0.000000 0.375877 0.624123
-0.000000 0.869653 0.130347
0.000000 0.724871 0.275129
-0.000000 0.987516 0.012484
0.000000 0.073369 0.926631
-0.000000 0.180337 0.819663
-0.000000 0.224934 0.775066
-0.000000 0.992510 0.007490
0.000000 0.427882 0.572118
0.000000 0.615050 0.384950
0.000000 0.515628 0.484372
0.000000 0.994758 0.005242
0.000000 0.999999 0.000001
-0.000000 0.619039 0.380961
0.000000 0.942179 0.057821
-0.000000 0.828391 0.171609
0.000000 0.977219 0.022781
-0.000000 0.640934 0.359066
0.000000 0.999033 0.000967
0.000000 0.983566 0.016434
0.000000 0.999299 0.000701
0.000000 0.013811 0.986189
-0.000000 0.721430 0.278570
-0.000000 0.425635 0.574365
-0.000000 0.049252 0.950748
0.000000 0.717404 0.282596
-0.000000 1.000000 0.000000
-0.000000 0.989541 0.010459
0.000000 0.999991 0.000009
0.000000 0.129454 0.870546
-0.000000 0.012813 0.987187
-0.000000 0.999972 0.000028
0.000000 0.999457 0.000543
-0.000000 0.346819 0.653181
0.000000 0.020445 0.979555
0.000000 0.002097 0.997903
-0.000000 0.999949 0.000051
-0.000000 0.942133 0.057867
0.000000 1.000000 0.000000
0.000000 0.999984 0.000016
-0.000000 0.790774 0.209226
-0.000000 0.989637 0.010363
0.000000 0.221842 0.778158
0.000000 1.000000 0.000000
-0.000000 0.553744 0.446256
-0.000000 0.599640 0.400360
-0.000000 0.999658 0.000342
0.000000 0.472115 0.527885
-0.000000 0.534491 0.465509
0.000000 0.130647 0.869353
-0.000000 0.052071 0.947929
-0.000000 0.327276 0.672724
-0.000000 1.000000 0.000000
-0.000000 0.988059 0.011941
0.000000 0.830107 0.169893
0.000000 0.268018 0.731982
0.000000 0.045549 0.954451
0.000000 0.994217 0.005783
0.000000 1.000000 0.000000
-0.000000 0.964372 0.035628
0.000000 0.946179 0.053821
-0.000000 0.401126 0.598874
0.000000 0.001942 0.998058
-0.000000 0.998697 0.001303
0.000000 0.023874 0.976126
-0.000000 0.445096 0.554904
-0.000000 0.726574 0.273426
0.000000 0.999994 0.000006
-0.000000 1.000000 0.000000
0.000000 0.315721 0.684279
0.000000 0.372231 0.627769
0.000000 0.097129 0.902871
0.000000 0.999976 0.000024
0.000000 0.531741 0.468259
-0.000000 0.858691 0.141309
0.000000 0.999615 0.000385
0.000000 0.998172 0.001828
0.000000 0.087635 0.912365
0.000000 0.437564 0.562436
0.000000 0.488210 0.511790
0.000000 0.063328 0.936672
0.000000 0.059878 0.940122
-0.000000 0.998776 0.001224
-0.000000 0.520577 0.479423
0.000000 1.000000 0.000000
0.000000 1.000000 0.000000
0.000000 0.778465 0.221535
0.000000 1.000000 0.000000
-0.000000 0.986671 0.013329
0.000000 0.994515 0.005485
-0.000000 0.749469 0.250531
0.000000 0.125181 0.874819
0.000000 0.214239 0.785761
-0.000000 0.362390 0.637610
0.000000 0.272553 0.727447
-0.000000 1.000000 0.000000
0.000000 0.717279 0.282721
0.000000 0.096190 0.903810
0.000000 0.691652 0.308348
0.000000 0.000614 0.999386
-0.000000 0.995450 0.004550
-0.000000 0.994373 0.005627
-0.000000 1.000000 0.000000
-0.000000 0.179881 0.820119
-0.000000 0.617553 0.382447
0.000000 0.513766 0.486234
-0.000000 0.483395 0.516605
0.000000 0.976202 0.023798
0.000000 0.064755 0.935245
-0.000000 0.213605 0.786395
0.000000 0.161746 0.838254
0.000000 0.979606 0.020394
-0.000000 0.326675 0.673325
0.000000 0.998957 0.001043
0.000000 0.562945 0.437055
0.000000 0.999806 0.000194
0.000000 0.998367 0.001633
0.000000 0.105352 0.894648
0.000000 0.158004 0.841996
0.000000 0.585918 0.414082
-0.000000 0.497898 0.502102
-0.000000 1.000000 0.000000
-0.000000 1.000000 0.000000
-0.000000 0.300631 0.699369
0.000000 0.240440 0.759560
0.000000 0.637958 0.362042
0.000000 1.000000 0.000000
0.000000 0.999997 0.000003
0.000000 0.992559 0.007441
-0.000000 0.999999 0.000001
0.000000 0.097895 0.902105
0.000000 0.206416 0.793584
-0.000000 0.996231 0.003769
-0.000000 0.958844 0.041156
0.000000 0.055062 0.944938
0.000000 0.148476 0.851524
-0.000000 0.083654 0.916346
0.000000 0.044846 0.955154
0.000000 0.632844 0.367156
0.000000 0.755711 0.244289
-0.000000 0.285703 0.714297
-0.000000 0.999727 0.000273
-0.000000 0.999932 0.000068
0.000000 0.004872 0.995128
-0.000000 0.876604 0.123396
-0.000000 0.998029 0.001971
0.000000 0.893891 0.106109
0.000000 0.735021 0.264979
0.000000 0.432876 0.567124
0.000000 0.655999 0.344001
-0.000000 0.441359 0.558641
-0.000000 0.233231 0.766769
0.000000 0.988866 0.011134
-0.000000 0.914820 0.085180
-0.000000 0.023521 0.976479
-0.000000 0.985782 0.014218
-0.000000 0.992603 0.007397
-0.000000 0.990939 0.009061
-0.000000 0.999872 0.000128
0.000000 0.858571 0.141429
0.000000 0.185644 0.814356
-0.000000 0.995280 0.004720
-0.000000 0.121669 0.878331
-0.000000 0.394047 0.605953
-0.000000 0.997623 0.002377
0.000000 0.529001 0.470999
0.000000 0.162182 0.837818
-0.000000 0.002046 0.997954
-0.000000 0.032945 0.967055
0.000000 0.975800 0.024200
-0.000000 0.995769 0.004231
-0.000000 0.999989 0.000011
-0.000000 0.030036 0.969964
0.000000 0.997437 0.002563
0.000000 0.409583 0.590417
-0.000000 0.135566 0.864434
-0.000000 0.973240 0.026760
0.000000 0.990235 0.009765
0.000000 0.035234 0.964766
-0.000000 0.999614 0.000386
0.000000 0.861700 0.138300
0.000000 0.294612 0.705388
-0.000000 0.842106 0.157894
-0.000000 0.989529 0.010471
0.000000 0.994253 0.005747
0.000000 0.009921 0.990079
-0.000000 0.998510 0.001490
-0.000000 0.999947 0.000053
-0.000000 0.292970 0.707030
-0.000000 1.000000 0.000000
-0.000000 0.442241 0.557759
-0.000000 0.936764 0.063236
-0.000000 0.046173 0.953827
0.000000 0.999990 0.000010
0.000000 0.999989 0.000011
0.000000 0.995948 0.004052
0.000000 0.996718 0.003282
0.000000 0.004918 0.995082
0.000000 0.325191 0.674809
-0.000000 0.999997 0.000003
0.000000 0.078207 0.921793
0.000000 0.196559 0.803441
-0.000000 0.688470 0.311530
-0.000000 0.123292 0.876708
0.000000 0.501463 0.498537
0.000000 1.000000 0.000000
-0.000000 0.999896 0.000104
-0.000000 0.985810 0.014190
0.000000 0.076952 0.923048
0.000000 0.001178 0.998822
0.000000 0.078358 0.921642
-0.000000 0.989359 0.010641
0.000000 0.535791 0.464209
0.000000 0.505984 0.494016
0.000000 0.207766 0.792234
0.000000 0.210042 0.789958
0.000000 0.255992 0.744008
-0.000000 0.725427 0.274573
0.000000 0.998970 0.001030
0.000000 0.613700 0.386300
0.000000 0.192954 0.807046
-0.000000 0.114282 0.885718
-0.000000 0.016323 0.983677
-0.000000 0.999899 0.000101
0.000000 0.999961 0.000039
0.000000 0.396612 0.603388
-0.000000 0.999380 0.000620
0.000000 0.060324 0.939676
-0.000000 0.844274 0.155726
-0.000000 0.967575 0.032425
0.000000 0.202768 0.797232
0.000000 0.017231 0.982769
-0.000000 0.999673 0.000327
-0.000000 0.988097 0.011903
0.000000 0.999836 0.000164
-0.000000 0.052064 0.947936
-0.000000 0.000074 0.999926
-0.000000 0.346303 0.653697
-0.000000 0.999422 0.000578
0.000000 0.330557 0.669443
0.000000 0.065294 0.934706
0.000000 0.701229 0.298771
0.000000 1.000000 0.000000
0.000000 0.999774 0.000226
-0.000000 0.708017 0.291983
0.000000 0.935261 0.064739
0.000000 0.011990 0.988010
0.000000 0.847610 0.152390
0.000000 1.000000 0.000000
-0.000000 0.980976 0.019024
0.000000 1.000000 0.000000
0.000000 0.793732 0.206268
-0.000000 0.999827 0.000173
-0.000000 0.981436 0.018564
-0.000000 0.005227 0.994773
-0.000000 0.389958 0.610042
-0.000000 0.989041 0.010959
-0.000000 0.999791 0.000209
-0.000000 0.995901 0.004099
-0.000000 0.032374 0.967626
0.000000 0.436920 0.563080
-0.000000 0.064506 0.935494
-0.000000 0.799260 0.200740
0.000000 0.981834 0.018166
0.000000 0.999982 0.000018
0.000000 0.000142 0.999858
-0.000000 0.815650 0.184350
0.000000 0.165594 0.834406
0.000000 0.176115 0.823885
-0.000000 0.912318 0.087682
-0.000000 0.812399 0.187601
-0.000000 0.619102 0.380898
-0.000000 0.428960 0.571040
-0.000000 0.937202 0.062798
-0.000000 0.124902 0.875098
-0.000000 0.194982 0.805018
0.000000 0.999966 0.000034
-0.000000 1.000000 0.000000
0.000000 0.994788 0.005212
-0.000000 0.985605 0.014395
0.000000 0.999185 0.000815
0.000000 0.988484 0.011516
-0.000000 0.999935 0.000065
-0.000000 0.000932 0.999068
0.000000 0.394601 0.605399
-0.000000 0.914463 0.085537
0.000000 1.000000 0.000000
-0.000000 0.625923 0.374077
0.000000 0.904746 0.095254
-0.000000 0.473865 0.526135
-0.000000 0.867239 0.132761
-0.000000 1.000000 0.000000
-0.000000 1.000000 0.000000
-0.000000 0.954225 0.045775
0.000000 0.999992 0.000008
0.000000 0.999976 0.000024
0.000000 0.999381 0.000619
-0.000000 1.000000 0.000000
-0.000000 0.999883 0.000117
-0.000000 0.572488 0.427512
0.000000 0.210097 0.789903
-0.000000 0.052586 0.947414
0.000000 0.574992 0.425008
0.000000 0.823783 0.176217
-0.000000 0.191645 0.808355
0.000000 0.885078 0.114922
-0.000000 0.999982 0.000018
-0.000000 0.025921 0.974079
-0.000000 0.002120 0.997880
-0.000000 0.659559 0.340441
-0.000000 0.290434 0.709566
0.000000 0.036745 0.963255
0.000000 0.527753 0.472247
0.000000 1.000000 0.000000
-0.000000 0.873512 0.126488
0.000000 0.949007 0.050993
0.000000 0.372197 0.627803
0.000000 0.999989 0.000011
0.000000 0.525815 0.474185
0.000000 0.414825 0.585175
-0.000000 0.837107 0.162893
-0.000000 0.983407 0.016593
-0.000000 0.802964 0.197036
-0.000000 0.999732 0.000268
-0.000000 1.000000 0.000000
-0.000000 1.000000 0.000000
-0.000000 0.135328 0.864672
0.000000 0.999981 0.000019
-0.000000 0.997173 0.002827
0.000000 0.512634 0.487366
-0.000000 0.999835 0.000165
0.000000 0.984080 0.015920
-0.000000 0.999730 0.000270
0.000000 0.275029 0.724971
-0.000000 0.999015 0.000985
0.000000 1.000000 0.000000
0.000000 0.513316 0.486684
0.000000 0.369999 0.630001
0.000000 0.467436 0.532564
-0.000000 0.005525 0.994475
-0.000000 0.995954 0.004046
-0.000000 0.137634 0.862366
-0.000000 0.992477 0.007523
0.000000 0.361740 0.638260
0.000000 0.935898 0.064102
-0.000000 0.954849 0.045151
0.000000 0.064240 0.935760
-0.000000 0.887439 0.112561
0.000000 0.317401 0.682599
0.000000 0.179890 0.820110
-0.000000 0.426626 0.573374
-0.000000 0.336152 0.663848
0.000000 0.094332 0.905668
-0.000000 1.000000 0.000000
0.000000 0.072714 0.927286
-0.000000 0.114767 0.885233
0.000000 0.999827 0.000173
-0.000000 0.859869 0.140131
0.000000 0.999999 0.000001
-0.000000 0.002848 0.997152
0.000000 0.999986 0.000014
-0.000000 0.982509 0.017491
0.000000 0.999979 0.000021
-0.000000 0.777645 0.222355
-0.000000 0.844049 0.155951
-0.000000 0.276907 0.723093
0.000000 0.049898 0.950102
-0.000000 0.989965 0.010035
-0.000000 1.000000 0.000000
-0.000000 0.999587 0.000413
-0.000000 0.007418 0.992582
-0.000000 0.445842 0.554158
-0.000000 1.000000 0.000000
0.000000 0.997819 0.002181
-0.000000 0.995853 0.004147
0.000000 0.996919 0.003081
0.000000 0.032198 0.967802
0.000000 0.921064 0.078936
0.000000 0.286264 0.713736
-0.000000 0.718888 0.281112
0.000000 0.999992 0.000008
-0.000000 0.339707 0.660293
-0.000000 1.000000 0.000000
0.000000 0.975211 0.024789
0.000000 0.451178 0.548822
-0.000000 0.996098 0.003902
-0.000000 0.999971 0.000029
-0.000000 0.149281 0.850719
-0.000000 0.745448 0.254552
0.000000 0.722412 0.277588
-0.000000 0.999614 0.000386
-0.000000 0.844496 0.155504
0.000000 0.758006 0.241994
-0.000000 1.000000 0.000000
0.000000 0.499972 0.500028
-0.000000 0.999788 0.000212
0.000000 0.159364 0.840636
0.000000 0.999992 0.000008
0.000000 0.055620 0.944380
0.000000 0.194983 0.805017
0.000000 0.351943 0.648057
-0.000000 1.000000 0.000000
0.000000 0.999417 0.000583
0.000000 0.895422 0.104578
0.000000 0.942031 0.057969
0.000000 0.423797 0.576203
0.000000 0.818786 0.181214
0.000000 0.997866 0.002134
-0.000000 0.999366 0.000634
-0.000000 0.020579 0.979421
-0.000000 0.368030 0.631970
0.000000 0.644346 0.355654
0.000000 0.013624 0.986376
0.000000 0.190878 0.809122
0.000000 0.999970 0.000030
0.000000 0.999994 0.000006
-0.000000 0.941576 0.058424
-0.000000 0.727831 0.272169
-0.000000 1.000000 0.000000
-0.000000 0.979525 0.020475
-0.000000 0.968813 0.031187
0.000000 0.999867 0.000133
0.000000 0.057530 0.942470
-0.000000 0.288615 0.711385
-0.000000 0.245549 0.754451
0.000000 1.000000 0.000000
0.000000 0.799354 0.200646
-0.000000 0.387669 0.612331
-0.000000 0.912326 0.087674
0.000000 0.000506 0.999494
0.000000 0.600517 0.399483
-0.000000 0.998679 0.001321
-0.000000 0.913785 0.086215
0.000000 0.438298 0.561702
-0.000000 0.999893 0.000107
0.000000 0.220449 0.779551
0.000000 0.527835 0.472165
0.000000 1.000000 0.000000
0.000000 0.258571 0.741429
-0.000000 0.995902 0.004098
0.000000 0.007461 0.992539
-0.000000 0.809166 0.190834
-0.000000 0.154388 0.845612
0.000000 0.137620 0.862380
0.000000 0.980689 0.019311
0.000000 0.999086 0.000914
0.000000 0.939451 0.060549
0.000000 0.989781 0.010219
-0.000000 1.000000 0.000000
0.000000 0.999787 0.000213
-0.000000 0.008811 0.991189
-0.000000 0.432233 0.567767
0.000000 0.334376 0.665624
-0.000000 0.050941 0.949059
0.000000 0.646912 0.353088
0.000000 0.968113 0.031887
0.000000 0.455066 0.544934
-0.000000 0.986975 0.013025
0.000000 0.999940 0.000060
-0.000000 0.999960 0.000040
-0.000000 0.923091 0.076909
-0.000000 0.852881 0.147119
0.000000 0.102682 0.897318
0.000000 0.999998 0.000002
0.000000 0.854752 0.145248
-0.000000 0.638049 0.361951
0.000000 0.606531 0.393469
-0.000000 0.037896 0.962104
-0.000000 0.999998 0.000002
-0.000000 0.967639 0.032361
-0.000000 0.513349 0.486651
0.000000 0.359748 0.640252
0.000000 0.548662 0.451338
0.000000 0.226050 0.773950
0.000000 0.977300 0.022700
-0.000000 0.401237 0.598763
-0.000000 0.929001 0.070999
-0.000000 0.124204 0.875796
-0.000000 0.999886 0.000114
-0.000000 0.188591 0.811409
0.000000 0.498760 0.501240
0.000000 0.471576 0.528424
0.000000 0.998092 0.001908
0.000000 0.636203 0.363797
-0.000000 0.602980 0.397020
-0.000000 0.990409 0.009591
0.000000 0.184260 0.815740
-0.000000 0.999965 0.000035
-0.000000 0.999873 0.000127
-0.000000 0.993673 0.006327
-0.000000 0.560969 0.439031
0.000000 0.907463 0.092537
-0.000000 0.562809 0.437191
0.000000 0.990317 0.009683
0.000000 0.153874 0.846126
-0.000000 0.999615 0.000385
0.000000 0.999406 0.000594
-0.000000 0.042577 0.957423
0.000000 0.606587 0.393413
-0.000000 0.999804 0.000196
0.000000 0.984394 0.015606
0.000000 0.933087 0.066913
-0.000000 0.995916 0.004084
-0.000000 1.000000 0.000000
-0.000000 0.243556 0.756444
-0.000000 0.932156 0.067844
-0.000000 1.000000 0.000000
0.000000 0.999586 0.000414
0.000000 0.999995 0.000005
0.000000 0.992627 0.007373
-0.000000 0.129993 0.870007
0.000000 0.999983 0.000017
-0.000000 0.999992 0.000008
-0.000000 1.000000 0.000000
-0.000000 0.730664 0.269336
-0.000000 0.114436 0.885564
0.000000 1.000000 0.000000
0.000000 0.221330 0.778670
0.000000 0.050718 0.949282
0.000000 0.999957 0.000043
-0.000000 1.000000 0.000000
0.000000 1.000000 0.000000
-0.000000 0.626353 0.373647
-0.000000 0.999989 0.000011
-0.000000 0.518457 0.481543
-0.000000 0.870138 0.129862
0.000000 0.383114 0.616886
0.000000 0.274545 0.725455
0.000000 0.866443 0.133557
-0.000000 0.290229 0.709771
0.000000 0.136833 0.863167
0.000000 0.978508 0.021492
0.000000 0.001716 0.998284
-0.000000 0.013873 0.986127
0.000000 0.978120 0.021880
-0.000000 0.999161 0.000839
-0.000000 0.006531 0.993469
0.000000 1.000000 -0.000000
0.000000 0.987679 0.012321
0.000000 0.979589 0.020411
0.000000 0.389660 0.610340
-0.000000 0.141487 0.858513
-0.000000 0.897809 0.102191
-0.000000 0.993560 0.006440
0.000000 0.958575 0.041425
0.000000 0.999967 0.000033
0.000000 0.446372 0.553628
-0.000000 0.231408 0.768592
-0.000000 0.997710 0.002290
-0.000000 0.688976 0.311024
0.000000 0.998514 0.001486
-0.000000 0.708699 0.291301
-0.000000 0.999689 0.000311
-0.000000 0.775836 0.224164
0.000000 0.776343 0.223657
0.000000 0.395797 0.604203
-0.000000 0.002775 0.997225
0.000000 0.999768 0.000232
0.000000 0.956485 0.043515
-0.000000 0.163911 0.836089
0.000000 0.436755 0.563245
-0.000000 0.999936 0.000064
-0.000000 0.982669 0.017331
0.000000 0.999976 0.000024
0.000000 0.092887 0.907113
0.000000 0.435258 0.564742
0.000000 0.999746 0.000254
-0.000000 0.001164 0.998836
0.000000 0.999586 0.000414
0.000000 1.000000 0.000000
-0.000000 0.245685 0.754315
-0.000000 0.996460 0.003540
0.000000 0.993043 0.006957
0.000000 0.659113 0.340887
0.000000 0.078612 0.921388
-0.000000 0.623418 0.376582
-0.000000 0.999995 0.000005
-0.000000 0.150838 0.849162
0.000000 0.999053 0.000947
-0.000000 0.999088 0.000912
-0.000000 0.563382 0.436618
-0.000000 0.991359 0.008641
-0.000000 0.960155 0.039845
0.000000 1.000000 0.000000
0.000000 0.999475 0.000525
0.000000 0.771087 0.228913
0.000000 0.746574 0.253426
0.000000 0.999952 0.000048
-0.000000 0.998928 0.001072
0.000000 0.057324 0.942676
0.000000 0.999507 0.000493
-0.000000 0.251637 0.748363
-0.000000 0.591876 0.408124
0.000000 0.999425 0.000575
-0.000000 0.438954 0.561046
-0.000000 0.997494 0.002506
0.000000 0.999887 0.000113
-0.000000 0.009974 0.990026
0.000000 0.999365 0.000635
0.000000 0.963936 0.036064
0.000000 0.999492 0.000508
-0.000000 0.988629 0.011371
-0.000000 0.730061 0.269939
-0.000000 1.000000 0.000000
0.000000 0.587835 0.412165
0.000000 0.176983 0.823017
-0.000000 0.017576 0.982424
-0.000000 1.000000 0.000000
-0.000000 0.997498 0.002502
0.000000 0.979252 0.020748
-0.000000 0.999983 0.000017
0.000000 0.055567 0.944433
-0.000000 0.091821 0.908179
-0.000000 0.078878 0.921122
-0.000000 0.999990 0.000010
0.000000 0.998698 0.001302
-0.000000 0.614927 0.385073
-0.000000 0.999805 0.000195
-0.000000 0.047464 0.952536
0.000000 0.281066 0.718934
0.000000 0.999982 0.000018
0.000000 0.162703 0.837297
-0.000000 0.994745 0.005255
0.000000 0.999965 0.000035
-0.000000 0.718333 0.281667
-0.000000 0.883985 0.116015
0.000000 1.000000 -0.000000
-0.000000 0.999999 0.000001
0.000000 0.055631 0.944369
0.000000 0.984315 0.015685
-0.000000 0.994513 0.005487
-0.000000 1.000000 0.000000
-0.000000 0.114471 0.885529
-0.000000 0.366802 0.633198
0.000000 1.000000 0.000000
0.000000 0.999691 0.000309
0.000000 0.023792 0.976208
0.000000 0.010987 0.989013
0.000000 0.714330 0.285670
-0.000000 0.999906 0.000094
-0.000000 0.999357 0.000643
-0.000000 0.925191 0.074809
-0.000000 0.999858 0.000142
0.000000 0.999897 0.000103
0.000000 0.897271 0.102729
0.000000 1.000000 0.000000
0.000000 0.575792 0.424208
0.000000 0.646346 0.353654
0.000000 0.764165 0.235835
0.000000 0.200256 0.799744
-0.000000 0.999996 0.000004
0.000000 0.998496 0.001504
0.000000 0.094677 0.905323
0.000000 0.994133 0.005867
0.000000 0.352017 0.647983
-0.000000 0.473724 0.526276
0.000000 0.754930 0.245070
0.000000 0.615384 0.384616
-0.000000 0.001083 0.998917
-0.000000 0.256386 0.743614
-0.000000 0.511093 0.488907
0.000000 0.999970 0.000030
-0.000000 0.947113 0.052887
-0.000000 0.999995 0.000005
0.000000 0.910237 0.089763
0.000000 0.971594 0.028406
-0.000000 0.833422 0.166578
-0.000000 0.992060 0.007940
0.000000 0.454620 0.545380
0.000000 0.994647 0.005353
-0.000000 0.474957 0.525043
0.000000 0.175995 0.824005
0.000000 0.744997 0.255003
-0.000000 0.097051 0.902949
0.000000 0.988968 0.011032
0.000000 0.946752 0.053248
0.000000 0.580842 0.419158
0.000000 0.750151 0.249849
0.000000 0.676806 0.323194
0.000000 0.000116 0.999884
0.000000 1.000000 0.000000
0.000000 0.094181 0.905819
0.000000 0.490786 0.509214
0.000000 0.985316 0.014684
0.000000 0.000709 0.999291
-0.000000 0.293807 0.706193
-0.000000 0.121842 0.878158
0.000000 0.988005 0.011995
-0.000000 0.095234 0.904766
0.000000 0.994750 0.005250
0.000000 1.000000 -0.000000
0.000000 0.982747 0.017253
-0.000000 0.999984 0.000016
0.000000 0.980790 0.019210
-0.000000 0.936060 0.063940
0.000000 0.230858 0.769142
-0.000000 0.202886 0.797114
0.000000 0.697915 0.302085
0.000000 0.244423 0.755577
0.000000 0.853540 0.146460
0.000000 0.998283 0.001717
-0.000000 0.000751 0.999249
-0.000000 0.652492 0.347508
-0.000000 0.522018 0.477982
0.000000 0.197801 0.802199
0.000000 0.984790 0.015210
0.000000 0.996452 0.003548
0.000000 0.993580 0.006420
0.000000 0.999987 0.000013
-0.000000 0.995367 0.004633
-0.000000 0.819062 0.180938
0.000000 0.996447 0.003553
-0.000000 0.101989 0.898011
0.000000 1.000000 0.000000
0.000000 0.414487 0.585513
0.000000 0.999946 0.000054
-0.000000 1.000000 0.000000
-0.000000 0.494057 0.505943
0.000000 0.999197 0.000803
0.000000 1.000000 0.000000
0.000000 0.317910 0.682090
0.000000 0.023773 0.976227
-0.000000 0.046645 0.953355
-0.000000 0.033566 0.966434
0.000000 0.999926 0.000074
-0.000000 0.927097 0.072903
-0.000000 0.473841 0.526159
-0.000000 0.708750 0.291250
-0.000000 0.999662 0.000338
0.000000 0.855976 0.144024
-0.000000 0.078628 0.921372
0.000000 0.694722 0.305278
0.000000 0.451532 0.548468
-0.000000 0.295745 0.704255
0.000000 0.999986 0.000014
0.000000 0.889668 0.110332
-0.000000 1.000000 0.000000
0.000000 0.147293 0.852707
0.000000 0.999958 0.000042
0.000000 0.777230 0.222770
-0.000000 0.999996 0.000004
0.000000 0.306104 0.693896
0.000000 0.071607 0.928393
0.000000 0.259130 0.740870
0.000000 0.997690 0.002310
0.000000 0.015923 0.984077
0.000000 0.054730 0.945270
0.000000 0.999825 0.000175
-0.000000 0.452192 0.547808
0.000000 0.998093 0.001907
0.000000 0.257662 0.742338
0.000000 0.991814 0.008186
-0.000000 0.186538 0.813462
0.000000 0.985405 0.014595
0.000000 0.429933 0.570067
0.000000 0.142492 0.857508
-0.000000 0.998334 0.001666
0.000000 0.968367 0.031633
-0.000000 0.999883 0.000117
-0.000000 0.997185 0.002815
-0.000000 0.602085 0.397915
-0.000000 0.889606 0.110394
-0.000000 0.253226 0.746774
-0.000000 0.951057 0.048943
-0.000000 0.862948 0.137052
0.000000 0.999292 0.000708
-0.000000 0.336089 0.663911
0.000000 0.053610 0.946390
0.000000 0.970395 0.029605
0.000000 0.972093 0.027907
-0.000000 0.999375 0.000625
-0.000000 0.185190 0.814810
-0.000000 0.517996 0.482004
-0.000000 0.987769 0.012231
0.000000 0.998813 0.001187
-0.000000 0.977533 0.022467
0.000000 0.410498 0.589502
-0.000000 0.042498 0.957502
-0.000000 0.270077 0.729923
-0.000000 0.998325 0.001675
0.000000 0.994724 0.005276
-0.000000 0.188709 0.811291
0.000000 0.998851 0.001149
0.000000 0.917349 0.082651
-0.000000 0.999933 0.000067
0.000000 1.000000 0.000000
-0.000000 0.999997 0.000003
-0.000000 1.000000 0.000000
0.000000 0.554687 0.445313
0.000000 0.910004 0.089996
-0.000000 0.585246 0.414754
0.000000 0.007721 0.992279
-0.000000 0.006008 0.993992
-0.000000 0.986485 0.013515
-0.000000 0.999581 0.000419
0.000000 0.999939 0.000061
0.000000 0.927398 0.072602
-0.000000 0.099069 0.900931
0.000000 0.023300 0.976700
-0.000000 0.999305 0.000695
0.000000 0.341584 0.658416
-0.000000 0.998652 0.001348
0.000000 0.626739 0.373261
0.000000 0.031905 0.968095
0.000000 0.621673 0.378327
0.000000 0.998978 0.001022
0.000000 0.001972 0.998028
0.000000 0.999989 0.000011
0.000000 0.999190 0.000810
-0.000000 0.793328 0.206672
0.000000 0.958069 0.041931
-0.000000 0.279795 0.720205
0.000000 0.872362 0.127638
0.000000 0.004690 0.995310
0.000000 0.096866 0.903134
-0.000000 0.999464 0.000536
-0.000000 1.000000 0.000000
0.000000 0.950213 0.049787
0.000000 0.126781 0.873219
-0.000000 0.758102 0.241898
0.000000 0.990352 0.009648
0.000000 0.999999 0.000001
-0.000000 0.302434 0.697566
-0.000000 1.000000 0.000000
0.000000 0.994550 0.005450
0.000000 0.007354 0.992646
0.000000 0.574492 0.425508
0.000000 0.880583 0.119417
0.000000 0.999999 0.000001
-0.000000 0.040068 0.959932
-0.000000 0.999997 0.000003
-0.000000 0.998375 0.001625
0.000000 0.731040 0.268960
0.000000 0.982767 0.017233
0.000000 0.796116 0.203884
0.000000 0.089772 0.910228
-0.000000 0.019175 0.980825
0.000000 0.000800 0.999200
0.000000 0.999999 0.000001
-0.000000 0.976299 0.023701
0.000000 0.622590 0.377410
-0.000000 0.991167 0.008833
-0.000000 1.000000 -0.000000
-0.000000 0.933831 0.066169
-0.000000 0.100051 0.899949
0.000000 0.871244 0.128756
-0.000000 0.123198 0.876802
-0.000000 0.909567 0.090433
0.000000 0.091108 0.908892
-0.000000 0.139984 0.860016
0.000000 0.812468 0.187532
0.000000 0.975304 0.024696
0.000000 0.201276 0.798724
-0.000000 0.999443 0.000557
0.000000 0.750553 0.249447
-0.000000 0.602067 0.397933
0.000000 0.735998 0.264002
0.000000 1.000000 0.000000
-0.000000 0.953293 0.046707
0.000000 0.322314 0.677686
0.000000 0.918959 0.081041
0.000000 0.000607 0.999393
-0.000000 0.917945 0.082055
0.000000 0.542556 0.457444
0.000000 0.990093 0.009907
-0.000000 0.226320 0.773680
0.000000 0.975305 0.024695
0.000000 0.629263 0.370737
-0.000000 0.174637 0.825363
0.000000 0.783659 0.216341
-0.000000 0.999809 0.000191
-0.000000 0.999013 0.000987
0.000000 0.385391 0.614609
-0.000000 0.989221 0.010779
-0.000000 0.999890 0.000110
-0.000000 1.000000 0.000000
0.000000 0.940052 0.059948
0.000000 0.999961 0.000039
0.000000 0.999999 0.000001
0.000000 0.648057 0.351943
-0.000000 0.790116 0.209884
0.000000 0.211171 0.788829
0.000000 0.079503 0.920497
0.000000 0.985721 0.014279
0.000000 0.193375 0.806625
0.000000 0.012937 0.987063
0.000000 0.944815 0.055185
0.000000 0.099239 0.900761
0.000000 0.012945 0.987055
0.000000 0.108342 0.891658
0.000000 0.076963 0.923037
0.000000 0.089150 0.910850
-0.000000 0.948037 0.051963
0.000000 0.675603 0.324397
-0.000000 0.694089 0.305911
-0.000000 0.999998 0.000002
0.000000 0.017519 0.982481
0.000000 0.330495 0.669505
0.000000 0.998052 0.001948
-0.000000 0.899240 0.100760
-0.000000 0.001648 0.998352
-0.000000 0.025113 0.974887
-0.000000 0.155503 0.844497
0.000000 0.497438 0.502562
0.000000 0.999663 0.000337
0.000000 0.294373 0.705627
0.000000 0.088226 0.911774
-0.000000 0.306801 0.693199
-0.000000 0.996048 0.003952
-0.000000 0.885776 0.114224
-0.000000 0.000323 0.999677
0.000000 0.941773 0.058227
0.000000 0.999998 0.000002
0.000000 0.939210 0.060790
0.000000 0.109922 0.890078
0.000000 0.177683 0.822317
-0.000000 0.620691 0.379309
0.000000 0.687529 0.312471
0.000000 0.030900 0.969100
-0.000000 0.131959 0.868041
0.000000 0.992414 0.007586
-0.000000 0.961942 0.038058
-0.000000 0.440422 0.559578
0.000000 0.997296 0.002704
-0.000000 0.995602 0.004398
0.000000 0.993387 0.006613
-0.000000 0.999971 0.000029
0.000000 0.949262 0.050738
0.000000 0.297354 0.702646
0.000000 0.999999 0.000001
0.000000 0.182508 0.817492
-0.000000 0.999990 0.000010
-0.000000 0.400672 0.599328
0.000000 0.033236 0.966764
-0.000000 0.906097 0.093903
0.000000 0.000870 0.999130
-0.000000 0.999791 0.000209
0.000000 0.993548 0.006452
-0.000000 0.999888 0.000112
0.000000 0.175907 0.824093
0.000000 0.552979 0.447021
0.000000 0.030629 0.969371
-0.000000 0.745728 0.254272
-0.000000 0.999543 0.000457
-0.000000 0.969819 0.030181
-0.000000 0.005891 0.994109
-0.000000 0.985316 0.014684
-0.000000 0.999992 0.000008
-0.000000 0.529795 0.470205
0.000000 0.014019 0.985981
-0.000000 0.002598 0.997402
0.000000 1.000000 0.000000
-0.000000 0.012779 0.987221
0.000000 0.874800 0.125200
-0.000000 0.971859 0.028141
-0.000000 0.999013 0.000987
-0.000000 0.999291 0.000709
0.000000 0.861329 0.138671
0.000000 0.999936 0.000064
