0.000191 0.978170 0.020046 0.000254 0.001327 0.000012
0.005876 0.631376 0.319016 0.003413 0.034473 0.005848
0.872851 0.007684 0.107094 0.006614 0.005395 0.000363
0.755588 0.083757 0.108531 0.049579 0.002318 0.000227
0.000269 0.973186 0.025677 0.000351 0.000461 0.000057
0.000166 0.980504 0.017308 0.000232 0.001783 0.000007
0.167181 0.183612 0.000000 0.635022 0.013227 0.000957
0.847311 0.010020 0.127418 0.005847 0.009363 0.000041
0.000024 0.994893 0.000289 0.000129 0.004666 0.000000
0.002788 0.020624 0.096982 0.877597 0.001951 0.000058
0.008419 0.000000 0.002476 0.004699 0.163716 0.820690
0.197499 0.139686 0.000000 0.653836 0.000918 0.008061
0.960811 0.011408 0.020842 0.001392 0.004931 0.000617
0.941360 0.018705 0.034614 0.001070 0.004179 0.000073
0.000513 0.031289 0.007739 0.895835 0.023538 0.041085
0.703070 0.067851 0.162745 0.003744 0.062575 0.000014
0.000531 0.035971 0.009416 0.893914 0.021920 0.038249
0.039285 0.273379 0.504368 0.108422 0.068559 0.005986
0.000209 0.977179 0.021145 0.000278 0.001165 0.000024
0.138791 0.055045 0.572259 0.187151 0.003336 0.043419
0.014878 0.000000 0.015780 0.006737 0.160208 0.802397
0.000248 0.975125 0.023396 0.000334 0.000843 0.000054
0.002931 0.023608 0.115990 0.856261 0.001171 0.000040
0.757668 0.046055 0.170974 0.018412 0.001582 0.005309
0.267987 0.158113 0.086109 0.405920 0.035763 0.046110
0.002924 0.032207 0.131962 0.828247 0.004650 0.000010
0.953247 0.014305 0.028210 0.001209 0.002693 0.000336
0.038574 0.345807 0.167659 0.038701 0.408784 0.000475
0.000726 0.089347 0.028218 0.870434 0.005167 0.006108
0.976030 0.005580 0.006011 0.001760 0.009439 0.001180
0.000658 0.309435 0.052637 0.018139 0.618239 0.000891
0.000638 0.976110 0.018476 0.001192 0.002922 0.000662
0.039479 0.002825 0.853860 0.000978 0.102122 0.000736
0.000266 0.973953 0.024719 0.000357 0.000640 0.000065
0.397162 0.003981 0.468103 0.006778 0.105999 0.017977
0.002323 0.000000 0.002215 0.002400 0.990806 0.002255
0.000245 0.975257 0.023256 0.000329 0.000861 0.000051
0.925023 0.024442 0.032891 0.001182 0.016392 0.000070
0.000269 0.972178 0.026956 0.000338 0.000215 0.000043
0.000226 0.976363 0.022026 0.000303 0.001044 0.000038
0.968696 0.008388 0.013156 0.001583 0.007268 0.000909
0.000625 0.060982 0.018376 0.883667 0.013256 0.023094
0.277664 0.533245 0.082798 0.038220 0.068011 0.000062
0.608248 0.244970 0.097255 0.011637 0.029583 0.008307
0.045594 0.892689 0.021142 0.032807 0.007610 0.000158
0.007331 0.000000 0.000235 0.004355 0.164323 0.823756
0.093433 0.810047 0.045097 0.049843 0.000526 0.001054
0.503554 0.347211 0.091142 0.000664 0.057206 0.000223
0.103518 0.788319 0.041231 0.062343 0.001542 0.003045
0.220585 0.042487 0.245239 0.362820 0.009191 0.119677
0.000243 0.973236 0.025858 0.000295 0.000351 0.000018
0.000269 0.972245 0.026868 0.000340 0.000233 0.000045
0.000036 0.993657 0.001750 0.000138 0.004418 0.000001
0.000233 0.976016 0.022404 0.000313 0.000990 0.000043
0.000235 0.974103 0.024819 0.000292 0.000531 0.000020
0.739451 0.066868 0.000240 0.021369 0.134227 0.037844
0.000190 0.000909 0.066142 0.064630 0.866950 0.001179
0.012462 0.000000 0.010805 0.005974 0.161569 0.809190
0.730187 0.060674 0.148712 0.004121 0.056251 0.000055
0.000061 0.991005 0.004893 0.000155 0.003884 0.000001
0.000326 0.972933 0.025457 0.000472 0.000670 0.000141
0.008304 0.004504 0.831461 0.103253 0.043096 0.009382
0.813817 0.014416 0.146204 0.020612 0.004835 0.000115
0.000218 0.976749 0.021608 0.000292 0.001102 0.000032
0.923247 0.004412 0.051835 0.009036 0.010322 0.001149
0.000194 0.977864 0.020412 0.000255 0.001264 0.000011
0.953177 0.014317 0.027785 0.001221 0.003149 0.000351
0.006780 0.665179 0.320193 0.006580 0.000239 0.001030
0.008048 0.083701 0.045243 0.823246 0.025667 0.014096
0.611290 0.134633 0.000245 0.003328 0.250501 0.000003
0.239888 0.499559 0.253754 0.006662 0.000000 0.000137
0.000023 0.994999 0.000164 0.000128 0.004687 0.000000
0.638668 0.143240 0.190132 0.011753 0.015895 0.000311
0.000372 0.129383 0.012951 0.704540 0.152349 0.000405
0.307687 0.422315 0.071504 0.077734 0.120695 0.000064
0.856505 0.083706 0.020253 0.001428 0.027562 0.010546
0.956506 0.013055 0.024963 0.001290 0.003728 0.000460
0.587916 0.272604 0.112321 0.010127 0.013310 0.003722
0.180449 0.595439 0.122413 0.091245 0.005644 0.004810
0.869019 0.007734 0.113558 0.006294 0.003116 0.000280
0.000715 0.976954 0.016680 0.001370 0.003491 0.000790
0.000258 0.972471 0.026690 0.000317 0.000234 0.000030
0.693717 0.076522 0.128939 0.086210 0.009299 0.005313
0.250280 0.005953 0.523106 0.003682 0.215811 0.001168
0.003544 0.000349 0.093053 0.235847 0.398996 0.268211
0.023596 0.000000 0.952058 0.011566 0.011321 0.001459
0.000217 0.975710 0.022946 0.000274 0.000839 0.000015
0.646824 0.225302 0.124588 0.000647 0.002102 0.000537
0.000543 0.039122 0.010550 0.892651 0.020798 0.036336
0.000056 0.991590 0.004197 0.000152 0.004004 0.000002
0.000704 0.082950 0.026047 0.873666 0.006725 0.009907
0.558618 0.007028 0.391845 0.030766 0.008662 0.003080
0.270479 0.005614 0.567983 0.003793 0.150581 0.001550
0.556675 0.149324 0.223017 0.055708 0.014477 0.000798
0.013050 0.000000 0.012016 0.006160 0.161233 0.807541
0.855135 0.008946 0.125259 0.005838 0.004723 0.000099
0.007229 0.000000 0.000024 0.004323 0.164380 0.824044
0.003134 0.225760 0.632676 0.026643 0.098219 0.013568
0.000152 0.982005 0.015525 0.000223 0.002088 0.000007
0.456396 0.116872 0.375531 0.027506 0.021886 0.001808
0.774371 0.018432 0.136942 0.021762 0.048420 0.000073
0.000228 0.974122 0.024862 0.000277 0.000502 0.000009
0.717846 0.064008 0.157699 0.003899 0.056517 0.000032
0.000168 0.979957 0.017987 0.000229 0.001658 0.000002
0.145720 0.001059 0.004045 0.075054 0.549977 0.224145
0.065138 0.046192 0.706331 0.000000 0.152999 0.029340
0.000296 0.973271 0.025314 0.000411 0.000609 0.000099
0.000251 0.138270 0.007050 0.655036 0.198679 0.000713
0.031987 0.023693 0.782559 0.016022 0.145665 0.000074
0.000168 0.979897 0.018058 0.000229 0.001646 0.000002
0.020175 0.000000 0.026692 0.008408 0.157317 0.787408
0.000274 0.972347 0.026695 0.000351 0.000280 0.000053
0.007829 0.000000 0.001261 0.004512 0.164045 0.822353
0.000036 0.000618 0.005861 0.029562 0.963831 0.000092
0.000042 0.993048 0.002471 0.000142 0.004296 0.000001
0.000602 0.055298 0.016256 0.885572 0.015681 0.026591
0.302831 0.111223 0.521262 0.006368 0.058311 0.000004
0.000262 0.972081 0.027150 0.000321 0.000157 0.000030
0.000355 0.001237 0.133191 0.101206 0.762757 0.001255
0.004746 0.004346 0.879112 0.004352 0.101898 0.005546
0.011876 0.000000 0.009597 0.005789 0.161873 0.810865
0.000435 0.010579 0.000324 0.904342 0.030688 0.053631
0.032124 0.003630 0.709810 0.000914 0.253347 0.000175
0.674492 0.074835 0.155323 0.003782 0.091558 0.000010
0.000355 0.973092 0.024980 0.000538 0.000847 0.000188
0.000131 0.984092 0.013062 0.000207 0.002503 0.000006
0.256912 0.258668 0.233391 0.098676 0.151850 0.000503
0.699165 0.068851 0.211174 0.015510 0.003805 0.001495
0.021486 0.003185 0.008641 0.014154 0.952116 0.000418
0.000216 0.977086 0.021196 0.000292 0.001176 0.000034
0.334355 0.203455 0.286719 0.113693 0.057078 0.004700
0.002994 0.026763 0.128011 0.840668 0.001539 0.000025
0.926690 0.023848 0.032768 0.001179 0.015434 0.000081
0.959443 0.011932 0.022159 0.001359 0.004541 0.000566
0.144113 0.071621 0.170846 0.006550 0.606854 0.000016
0.000055 0.991692 0.004076 0.000152 0.004024 0.000002
0.118344 0.429848 0.011210 0.006225 0.434322 0.000050
0.327971 0.385589 0.275938 0.009288 0.000000 0.001214
0.931324 0.022194 0.032374 0.001173 0.012823 0.000112
0.000302 0.973968 0.024369 0.000434 0.000810 0.000119
0.131219 0.006060 0.069840 0.045133 0.734244 0.013503
0.237965 0.108797 0.534484 0.113228 0.005526 0.000000
0.000071 0.990107 0.005950 0.000163 0.003707 0.000002
0.332242 0.017953 0.636161 0.005075 0.007731 0.000838
0.000227 0.976350 0.022031 0.000306 0.001046 0.000040
0.003338 0.000000 0.004247 0.002722 0.986229 0.003464
0.061840 0.865122 0.030310 0.037561 0.004914 0.000254
0.668512 0.210419 0.114781 0.000722 0.004054 0.001511
0.000247 0.973068 0.026032 0.000302 0.000329 0.000022
0.004170 0.000000 0.198302 0.780334 0.003059 0.014136
0.860727 0.025529 0.058224 0.006385 0.048842 0.000293
0.000144 0.982808 0.014572 0.000218 0.002250 0.000007
0.645111 0.142385 0.181032 0.012427 0.018345 0.000700
0.036710 0.002904 0.847975 0.000888 0.111259 0.000264
0.000178 0.979701 0.018217 0.000247 0.001643 0.000014
0.109733 0.174032 0.623816 0.050430 0.028217 0.013771
0.949940 0.015561 0.031078 0.001139 0.002056 0.000226
0.207802 0.000000 0.694152 0.014628 0.064207 0.019212
0.024485 0.000000 0.921741 0.007634 0.046139 0.000001
0.000444 0.121417 0.016068 0.737949 0.122632 0.001490
0.000028 0.994498 0.000756 0.000132 0.004587 0.000000
0.148506 0.695001 0.031447 0.110649 0.003975 0.010421
0.000584 0.105984 0.022155 0.802915 0.064800 0.003562
0.000275 0.972360 0.026670 0.000353 0.000287 0.000054
0.389024 0.347153 0.076914 0.007962 0.178468 0.000478
0.000193 0.143482 0.004351 0.629846 0.221711 0.000417
0.000638 0.100707 0.024567 0.826801 0.043225 0.004063
0.925505 0.024270 0.032859 0.001181 0.016111 0.000073
0.137593 0.663185 0.138754 0.056769 0.003114 0.000586
0.000313 0.972819 0.025723 0.000443 0.000582 0.000120
0.021319 0.000000 0.029413 0.008758 0.181224 0.759286
0.304798 0.517498 0.039896 0.000713 0.137007 0.000089
0.000128 0.984443 0.012641 0.000206 0.002576 0.000006
0.784248 0.073901 0.018785 0.002130 0.120914 0.000021
0.000259 0.974478 0.024117 0.000349 0.000736 0.000061
0.001343 0.000000 0.000263 0.002089 0.995779 0.000526
0.021855 0.000000 0.940403 0.006240 0.031502 0.000000
0.730240 0.000955 0.238211 0.002620 0.026736 0.001238
0.000223 0.976514 0.021858 0.000300 0.001069 0.000036
0.022286 0.000000 0.031037 0.009074 0.156002 0.781600
0.000204 0.000345 0.003930 0.035819 0.959566 0.000135
0.009621 0.000000 0.004952 0.005078 0.163047 0.817302
0.009063 0.000000 0.015609 0.004542 0.954288 0.016499
0.003924 0.000000 0.004620 0.776483 0.040969 0.174004
0.000589 0.051372 0.014931 0.887592 0.016598 0.028919
0.000028 0.994424 0.000843 0.000132 0.004572 0.000000
0.233350 0.150164 0.267924 0.272975 0.002792 0.072795
0.000294 0.972320 0.026540 0.000394 0.000368 0.000083
0.128988 0.016793 0.000000 0.751857 0.005922 0.096441
0.000291 0.973021 0.025673 0.000398 0.000528 0.000089
0.000000 0.073731 0.750535 0.119525 0.005018 0.051191
0.000179 0.979270 0.018756 0.000244 0.001542 0.000009
0.006208 0.000000 0.946578 0.044539 0.000006 0.002670
0.007238 0.002778 0.000225 0.010296 0.979416 0.000048
0.428152 0.079160 0.455728 0.002221 0.034012 0.000728
0.858012 0.026296 0.061512 0.006311 0.047584 0.000285
0.538765 0.280117 0.095779 0.030396 0.054763 0.000179
0.000088 0.988393 0.007976 0.000175 0.003364 0.000003
0.018844 0.000000 0.023964 0.007987 0.159015 0.790190
0.037015 0.002860 0.856275 0.000887 0.102688 0.000275
0.157483 0.006587 0.082280 0.053320 0.677451 0.022878
0.000667 0.072346 0.022423 0.878894 0.009446 0.016223
0.412145 0.425204 0.068919 0.000679 0.092976 0.000077
0.000469 0.019633 0.003568 0.900634 0.027550 0.048145
0.100484 0.177704 0.659835 0.041990 0.015472 0.004514
0.000185 0.979206 0.018779 0.000256 0.001555 0.000018
0.023185 0.000000 0.958558 0.006645 0.011611 0.000000
0.008697 0.004278 0.844196 0.108486 0.018273 0.016070
0.578313 0.279196 0.113406 0.009829 0.016326 0.002929
0.292797 0.114697 0.524402 0.006091 0.062013 0.000001
0.010615 0.002872 0.002188 0.011222 0.972877 0.000227
0.000335 0.972947 0.025358 0.000491 0.000714 0.000154
0.030494 0.000000 0.047961 0.011663 0.152751 0.757131
0.007305 0.000000 0.000181 0.004347 0.164337 0.823830
0.978316 0.004704 0.003783 0.001816 0.010116 0.001265
0.265630 0.000000 0.355991 0.005493 0.372293 0.000593
0.722867 0.112214 0.102483 0.053477 0.008852 0.000107
0.927419 0.023594 0.032901 0.001173 0.014836 0.000079
0.000181 0.979536 0.018397 0.000252 0.001618 0.000016
0.009574 0.000000 0.016426 0.004711 0.938171 0.031118
0.000181 0.979514 0.018430 0.000250 0.001609 0.000015
0.000189 0.978893 0.019140 0.000261 0.001497 0.000020
0.000279 0.972153 0.026898 0.000358 0.000254 0.000057
0.000608 0.093809 0.021905 0.828665 0.046650 0.008362
0.000574 0.049951 0.013856 0.885318 0.020167 0.030134
0.006643 0.756627 0.205164 0.003311 0.026875 0.001379
0.430269 0.334693 0.087057 0.008218 0.139251 0.000513
0.080721 0.000000 0.792382 0.055698 0.030347 0.040852
0.000209 0.977606 0.020601 0.000284 0.001270 0.000030
0.943094 0.018117 0.035519 0.001037 0.002184 0.000048
0.517767 0.009150 0.359823 0.031626 0.079494 0.002140
0.031348 0.003451 0.014239 0.016904 0.932742 0.001317
0.090992 0.814477 0.044313 0.048535 0.000764 0.000919
0.009215 0.954276 0.000321 0.022454 0.013730 0.000004
0.026999 0.000000 0.040757 0.010561 0.154305 0.767378
0.000107 0.986412 0.010320 0.000190 0.002967 0.000004
0.760293 0.045543 0.168395 0.018621 0.001637 0.005512
0.000450 0.014635 0.001777 0.902681 0.029283 0.051174
0.002275 0.000659 0.138676 0.122503 0.726268 0.009619
0.217653 0.106441 -0.000000 0.610131 0.003698 0.062077
0.000044 0.992816 0.002748 0.000143 0.004248 0.000001
0.000254 0.972667 0.026475 0.000312 0.000265 0.000027
0.861799 0.008108 0.122546 0.005882 0.001507 0.000157
0.000257 0.972447 0.026727 0.000315 0.000225 0.000029
0.000030 0.000606 0.003415 0.028123 0.967786 0.000041
0.294761 0.056955 0.428762 0.008005 0.211440 0.000077
0.024053 0.000000 0.961281 0.011029 0.001637 0.001999
0.696695 0.106874 0.177709 0.013208 0.003901 0.001613
0.030239 0.918706 0.012398 0.028393 0.010181 0.000084
0.347028 0.017275 0.621268 0.005526 0.006974 0.001929
0.027985 0.004264 0.589756 0.000931 0.376994 0.000070
0.000312 0.972522 0.026117 0.000435 0.000501 0.000113
0.036271 0.004428 0.790941 0.137013 0.023793 0.007554
0.573028 0.122167 0.254115 0.049182 0.001152 0.000357
0.054827 0.183786 0.577769 0.094606 0.088753 0.000259
0.000220 0.976702 0.021644 0.000297 0.001102 0.000035
0.000182 0.979435 0.018520 0.000252 0.001595 0.000016
0.846252 0.029439 0.082953 0.025555 0.003616 0.012184
0.555377 0.198529 0.198991 0.037301 0.004001 0.005801
0.085034 0.077360 0.702331 0.114762 0.008609 0.011904
0.949119 0.015862 0.031428 0.001132 0.002248 0.000211
0.556245 0.301955 0.105195 0.000648 0.035728 0.000229
0.608321 0.108199 0.218930 0.059669 0.003108 0.001773
0.000041 0.993136 0.002367 0.000141 0.004314 0.000001
0.000098 0.987420 0.009125 0.000183 0.003170 0.000004
0.006565 0.000000 0.921395 0.071172 0.000142 0.000726
0.007617 0.023691 0.385389 0.057700 0.134623 0.390980
0.071005 0.848780 0.033841 0.041881 0.003854 0.000639
0.585887 0.261876 0.101233 0.010845 0.034029 0.006130
0.720897 0.001044 0.227342 0.002745 0.046381 0.001590
0.050044 0.002380 0.907135 0.001282 0.036787 0.002371
0.531850 0.168423 0.226516 0.053435 0.019481 0.000294
0.034387 0.911775 0.014962 0.029384 0.009429 0.000064
0.000627 0.091957 0.022750 0.837040 0.039087 0.008538
0.736172 0.000944 0.224407 0.002783 0.033248 0.002446
0.214171 0.055250 0.049019 0.329632 0.004669 0.347260
0.246626 0.006013 0.515796 0.003657 0.226839 0.001069
0.000148 0.982358 0.015110 0.000220 0.002157 0.000007
0.000576 0.047895 0.013694 0.889060 0.017756 0.031020
0.000794 0.000146 0.978767 0.001730 0.018415 0.000148
0.929319 0.022912 0.032608 0.001174 0.013891 0.000096
0.523805 0.008696 0.376627 0.030483 0.058874 0.001515
0.836994 0.012354 0.119855 0.006485 0.024242 0.000070
0.731426 0.000924 0.248461 0.002500 0.016108 0.000580
0.172414 0.000000 0.691856 0.022763 0.110747 0.002220
0.625071 0.157290 0.171749 0.020981 0.024584 0.000325
0.004145 0.004304 0.053137 0.042468 0.073078 0.822867
0.007089 0.004311 0.965046 0.005427 0.010073 0.008054
0.774482 0.070230 0.101494 0.052365 0.000767 0.000662
0.695322 0.066570 0.219545 0.014739 0.002811 0.001012
0.173730 0.167361 0.000000 0.643364 0.009874 0.005671
0.000142 0.982759 0.014654 0.000213 0.002228 0.000004
0.000036 0.993636 0.001778 0.000137 0.004413 0.000000
0.107828 0.780190 0.041972 0.065294 0.001303 0.003413
0.490440 0.214369 0.200072 0.057397 0.037521 0.000201
0.000180 0.979246 0.018780 0.000245 0.001539 0.000010
0.012231 0.000000 0.010326 0.005901 0.161593 0.809949
0.006238 0.619233 0.300583 0.003930 0.054791 0.015224
0.000162 0.146488 0.002928 0.615993 0.234268 0.000162
0.000590 0.051881 0.015085 0.887244 0.016572 0.028628
0.002140 0.621076 0.102247 0.001950 0.271742 0.000845
0.000196 0.978448 0.019649 0.000268 0.001417 0.000023
0.000156 0.981383 0.016279 0.000223 0.001954 0.000005
0.000732 0.093585 0.029137 0.865671 0.006960 0.003915
0.274577 0.415258 0.303394 0.006631 0.000000 0.000140
0.000279 0.973781 0.024820 0.000382 0.000657 0.000081
0.000236 0.976166 0.022179 0.000323 0.001044 0.000051
0.754646 0.020429 0.131430 0.022457 0.070973 0.000066
0.049975 0.214626 0.562777 0.134753 0.013586 0.024282
0.000725 0.094928 0.028910 0.861548 0.010344 0.003545
0.000105 0.151174 0.000239 0.592026 0.256396 0.000060
0.629611 0.239918 0.120696 0.000648 0.008636 0.000492
0.555561 0.007804 0.336621 0.035274 0.058387 0.006353
0.023306 0.000000 0.957495 0.006712 0.012487 0.000001
0.967308 0.008920 0.014510 0.001549 0.006855 0.000857
0.070779 0.849183 0.033754 0.041775 0.003880 0.000630
0.002254 0.007112 0.021096 0.965424 0.003977 0.000137
0.000036 0.993566 0.001861 0.000138 0.004399 0.000000
0.660846 0.078184 0.152312 0.003789 0.104861 0.000007
0.000301 0.972468 0.026292 0.000410 0.000435 0.000095
0.000596 0.085240 0.020012 0.838115 0.043220 0.012816
0.000563 0.112152 0.021733 0.787105 0.076974 0.001473
0.002665 0.017105 0.078696 0.899196 0.002260 0.000078
0.044741 0.012953 0.903378 0.019474 0.018521 0.000933
0.247302 0.246424 0.494165 0.011429 0.000005 0.000675
0.000000 0.012424 0.005065 0.000000 0.982418 0.000093
0.000256 0.972314 0.026907 0.000311 0.000187 0.000025
0.871026 0.022621 0.045901 0.006665 0.053466 0.000321
0.949187 0.015791 0.029824 0.001178 0.003754 0.000266
0.379312 0.349234 0.073730 0.007957 0.189116 0.000651
0.645554 0.137192 0.192859 0.011647 0.012414 0.000333
0.025476 0.000000 0.045921 0.009827 0.711165 0.207610
0.956632 0.012999 0.024595 0.001300 0.004001 0.000473
0.002922 0.000000 0.010070 0.672077 0.312493 0.002439
0.000213 0.977228 0.021038 0.000289 0.001200 0.000032
0.001253 0.000000 0.000083 0.002061 0.996125 0.000479
0.012400 0.948905 0.002190 0.023315 0.013181 0.000008
0.016729 0.003043 0.005753 0.012893 0.961066 0.000515
0.098366 0.181893 0.650979 0.041298 0.023718 0.003745
0.819912 0.013705 0.140766 0.021367 0.004022 0.000229
0.000669 0.073598 0.022702 0.877523 0.009937 0.015571
0.001005 0.943009 0.052960 0.001929 0.001091 0.000005
0.022008 0.000000 0.040238 0.008688 0.810933 0.118133
0.584045 0.178135 0.183733 0.041454 0.003610 0.009023
0.481460 0.000000 0.324281 0.011358 0.166521 0.016380
0.000000 0.094177 0.810991 0.077023 0.008262 0.009548
0.000046 0.992597 0.003005 0.000145 0.004206 0.000001
0.844945 0.052588 0.025270 0.001710 0.075458 0.000029
0.551181 0.149542 0.232979 0.052998 0.012826 0.000474
0.200364 0.508267 0.235649 0.023927 0.023464 0.008329
0.000035 0.993685 0.001719 0.000137 0.004423 0.000000
0.000196 0.143241 0.004481 0.631036 0.220619 0.000427
0.692256 0.065896 0.224486 0.014300 0.002364 0.000697
0.701981 0.067988 0.157502 0.003843 0.068663 0.000023
0.000024 0.994846 0.000345 0.000129 0.004656 0.000000
0.957264 0.012764 0.024228 0.001308 0.003948 0.000488
0.042542 0.303745 -0.000000 0.595920 0.057622 0.000172
0.102240 0.791880 0.043393 0.059088 0.000943 0.002455
0.006667 0.620600 0.326028 0.004093 0.026938 0.015674
0.650621 0.080726 0.151278 0.003771 0.113602 0.000002
0.211391 0.034842 0.723176 0.012027 0.011181 0.007384
0.046093 0.241836 0.512286 0.131058 0.046972 0.021754
0.594087 0.094327 0.128319 0.004007 0.179251 0.000008
0.909383 0.029953 0.031874 0.001272 0.027472 0.000046
0.000803 0.000169 0.964648 0.001861 0.032352 0.000167
0.662952 0.099933 0.210320 0.016319 0.010298 0.000177
0.699159 0.068688 0.157175 0.003838 0.071117 0.000022
0.000700 0.080794 0.025469 0.875527 0.006418 0.011093
0.635159 0.084358 0.141618 0.003902 0.134954 0.000010
0.736514 0.092162 0.144337 0.015854 0.007840 0.003292
0.000027 0.994538 0.000710 0.000131 0.004594 0.000000
0.006460 0.000000 0.010325 0.003718 0.960883 0.018614
0.000442 0.012470 0.001002 0.903567 0.030033 0.052486
0.000264 0.972255 0.026906 0.000328 0.000211 0.000037
0.963639 0.010324 0.018054 0.001461 0.005799 0.000722
0.261688 0.261560 0.461262 0.013501 0.000030 0.001957
0.204799 0.093878 0.186121 0.264731 0.001256 0.249214
0.001696 0.189138 0.005368 0.486225 0.317461 0.000113
0.004924 0.003815 0.921308 0.004241 0.058490 0.007222
0.011056 0.686507 0.273075 0.005547 0.008433 0.015382
0.270770 0.000000 0.404581 0.156112 0.001200 0.167337
0.000165 0.980689 0.017076 0.000234 0.001827 0.000009
0.000000 0.043052 0.873380 0.000000 0.073671 0.009898
0.946894 0.016621 0.030430 0.001169 0.004649 0.000237
0.971672 0.007249 0.010258 0.001655 0.008148 0.001019
0.451068 0.059299 0.484070 0.002100 0.002177 0.001287
0.089553 0.816814 0.043285 0.048330 0.001064 0.000955
0.507604 0.192548 0.217395 0.054227 0.028133 0.000092
0.033169 0.018527 0.854780 0.014353 0.079096 0.000074
0.000182 0.978645 0.019521 0.000242 0.001403 0.000005
0.000168 0.979901 0.018052 0.000230 0.001647 0.000002
0.135772 0.028645 -0.000000 0.742351 0.005394 0.087838
0.702171 0.187902 0.097150 0.000852 0.008752 0.003173
0.576848 0.281598 0.114875 0.009694 0.014472 0.002512
0.004717 0.000000 0.006904 0.003163 0.973147 0.012068
0.101611 0.185401 0.191884 0.072711 0.448344 0.000049
0.000045 0.992685 0.002901 0.000144 0.004223 0.000001
0.000206 0.978374 0.019651 0.000288 0.001445 0.000036
0.000224 0.977788 0.020226 0.000320 0.001387 0.000056
0.246238 0.044218 0.384886 0.006805 0.317632 0.000221
0.952146 0.014697 0.028293 0.001211 0.003324 0.000329
0.000594 0.056668 0.015945 0.880966 0.019564 0.026263
0.455826 0.059822 0.475777 0.002177 0.004613 0.001784
0.076040 0.839779 0.035736 0.044300 0.003285 0.000860
0.061755 0.000000 0.114410 0.021464 0.273516 0.528855
0.800582 0.042406 0.126155 0.004828 0.025892 0.000137
0.695275 0.001223 0.227683 0.002736 0.072611 0.000472
0.000023 0.994958 0.000212 0.000128 0.004679 0.000000
0.000536 0.037395 0.009926 0.893332 0.021425 0.037386
0.000186 0.979154 0.018842 0.000256 0.001544 0.000018
0.000732 0.093735 0.029169 0.865501 0.007024 0.003837
0.359082 0.079030 0.545103 0.007270 0.009497 0.000018
0.248466 0.074227 0.068405 0.350003 0.003610 0.255289
0.000260 0.972328 0.026850 0.000321 0.000210 0.000032
0.180584 0.000000 0.709593 0.023600 0.083292 0.002931
0.049241 0.837194 0.039178 0.038500 0.035805 0.000081
0.000644 0.079815 0.022104 0.860709 0.023153 0.013575
0.000775 0.000182 0.957150 0.001825 0.039989 0.000079
0.745145 0.032927 0.150695 0.005599 0.038411 0.027222
0.178290 0.019039 0.000000 0.762913 0.007923 0.031834
0.851662 0.010522 0.113750 0.006591 0.017277 0.000198
0.000053 0.991818 0.003931 0.000150 0.004047 0.000001
0.042029 0.252547 0.548038 0.109433 0.041303 0.006650
0.010387 0.029719 0.610217 0.068547 0.028589 0.252541
0.000675 0.101777 0.026918 0.836295 0.032153 0.002181
0.000076 0.989495 0.006679 0.000166 0.003582 0.000002
0.948260 0.016170 0.031549 0.001132 0.002686 0.000204
0.175801 0.602779 0.124214 0.087494 0.005361 0.004350
0.000238 0.974313 0.024527 0.000300 0.000595 0.000027
0.677827 0.074127 0.160264 0.003698 0.084081 0.000003
0.623719 0.054900 0.028185 0.015781 0.277407 0.000008
0.000236 0.974042 0.024890 0.000293 0.000519 0.000020
0.040246 0.004056 0.699221 0.173698 0.057820 0.024960
0.000577 0.108094 0.022043 0.797674 0.068785 0.002827
0.606009 0.260187 0.114412 0.000655 0.018249 0.000488
0.880249 0.006991 0.101397 0.006825 0.004085 0.000454
0.002859 0.000000 0.003282 0.002571 0.987985 0.003304
0.583764 0.277646 0.114837 0.009857 0.010982 0.002914
0.137401 0.666937 0.125444 0.061918 0.006909 0.001391
0.000041 0.993152 0.002351 0.000141 0.004316 0.000001
0.000199 0.978238 0.019890 0.000271 0.001379 0.000024
0.000239 0.974650 0.024083 0.000308 0.000685 0.000034
0.963925 0.010214 0.017758 0.001469 0.005901 0.000734
0.000440 0.011891 0.000794 0.903804 0.030234 0.052836
0.722403 0.112705 0.102077 0.053686 0.009012 0.000117
0.589084 0.269295 0.109848 0.010324 0.017097 0.004351
0.000164 0.980697 0.017082 0.000230 0.001821 0.000006
0.408907 0.074592 0.487773 0.009308 0.019382 0.000038
0.000875 0.069443 0.012766 0.869398 0.047517 0.000001
0.007468 0.149364 0.060357 0.694851 0.086864 0.001097
0.463005 0.111255 0.391806 0.026708 0.005855 0.001370
0.000175 0.979917 0.017969 0.000244 0.001682 0.000013
0.027292 0.005295 0.598312 0.117794 0.248758 0.002549
0.929581 0.022818 0.032588 0.001174 0.013742 0.000098
0.009174 0.000000 0.004030 0.004937 0.163299 0.818561
0.549420 0.007735 0.365065 0.032605 0.041067 0.004107
0.165755 0.081958 0.000000 0.699751 0.003156 0.049381
0.185305 0.123441 0.000000 0.667722 0.002387 0.021146
0.001306 0.000000 0.000187 0.002077 0.995798 0.000632
0.000312 0.972533 0.026104 0.000435 0.000503 0.000113
0.230765 0.133077 0.504450 0.121917 0.009791 0.000000
0.000639 0.082138 0.022112 0.855598 0.026830 0.012684
0.947850 0.016371 0.033435 0.001079 0.001128 0.000138
0.479965 0.286999 0.116653 0.014901 0.101333 0.000150
0.000219 0.975160 0.023625 0.000272 0.000715 0.000010
0.000445 0.973997 0.022987 0.000744 0.001491 0.000337
0.008076 0.582249 0.281043 0.005851 0.076639 0.046142
0.022806 0.000000 0.041741 0.008944 0.801082 0.125427
0.001511 0.247932 0.000000 0.110453 0.609330 0.030773
0.689553 0.197199 0.100196 0.000822 0.009458 0.002772
0.734678 0.092832 0.145897 0.015731 0.007648 0.003214
0.000169 0.980282 0.017559 0.000237 0.001745 0.000009
0.000174 0.979955 0.017932 0.000242 0.001686 0.000011
0.000264 0.972237 0.026932 0.000327 0.000205 0.000036
0.678692 0.083911 0.214502 0.015582 0.006718 0.000595
0.006002 0.000000 0.946524 0.046451 0.000032 0.000991
0.112540 0.005709 0.061321 0.039196 0.775328 0.005907
0.000264 0.137267 0.007661 0.660348 0.193747 0.000713
0.026056 0.000000 0.953595 0.012753 0.004260 0.003336
0.000162 0.981075 0.016615 0.000232 0.001906 0.000009
0.000684 0.087758 0.025488 0.860176 0.017470 0.008424
0.000061 0.991147 0.004720 0.000155 0.003915 0.000002
0.000107 0.986543 0.010160 0.000190 0.002996 0.000005
0.457485 0.322802 0.090324 0.008623 0.119450 0.001316
0.116334 0.005790 0.063181 0.040357 0.767254 0.007084
0.003168 0.716191 0.277767 0.002544 0.000293 0.000037
0.000269 0.973938 0.024711 0.000363 0.000650 0.000069
0.082118 0.828848 0.037885 0.047358 0.002637 0.001155
0.037719 0.012668 0.927554 0.014618 0.007100 0.000341
0.405002 0.147743 0.332708 0.027272 0.086452 0.000824
0.017269 0.042308 0.760670 0.179660 0.000000 0.000093
0.947151 0.016494 0.029230 0.001203 0.005643 0.000279
0.000343 0.130909 0.011419 0.693424 0.163123 0.000783
0.000080 0.989182 0.007044 0.000170 0.003521 0.000003
0.000619 0.060974 0.018036 0.881971 0.015089 0.023310
0.000613 0.057923 0.017284 0.884943 0.014292 0.024945
0.607909 0.108365 0.219335 0.059548 0.003087 0.001757
0.114950 0.708296 0.111236 0.052879 0.012060 0.000579
0.002252 0.000659 0.138127 0.121123 0.730141 0.007697
0.000171 0.980223 0.017619 0.000239 0.001738 0.000010
0.005215 0.793044 0.158003 0.002941 0.040415 0.000382
0.004520 0.000000 0.017652 0.765870 0.203497 0.008461
0.951260 0.015066 0.030147 0.001161 0.002104 0.000263
0.009279 0.002834 0.001406 0.010857 0.975454 0.000170
0.085259 0.193883 0.575051 0.125647 0.010984 0.009176
0.000276 0.972199 0.026870 0.000352 0.000250 0.000053
0.925801 0.024165 0.032854 0.001180 0.015925 0.000074
0.289267 0.007729 0.124039 0.101618 0.349012 0.128335
0.230679 0.302450 0.454637 0.011693 0.000059 0.000482
0.000022 0.995067 0.000082 0.000127 0.004701 0.000000
0.000660 0.099063 0.025676 0.836048 0.034558 0.003994
0.000546 0.039989 0.010850 0.892243 0.020555 0.035818
0.022225 0.000000 0.041605 0.008729 0.872389 0.055052
0.304645 0.225260 0.275836 0.105031 0.087134 0.002094
0.089921 0.200161 0.607663 0.039121 0.061821 0.001313
0.259938 0.175341 0.016534 0.004936 0.543249 0.000000
0.017479 0.006244 0.347275 0.103250 0.525193 0.000560
0.004991 0.000721 0.226047 0.278184 0.291781 0.198275
0.000036 0.993679 0.001725 0.000137 0.004423 0.000001
0.000029 0.994332 0.000952 0.000133 0.004554 0.000000
0.019983 0.003143 0.007761 0.013744 0.955012 0.000357
0.000303 0.972421 0.026325 0.000416 0.000437 0.000099
0.000150 0.982149 0.015356 0.000222 0.002116 0.000007
0.000158 0.146488 0.002729 0.614989 0.235349 0.000287
0.868526 0.007702 0.114821 0.006227 0.002459 0.000265
0.170706 0.018218 0.000000 0.757402 0.014695 0.038979
0.000426 0.125425 0.015549 0.726440 0.131873 0.000286
0.003707 0.000000 0.172044 0.797869 0.017797 0.008583
0.000025 0.994769 0.000436 0.000129 0.004641 0.000000
0.021714 0.000000 0.961166 0.005951 0.011169 0.000000
0.000163 0.980836 0.016907 0.000232 0.001854 0.000008
0.002919 0.030817 0.128790 0.833285 0.004175 0.000015
0.000033 0.993992 0.001355 0.000135 0.004485 0.000001
0.944093 0.017731 0.034422 0.001065 0.002600 0.000090
0.247153 0.178425 0.011631 0.004984 0.557805 0.000001
0.000280 0.972166 0.026870 0.000361 0.000263 0.000059
0.003811 0.578313 0.412158 0.003549 0.001575 0.000595
0.166297 0.175686 0.000000 0.640298 0.012641 0.005078
0.188482 0.067324 0.249779 0.006934 0.487456 0.000025
0.958772 0.012183 0.022619 0.001348 0.004529 0.000548
0.722584 0.097707 0.155047 0.014992 0.006935 0.002735
0.000257 0.972574 0.026565 0.000317 0.000256 0.000030
0.000242 0.975566 0.022889 0.000327 0.000924 0.000051
0.002916 0.000723 0.171774 0.153392 0.641641 0.029554
0.958573 0.012259 0.022816 0.001344 0.004468 0.000541
0.000197 0.978424 0.019667 0.000271 0.001417 0.000024
0.256799 0.023457 0.090654 0.042553 0.586314 0.000222
0.000182 0.979363 0.018613 0.000251 0.001577 0.000015
0.000537 0.112435 0.020269 0.779086 0.085390 0.002283
0.000945 0.001645 0.258688 0.283262 0.401064 0.054396
0.188685 0.522266 0.253525 0.020704 0.010628 0.004191
0.000274 0.972301 0.026758 0.000349 0.000267 0.000052
0.000585 0.052864 0.014933 0.884293 0.018977 0.028348
0.018163 0.003083 0.006586 0.013287 0.958288 0.000594
0.003785 0.000000 0.176918 0.794891 0.015511 0.008896
0.003831 0.596272 0.391119 0.003760 0.004225 0.000793
0.068895 0.000000 0.927919 0.002582 0.000515 0.000089
0.949559 0.015701 0.031237 0.001136 0.002149 0.000219
0.445896 0.073111 0.449212 0.002333 0.027522 0.001927
0.000029 0.994337 0.000947 0.000132 0.004554 0.000000
0.012616 0.000000 0.011121 0.006023 0.161464 0.808776
0.142223 0.422695 0.017139 0.006369 0.411517 0.000058
0.511541 0.301542 0.043341 0.088257 0.055290 0.000029
0.764712 0.050187 0.054120 0.108277 0.014448 0.008256
0.000218 0.977026 0.021256 0.000295 0.001170 0.000035
0.044116 0.160294 0.740696 0.012585 0.039463 0.002846
0.023685 0.000000 0.034540 0.009496 0.196854 0.735424
0.764708 0.052561 0.170083 0.003833 0.008777 0.000039
0.000137 0.983471 0.013794 0.000212 0.002380 0.000006
0.000346 0.001216 0.129098 0.099655 0.768118 0.001568
0.967259 0.008939 0.014556 0.001548 0.006843 0.000856
0.122778 0.057761 0.635773 0.152928 0.002255 0.028505
0.000219 0.976762 0.021576 0.000295 0.001113 0.000034
0.054331 0.878133 0.026632 0.034805 0.006002 0.000097
0.000244 0.973063 0.026063 0.000296 0.000316 0.000018
0.344105 0.017358 0.624974 0.005427 0.006434 0.001701
0.000234 0.975994 0.022420 0.000316 0.000991 0.000045
0.135749 0.067878 0.682500 0.015154 0.094966 0.003752
0.000270 0.973119 0.025745 0.000354 0.000453 0.000059
0.084348 0.824655 0.038298 0.048856 0.002505 0.001339
0.943749 0.017840 0.033997 0.001079 0.003232 0.000103
0.000275 0.972133 0.026956 0.000351 0.000233 0.000052
0.025717 0.000000 0.923291 0.008175 0.042817 0.000001
0.686855 0.077783 0.213362 0.015534 0.005519 0.000946
0.960224 0.011630 0.021307 0.001381 0.004860 0.000598
0.000443 0.012830 0.001131 0.903420 0.029908 0.052267
0.951180 0.015092 0.030063 0.001163 0.002237 0.000265
0.006849 0.611801 0.308697 0.004430 0.046010 0.022213
0.186310 0.040473 0.729948 0.010125 0.031473 0.001671
0.132494 0.069848 0.677504 0.014856 0.103144 0.002154
0.751608 0.055891 0.171632 0.003753 0.017088 0.000028
0.434368 0.079384 0.446297 0.002312 0.036299 0.001340
0.935851 0.020649 0.034360 0.001098 0.007981 0.000061
0.000180 0.979543 0.018398 0.000250 0.001614 0.000015
0.017692 0.003071 0.006320 0.013155 0.959216 0.000546
0.739948 0.097837 0.103903 0.052273 0.005807 0.000230
0.184743 0.042879 0.714305 0.010367 0.045875 0.001832
0.000579 0.106721 0.021935 0.800172 0.067175 0.003418
0.455337 0.000000 0.187785 0.024191 0.161209 0.171477
0.439246 0.330625 0.087998 0.008361 0.132961 0.000809
0.010747 0.000000 0.018722 0.005084 0.929539 0.035908
0.155618 0.053751 0.729299 0.016523 0.032504 0.012305
0.188727 0.022140 -0.000000 0.767147 0.008934 0.013052
0.009820 0.687732 0.287856 0.004446 0.003435 0.006712
0.946560 0.016862 0.034593 0.001051 0.000842 0.000093
0.267949 0.005639 0.575276 0.003701 0.146407 0.001027
0.000497 0.974550 0.021795 0.000864 0.001871 0.000424
0.000176 0.979938 0.017936 0.000246 0.001690 0.000014
0.000207 0.977659 0.020544 0.000282 0.001278 0.000029
0.530635 0.169517 0.226324 0.053411 0.019835 0.000278
0.329813 0.000000 0.634379 0.010886 0.018714 0.006208
0.296314 0.410967 0.284135 0.007923 0.000000 0.000661
0.000044 0.992810 0.002756 0.000143 0.004247 0.000001
0.936098 0.020564 0.034442 0.001095 0.007741 0.000059
0.007166 0.746304 0.216915 0.003524 0.023576 0.002515
0.000802 0.000166 0.966549 0.001845 0.030471 0.000167
0.000031 0.994180 0.001132 0.000134 0.004523 0.000001
0.000200 0.978077 0.020083 0.000272 0.001345 0.000023
0.873253 0.007545 0.107933 0.006556 0.004356 0.000356
0.240124 0.500402 0.252622 0.006700 0.000000 0.000152
0.475867 0.000000 0.458967 0.006106 0.057890 0.001170
0.591739 0.114517 0.236020 0.054607 0.002021 0.001095
0.938635 0.019589 0.031873 0.001159 0.008586 0.000156
0.000431 0.973830 0.023329 0.000712 0.001385 0.000313
0.000157 0.981469 0.016158 0.000227 0.001981 0.000008
0.549920 0.197338 0.211661 0.034988 0.001848 0.004245
0.002153 0.004651 0.006913 0.981730 0.004400 0.000152
0.000253 0.972751 0.026382 0.000310 0.000279 0.000026
0.085731 0.822228 0.038911 0.049428 0.002322 0.001381
0.000612 0.057826 0.017166 0.884560 0.014780 0.025056
0.000735 0.091449 0.029029 0.869867 0.004122 0.004797
0.882286 0.000310 0.047510 0.004888 0.044082 0.020925
0.961218 0.011252 0.020444 0.001402 0.005052 0.000632
0.731000 0.052009 0.196029 0.016408 0.001257 0.003298
0.043977 0.167447 0.723631 0.012919 0.048875 0.003150
0.000262 0.972006 0.027248 0.000319 0.000137 0.000029
0.000181 0.000341 0.002372 0.034871 0.962111 0.000125
0.441102 0.067885 0.471901 0.002151 0.015922 0.001039
0.433431 0.334603 0.088642 0.008182 0.134810 0.000332
0.067613 0.000000 0.929809 0.002400 0.000104 0.000073
0.001385 0.618393 0.056640 0.001672 0.321668 0.000242
0.009266 0.004128 0.762573 0.129050 0.051916 0.043067
0.883825 0.038948 0.029829 0.001429 0.045950 0.000019
0.000715 0.087761 0.027335 0.869494 0.007430 0.007266
0.010255 0.311199 0.532461 0.007762 0.138055 0.000267
0.924758 0.024536 0.032901 0.001183 0.016553 0.000069
0.673641 0.116334 0.194745 0.011827 0.002739 0.000713
0.279717 0.151200 0.091516 0.404759 0.029394 0.043415
0.000251 0.972224 0.027073 0.000298 0.000139 0.000015
0.948836 0.015980 0.032039 0.001115 0.001840 0.000189
0.000023 0.994906 0.000273 0.000129 0.004668 0.000000
0.666200 0.121737 0.194543 0.011760 0.005157 0.000603
0.012991 0.103438 0.875794 0.004924 0.001691 0.001161
0.043921 0.002517 0.902272 0.001070 0.048937 0.001283
0.000444 0.013096 0.001226 0.903311 0.029816 0.052107
0.000632 0.098342 0.023900 0.828679 0.043064 0.005382
0.145260 0.061271 0.703698 0.015843 0.065992 0.007936
0.671636 0.075591 0.156797 0.003742 0.092228 0.000005
0.330884 0.053214 0.460740 0.008803 0.146181 0.000178
0.324019 0.159814 0.038325 0.004751 0.473089 0.000001
0.080826 0.833148 0.041524 0.042616 0.001622 0.000264
0.002624 0.682650 0.297263 0.002753 0.014587 0.000122
0.000589 0.051440 0.014960 0.887588 0.016549 0.028874
0.001334 0.000000 0.000247 0.002086 0.995819 0.000513
0.003606 0.000000 0.004713 0.002810 0.980286 0.008585
0.000162 0.980752 0.017027 0.000227 0.001827 0.000005
0.000176 0.979634 0.018324 0.000241 0.001615 0.000009
0.089214 0.208879 0.567307 0.041604 0.088985 0.004011
0.078677 0.836365 0.039421 0.042877 0.002229 0.000431
0.000034 0.993801 0.001582 0.000136 0.004446 0.000000
0.000859 0.000444 0.046409 0.063295 0.885594 0.003399
0.453537 0.059996 0.478466 0.002149 0.004271 0.001580
0.000026 0.994620 0.000612 0.000131 0.004611 0.000000
0.193877 0.136431 -0.000000 0.656967 0.001516 0.011209
0.000878 0.000000 0.000049 0.553674 0.445222 0.000177
0.000066 0.990464 0.005535 0.000159 0.003774 0.000001
0.040529 0.002387 0.944076 0.000892 0.011676 0.000440
0.004164 0.000000 0.005883 0.002985 0.981410 0.005558
0.095182 0.067928 0.734404 0.097554 0.001797 0.003134
0.025781 0.000000 0.945475 0.007964 0.020779 0.000001
0.000469 0.000387 0.021514 0.046757 0.930187 0.000687
0.280333 0.058432 0.413609 0.007722 0.239861 0.000043
0.147927 0.644914 0.142327 0.062105 0.001587 0.001142
0.006216 0.012630 0.237522 0.051106 0.056557 0.635969
0.025133 0.000000 0.044964 0.009726 0.694604 0.225572
0.000240 0.973581 0.025443 0.000294 0.000423 0.000019
0.012420 0.000000 0.022263 0.005609 0.935055 0.024653
0.000090 0.988209 0.008195 0.000177 0.003327 0.000003
0.000022 0.995105 0.000038 0.000127 0.004708 0.000000
0.528489 0.298853 0.105453 0.009224 0.056072 0.001908
0.000242 0.975375 0.023133 0.000325 0.000877 0.000048
0.000025 0.994761 0.000445 0.000130 0.004639 0.000000
0.000134 0.148797 0.001629 0.604313 0.245031 0.000096
0.017174 0.046677 0.749864 0.186201 0.000000 0.000084
0.000238 0.975435 0.023096 0.000316 0.000872 0.000043
0.935813 0.020598 0.032168 0.001162 0.010124 0.000136
0.820973 0.013548 0.137295 0.021840 0.006055 0.000288
0.533164 0.166964 0.227357 0.053309 0.018908 0.000297
0.000261 0.972325 0.026849 0.000322 0.000211 0.000032
0.000485 0.974478 0.021992 0.000839 0.001800 0.000405
0.000032 0.994039 0.001301 0.000134 0.004494 0.000000
0.716205 0.064421 0.157704 0.003892 0.057748 0.000031
0.188236 0.611834 0.021240 0.154874 0.006565 0.017251
0.470145 0.057419 0.462958 0.002323 0.004199 0.002955
0.106416 0.072811 0.676458 0.126018 0.004292 0.014004
0.010984 0.010311 0.830369 0.121187 0.012913 0.014236
0.000639 0.066303 0.019930 0.879710 0.013327 0.020091
0.000299 0.133966 0.009284 0.675863 0.179633 0.000955
0.000626 0.103638 0.024288 0.818891 0.049437 0.003119
0.935802 0.020596 0.031987 0.001167 0.010306 0.000142
0.189919 0.147966 0.000000 0.650841 0.003718 0.007555
0.000139 0.148148 0.001832 0.606781 0.242884 0.000216
0.352543 0.000000 0.551098 0.013337 0.046357 0.036665
0.000102 0.986753 0.009933 0.000183 0.003027 0.000001
0.034571 0.303919 0.455513 0.101442 0.103389 0.001166
0.000035 0.993737 0.001658 0.000137 0.004433 0.000000
0.000263 0.972528 0.026567 0.000330 0.000273 0.000039
0.468792 0.285490 0.196250 0.032368 0.016320 0.000780
0.002803 0.020466 0.098042 0.876944 0.001687 0.000058
0.215679 0.554651 0.222993 0.006582 0.000000 0.000095
0.316258 0.022088 0.645695 0.004369 0.010907 0.000682
0.000571 0.110242 0.021953 0.792455 0.072716 0.002064
0.781507 0.000705 0.188574 0.003213 0.019139 0.006862
0.000489 0.024834 0.005431 0.898503 0.025749 0.044994
0.071763 0.096101 0.714629 0.093138 0.018823 0.005546
0.645011 0.142401 0.181166 0.012417 0.018311 0.000694
0.812426 0.014321 0.127971 0.023083 0.021805 0.000394
0.000319 0.132376 0.010243 0.684234 0.171867 0.000960
0.016345 0.000000 0.030044 0.006857 0.912447 0.034307
0.559103 0.292139 0.115347 0.009251 0.022765 0.001396
0.948010 0.016295 0.032810 0.001096 0.001629 0.000160
0.000142 0.982714 0.014708 0.000213 0.002219 0.000004
0.091884 0.203596 0.578484 0.042475 0.078581 0.004979
0.920892 0.025918 0.033324 0.001186 0.018640 0.000040
0.153239 0.639367 0.129240 0.070761 0.005047 0.002346
0.134129 0.014322 0.001592 0.258843 0.002723 0.588391
0.025261 0.000000 0.045096 0.009771 0.685664 0.234208
0.000101 0.987087 0.009521 0.000185 0.003102 0.000004
0.120507 0.753618 0.038649 0.079473 0.002148 0.005606
0.369819 0.011132 0.186720 0.118153 0.226442 0.087734
