0.064731 0.935268 0.000001
0.000043 0.999957 0.000000
0.505217 0.480680 0.014103
0.000000 1.000000 -0.000000
0.000398 0.999602 0.000000
0.049488 0.950035 0.000476
0.929384 0.059241 0.011375
0.411565 0.000760 0.587675
0.008719 0.991278 0.000004
0.137108 0.823026 0.039866
0.236755 0.000003 0.763242
0.000051 0.000000 0.999949
0.000104 0.000000 0.999896
0.599751 0.400099 0.000150
0.000108 0.000000 0.999892
0.135407 0.000016 0.864577
0.018832 0.981130 0.000038
0.000017 0.999983 -0.000000
0.994112 0.000000 0.005888
0.780622 0.217669 0.001709
0.899032 0.008842 0.092127
0.018826 0.000002 0.981172
0.065326 0.925395 0.009279
0.723403 0.218984 0.057613
0.483687 0.509233 0.007079
0.000630 0.999370 0.000000
0.999076 0.000910 0.000014
0.572739 0.000135 0.427126
0.599516 0.041954 0.358530
0.959119 0.006230 0.034651
0.140523 0.000007 0.859470
0.874192 0.062719 0.063089
0.999921 0.000036 0.000043
0.662336 0.143487 0.194177
0.999903 0.000010 0.000087
0.255162 0.000051 0.744788
0.492325 0.001916 0.505760
0.336475 0.001247 0.662278
0.615562 0.373616 0.010822
0.000010 0.999990 0.000000
0.898627 0.094369 0.007004
0.116323 0.875308 0.008368
0.014633 0.985156 0.000211
0.368179 0.613506 0.018315
0.727702 0.179062 0.093236
0.343665 0.087288 0.569048
0.991156 0.000005 0.008839
0.632585 0.000261 0.367154
0.001027 0.998973 0.000000
0.137617 0.000068 0.862314
0.001786 0.998214 0.000000
0.655780 0.195627 0.148593
0.997980 0.000000 0.002020
0.997940 0.001850 0.000210
0.656218 0.337744 0.006037
0.998969 0.001031 0.000001
0.999854 0.000143 0.000003
0.697984 0.002244 0.299772
0.192177 0.803384 0.004439
0.561978 0.363854 0.074168
0.361752 0.583963 0.054286
0.020613 0.000000 0.979387
0.572521 0.416565 0.010914
0.000001 0.999999 0.000000
0.974317 0.010339 0.015344
0.995090 0.000134 0.004776
0.531652 0.405689 0.062659
0.034916 0.965082 0.000002
0.315013 0.678998 0.005990
0.475708 0.379776 0.144516
0.923728 0.073822 0.002450
0.115686 0.882950 0.001364
0.962884 0.000028 0.037088
0.510215 0.397378 0.092406
0.000016 0.000000 0.999984
0.070703 0.928394 0.000903
0.998297 0.000043 0.001661
0.000042 0.999958 0.000000
0.079746 0.919791 0.000462
0.750200 0.167104 0.082696
0.000009 0.999991 0.000000
0.101818 0.893104 0.005078
0.364916 0.000003 0.635081
0.946138 0.000120 0.053742
0.055578 0.944063 0.000359
0.799554 0.001180 0.199267
0.408960 0.000363 0.590678
0.000002 0.999998 0.000000
0.053760 0.000000 0.946240
0.709713 0.257385 0.032902
0.035317 0.000001 0.964682
0.959871 0.024039 0.016090
0.936638 0.001783 0.061579
0.581416 0.068459 0.350125
0.026308 0.973652 0.000040
0.018513 0.981486 0.000000
0.551742 0.345666 0.102591
0.114119 0.075810 0.810071
0.099762 0.868327 0.031911
0.493639 0.000565 0.505795
0.337746 0.000395 0.661860
0.003349 0.996651 0.000000
0.009765 0.990235 0.000000
0.073403 0.000021 0.926576
0.000006 0.999994 0.000000
0.031251 0.968736 0.000013
0.349618 0.000069 0.650313
0.626831 0.157289 0.215881
0.623805 0.230151 0.146044
0.001555 0.000000 0.998445
0.688523 0.277046 0.034431
0.550780 0.000663 0.448557
0.000959 0.000000 0.999041
0.952837 0.005046 0.042117
0.943123 0.040408 0.016469
0.861843 0.002477 0.135680
0.486010 0.513254 0.000736
0.411457 0.116590 0.471953
0.044496 0.955376 0.000128
0.000048 -0.000000 0.999952
0.002427 0.997566 0.000008
0.014177 0.000007 0.985816
0.759489 0.000410 0.240101
0.940408 0.002522 0.057070
0.206186 0.789202 0.004612
0.754370 0.236993 0.008637
0.880929 0.010376 0.108695
0.597903 0.116684 0.285413
0.511612 0.474148 0.014240
0.342982 0.655110 0.001908
0.290002 0.709508 0.000489
0.066661 0.933325 0.000014
0.021648 0.977528 0.000824
0.402245 0.000055 0.597700
0.000011 0.999989 0.000000
0.955665 0.033167 0.011168
0.015241 0.984756 0.000003
0.654714 0.231439 0.113847
0.569073 0.380136 0.050791
0.267331 0.732659 0.000010
0.238786 0.000010 0.761204
0.141543 0.487293 0.371163
0.454591 0.007921 0.537488
0.482662 0.437074 0.080264
0.724733 0.011032 0.264235
0.676893 0.263781 0.059326
0.010382 0.000000 0.989618
0.109361 0.014553 0.876086
0.039928 0.960068 0.000004
0.421126 0.534362 0.044512
0.237959 0.760302 0.001739
0.508222 0.000687 0.491090
0.429072 0.419547 0.151382
0.809265 0.000035 0.190700
0.002477 0.997502 0.000022
0.969654 0.005464 0.024882
0.008537 0.991463 0.000000
0.641337 0.227463 0.131200
0.060114 0.889664 0.050222
0.125105 0.000004 0.874891
0.368331 0.000184 0.631485
0.601812 0.317957 0.080231
0.694985 0.303556 0.001459
0.000019 0.000000 0.999981
0.554431 0.442824 0.002746
0.560462 0.010119 0.429420
0.000582 0.999418 0.000000
0.959543 0.006798 0.033658
0.968974 0.010547 0.020479
0.974836 0.006904 0.018260
0.999782 0.000020 0.000198
0.014965 0.985013 0.000022
0.009007 0.990993 0.000000
0.997384 0.002616 0.000000
0.000231 0.999769 0.000000
0.370552 0.628361 0.001087
0.559497 0.000373 0.440130
0.377508 0.006012 0.616479
0.001292 0.998708 0.000000
0.119050 0.000162 0.880789
0.152304 0.000013 0.847683
0.291320 0.701904 0.006775
0.801381 0.036052 0.162567
0.316603 0.407161 0.276236
0.162079 0.837815 0.000107
0.014821 0.985177 0.000003
0.142334 0.307814 0.549852
0.415085 0.507282 0.077634
0.916197 0.000145 0.083658
0.009566 0.990433 0.000001
0.941930 0.000000 0.058070
0.203324 0.000024 0.796652
0.096947 0.849957 0.053096
0.999774 0.000180 0.000046
0.000253 0.999747 0.000000
0.834805 0.037918 0.127277
0.149969 0.357862 0.492169
0.000000 1.000000 0.000000
0.000003 0.999997 0.000000
0.468041 0.217103 0.314856
0.060769 0.934118 0.005113
0.847793 0.001484 0.150723
0.890719 0.002209 0.107072
0.002414 0.997586 0.000000
0.772138 0.000018 0.227843
0.686731 0.300933 0.012337
0.875431 0.009209 0.115360
0.340189 0.649635 0.010177
0.000307 0.999693 0.000000
0.499125 0.200689 0.300186
0.000145 0.999855 0.000000
0.000000 1.000000 0.000000
0.000909 0.999091 0.000000
0.978422 0.012393 0.009185
0.513862 0.377880 0.108258
0.242405 0.757035 0.000560
0.962470 0.000033 0.037497
0.497092 0.000071 0.502836
0.000304 0.999696 0.000000
0.267523 0.726320 0.006157
0.006590 0.993410 0.000000
0.897824 0.000720 0.101456
0.047672 0.000009 0.952319
0.020255 0.000014 0.979731
0.000757 0.999243 0.000000
0.542167 0.000117 0.457716
0.011150 0.000000 0.988850
0.999886 0.000005 0.000110
0.172719 0.823825 0.003456
0.827532 0.032430 0.140039
0.721197 0.203251 0.075552
0.999397 0.000563 0.000039
0.646372 0.313616 0.040012
0.910552 0.006095 0.083354
0.688275 0.290862 0.020863
0.540149 0.002456 0.457395
0.923798 0.000496 0.075706
0.730172 0.026725 0.243103
0.628828 0.015731 0.355441
0.681743 0.312227 0.006031
0.103058 0.000030 0.896912
0.394219 0.000033 0.605748
0.000138 0.000000 0.999862
0.962223 0.010319 0.027458
0.943508 0.002493 0.053999
0.027706 0.972293 0.000001
0.881707 0.011352 0.106941
0.000530 0.999470 0.000000
0.810031 0.007972 0.181996
0.706479 0.035413 0.258108
0.154625 0.042763 0.802612
0.342485 0.657464 0.000051
0.722531 0.130035 0.147434
0.011584 0.000000 0.988416
0.813271 0.001752 0.184977
0.690361 0.000418 0.309221
0.999950 0.000022 0.000028
0.945564 0.046787 0.007649
0.000000 1.000000 -0.000000
0.966318 0.004516 0.029167
0.923330 0.072971 0.003699
0.000050 0.999950 0.000000
0.000005 0.999995 0.000000
0.000006 0.000000 0.999994
0.980368 0.000093 0.019539
0.521239 0.150427 0.328334
0.361064 0.510308 0.128628
0.955190 0.015497 0.029313
0.481754 0.365970 0.152276
0.976277 0.009502 0.014221
0.633230 0.002400 0.364370
0.144605 0.000071 0.855323
0.001098 0.000000 0.998902
0.417066 0.341968 0.240967
0.960261 0.031875 0.007864
0.009806 0.990170 0.000023
0.973567 0.000001 0.026432
0.634375 0.168545 0.197079
0.000000 1.000000 0.000000
0.009177 0.990823 0.000000
0.941573 0.002078 0.056349
0.770940 0.004272 0.224788
0.466562 0.340595 0.192843
0.864012 0.028435 0.107553
0.861062 0.000606 0.138332
0.650178 0.331208 0.018614
0.000029 0.999971 -0.000000
0.523739 0.450143 0.026119
0.009752 0.990245 0.000003
0.003140 0.996860 0.000000
0.006701 0.000000 0.993299
0.783138 0.088125 0.128736
0.844974 0.004312 0.150714
0.000252 0.999748 0.000000
0.367547 0.001362 0.631090
0.202468 0.454094 0.343438
0.972387 0.015863 0.011751
0.954850 0.005893 0.039257
0.000000 1.000000 -0.000000
0.385617 0.399878 0.214505
0.951727 0.027611 0.020662
0.332500 0.661621 0.005879
0.772422 0.000458 0.227119
0.915468 0.000406 0.084126
0.001281 0.000000 0.998719
0.015668 0.984331 0.000000
0.370619 0.629169 0.000212
0.976846 0.000045 0.023109
0.038124 0.961167 0.000710
0.877427 0.003290 0.119283
0.008720 0.000000 0.991280
0.773158 0.225934 0.000908
0.013760 0.986238 0.000002
0.066182 0.000001 0.933817
0.652423 0.000000 0.347577
0.055807 0.940228 0.003965
0.000000 1.000000 -0.000000
0.429633 0.540314 0.030054
0.000080 0.999920 0.000000
0.477607 0.519736 0.002657
0.742129 0.125949 0.131922
0.945475 0.003225 0.051300
0.000001 -0.000000 0.999999
0.000034 0.999966 0.000000
0.075629 0.924370 0.000001
0.854953 0.143351 0.001696
0.853738 0.005070 0.141193
0.012469 0.000000 0.987531
0.006682 0.000000 0.993318
0.919065 0.074244 0.006692
0.999337 0.000625 0.000039
0.999316 0.000054 0.000630
0.000003 0.000000 0.999997
0.864128 0.000038 0.135834
0.284712 0.040830 0.674459
0.006600 0.993400 0.000000
0.266299 0.548553 0.185149
0.017054 0.000001 0.982945
0.817258 0.095228 0.087513
0.333939 0.665969 0.000091
0.595638 0.000122 0.404241
0.568174 0.280887 0.150938
0.000001 0.999999 -0.000000
0.510886 0.436038 0.053076
0.000595 0.999405 0.000000
0.000844 0.000000 0.999156
0.909198 0.001742 0.089060
0.001289 0.000000 0.998711
0.566940 0.432025 0.001035
0.313906 0.100586 0.585509
0.860839 0.002529 0.136631
0.315901 0.678092 0.006007
0.000807 0.999193 0.000000
0.780844 0.219156 0.000000
0.592095 0.403706 0.004199
0.174247 0.000146 0.825607
0.732140 0.179049 0.088812
0.109688 0.001870 0.888442
0.325968 0.672752 0.001279
0.225242 0.169763 0.604995
0.921620 0.001241 0.077139
0.239210 0.760230 0.000560
0.476891 0.515935 0.007174
0.044784 0.000003 0.955213
0.000464 0.999536 0.000000
0.936686 0.000001 0.063312
0.924072 0.004554 0.071374
0.545601 0.436569 0.017830
0.000145 0.000000 0.999855
0.000006 0.999994 0.000000
0.832094 0.000695 0.167211
0.513805 0.351670 0.134525
0.000014 0.999986 0.000000
0.000062 0.999938 -0.000000
0.000097 0.000000 0.999903
0.326170 0.000242 0.673588
0.999739 0.000008 0.000254
0.869998 0.004226 0.125776
0.000125 0.999875 0.000000
0.000277 0.999723 0.000000
0.851733 0.146086 0.002180
0.348036 0.345435 0.306529
0.978150 0.021850 0.000000
0.401481 0.482577 0.115941
0.037844 0.000004 0.962152
0.863036 0.023558 0.113406
0.998157 0.000151 0.001693
0.000000 1.000000 -0.000000
0.013700 0.986300 0.000000
0.000046 0.000000 0.999954
0.883632 0.003618 0.112749
0.482700 0.512299 0.005002
0.298031 0.050635 0.651334
0.273415 0.696721 0.029864
0.018230 0.000000 0.981770
0.074861 0.000000 0.925139
0.968948 0.018911 0.012141
0.001474 0.998526 0.000000
0.922202 0.072673 0.005125
0.022541 0.977459 0.000000
0.000002 0.999998 -0.000000
0.365778 0.235210 0.399012
0.044235 0.000006 0.955759
0.046874 0.952803 0.000322
0.316550 0.000183 0.683267
0.044767 0.000006 0.955227
0.314725 0.659495 0.025779
0.049015 0.950839 0.000145
0.273024 0.000009 0.726968
0.061784 0.937837 0.000380
0.302174 0.657647 0.040179
0.150189 0.465665 0.384146
0.335580 0.542669 0.121751
0.021476 0.978503 0.000021
0.999863 0.000006 0.000131
0.310903 0.186316 0.502781
0.998350 0.000011 0.001639
0.000110 0.999890 0.000000
0.932335 0.002236 0.065429
0.410503 0.417848 0.171649
0.000197 0.999803 0.000000
0.312925 0.652140 0.034936
0.943403 0.001642 0.054956
0.160718 0.834955 0.004326
0.167210 0.000060 0.832730
0.179053 0.001126 0.819821
0.180882 0.000002 0.819116
0.999488 0.000511 0.000001
0.009041 0.990958 0.000001
0.000000 0.000000 1.000000
0.788318 0.001752 0.209930
0.010577 0.000000 0.989423
0.249135 0.746393 0.004472
0.459113 0.509672 0.031216
0.102922 0.897071 0.000007
0.061765 0.000009 0.938226
0.101201 0.000004 0.898795
0.686632 0.039514 0.273855
0.005410 0.000000 0.994590
0.015599 0.000000 0.984401
0.999339 0.000014 0.000647
0.612443 0.001459 0.386098
0.999897 0.000084 0.000019
0.000340 0.999660 0.000000
0.854250 0.002043 0.143707
0.999847 0.000040 0.000113
0.242211 0.085970 0.671819
0.137472 0.000040 0.862488
0.000169 0.999831 0.000000
0.390372 0.114096 0.495532
0.476298 0.519378 0.004324
0.623610 0.000383 0.376007
0.001136 0.000000 0.998864
0.999935 0.000008 0.000058
0.000000 1.000000 -0.000000
0.000004 -0.000000 0.999996
0.961022 0.025274 0.013704
0.002112 0.000000 0.997888
0.721027 0.253375 0.025599
0.002855 0.000000 0.997145
0.686461 0.310668 0.002871
0.714559 0.185693 0.099748
0.603661 0.252413 0.143926
0.000754 0.999246 0.000000
0.002367 0.997633 0.000000
0.085317 0.886984 0.027699
0.077379 0.000001 0.922620
0.249006 0.750781 0.000213
0.000000 1.000000 -0.000000
0.048605 0.951394 0.000002
0.026452 0.000000 0.973548
0.610789 0.010663 0.378548
0.421541 0.116152 0.462307
0.000516 0.999484 0.000000
0.016543 0.983403 0.000054
0.193430 0.158183 0.648387
0.001241 0.998759 0.000000
0.844882 0.153892 0.001226
0.641294 0.053925 0.304781
0.014362 0.985355 0.000283
0.125893 0.658125 0.215982
0.767338 0.081358 0.151304
0.007755 0.000000 0.992245
0.742155 0.000018 0.257827
0.999879 0.000113 0.000008
0.062842 0.936867 0.000292
0.634316 0.325944 0.039739
0.910020 0.001821 0.088159
0.816233 0.045911 0.137856
0.260492 0.739477 0.000031
0.433227 0.560680 0.006094
0.082700 0.000001 0.917298
0.006972 0.000000 0.993028
0.357176 0.000291 0.642533
0.614747 0.312345 0.072907
0.572672 0.212575 0.214753
0.163243 0.680060 0.156697
0.443550 0.183409 0.373041
0.677517 0.239538 0.082945
0.657417 0.009310 0.333273
0.003267 0.996733 0.000000
0.034913 0.965003 0.000084
0.124768 0.835262 0.039970
0.243197 0.008430 0.748373
0.437304 0.560396 0.002300
0.678157 0.300929 0.020913
0.561528 0.433457 0.005015
0.079202 0.003891 0.916907
0.047956 0.000000 0.952044
0.466242 0.514302 0.019455
0.904411 0.072929 0.022660
0.706624 0.154008 0.139368
0.868705 0.016276 0.115019
0.561038 0.393790 0.045172
0.733794 0.000610 0.265596
0.692641 0.013323 0.294035
0.073859 0.000238 0.925902
0.000403 0.999597 0.000000
0.679146 0.243204 0.077650
0.269870 0.730128 0.000002
0.002580 0.997419 0.000000
0.591130 0.250780 0.158089
0.000641 0.000000 0.999359
0.481099 0.008494 0.510407
0.097990 0.000006 0.902004
0.040089 0.950598 0.009313
0.000097 0.999903 0.000000
0.245520 0.000035 0.754445
0.999640 0.000337 0.000023
0.175834 0.823473 0.000693
0.000612 0.999387 0.000000
0.000023 0.999977 0.000000
0.992577 0.000024 0.007399
0.827214 0.053614 0.119172
0.887407 0.000000 0.112593
0.224222 0.000008 0.775770
0.086380 0.137112 0.776508
0.952949 0.005554 0.041497
0.128372 0.848183 0.023445
0.000024 0.000000 0.999976
0.372789 0.490521 0.136690
0.665736 0.321097 0.013167
0.999770 0.000112 0.000117
0.406525 0.509749 0.083726
0.260073 0.739792 0.000135
0.041975 0.955393 0.002632
0.000256 0.999744 0.000000
0.277584 0.705606 0.016809
0.017003 0.000000 0.982997
0.994893 0.005065 0.000042
0.768028 0.143849 0.088123
0.167630 0.786378 0.045992
0.000698 0.999302 0.000000
0.949374 0.003073 0.047553
0.000560 0.000000 0.999440
0.927838 0.033059 0.039103
0.910512 0.045009 0.044478
0.335526 0.663931 0.000543
0.000001 0.999999 0.000000
0.066445 0.000540 0.933015
0.000175 0.999825 0.000000
0.396921 0.599495 0.003584
0.744393 0.255181 0.000425
0.024799 0.000002 0.975199
0.002712 0.000000 0.997288
0.120222 0.879775 0.000003
0.269135 0.686788 0.044078
0.011536 0.988463 0.000002
0.993145 0.000016 0.006839
0.407211 0.578165 0.014624
0.894688 0.102063 0.003249
0.568516 0.000298 0.431186
0.933591 0.001199 0.065210
0.003047 0.996953 0.000000
0.247347 0.752566 0.000087
0.503153 0.483981 0.012866
0.005622 0.994375 0.000004
0.000070 0.999930 0.000000
0.999461 0.000513 0.000026
0.450761 0.548935 0.000304
0.013970 0.000000 0.986030
0.000770 0.000000 0.999230
0.656157 0.193344 0.150499
0.000032 -0.000000 0.999968
0.993759 0.006215 0.000026
0.996968 0.003031 0.000001
0.753584 0.246416 0.000000
0.010540 0.989459 0.000000
0.031868 0.967688 0.000444
0.276511 0.723143 0.000346
0.103833 0.894952 0.001215
0.050398 0.000000 0.949601
0.685471 0.313437 0.001093
0.011169 0.988827 0.000004
0.709737 0.245524 0.044739
0.000000 1.000000 -0.000000
0.737019 0.003775 0.259206
0.936627 0.003022 0.060351
0.000211 0.000000 0.999789
0.051846 0.948053 0.000101
0.627024 0.367492 0.005485
0.190576 0.535820 0.273603
0.461154 0.537980 0.000866
0.859267 0.016903 0.123830
0.000799 0.999201 0.000000
0.073346 0.926596 0.000059
0.072739 0.863466 0.063795
0.315763 0.013645 0.670593
0.226755 0.760051 0.013194
0.630015 0.001286 0.368698
0.354331 0.432782 0.212887
0.137600 0.000080 0.862319
0.821774 0.001375 0.176851
0.022035 0.977627 0.000339
0.013845 0.986155 0.000000
0.442603 0.482926 0.074471
0.457377 0.502480 0.040144
0.005255 0.000000 0.994745
0.069265 0.000000 0.930735
0.078858 0.678393 0.242749
0.101697 0.898289 0.000015
0.219276 0.325723 0.455001
0.027508 0.000000 0.972492
0.016815 0.000001 0.983184
0.954099 0.003911 0.041990
0.019338 0.000000 0.980661
0.011170 0.988511 0.000319
0.018688 0.981305 0.000007
0.848975 0.002779 0.148246
0.804168 0.035583 0.160249
0.000453 0.999547 0.000000
0.017645 0.982345 0.000010
0.007366 0.992634 0.000000
0.000657 0.999343 0.000000
0.370795 0.373361 0.255843
0.687160 0.211542 0.101298
0.177618 0.743373 0.079008
0.892522 0.000203 0.107275
0.096191 0.000029 0.903780
0.000038 0.999962 -0.000000
0.722315 0.115731 0.161954
0.781870 0.001244 0.216886
0.909647 0.077543 0.012810
0.696791 0.302566 0.000643
0.172195 0.827738 0.000067
0.535465 0.368283 0.096252
0.473252 0.517232 0.009516
0.137831 0.861860 0.000309
0.913612 0.006769 0.079618
0.874515 0.081000 0.044485
0.000064 0.999936 0.000000
0.703020 0.012265 0.284716
0.931111 0.004271 0.064618
0.730581 0.007631 0.261788
0.271599 0.000068 0.728333
0.760875 0.125455 0.113670
0.099911 0.887719 0.012370
0.663030 0.003723 0.333247
0.018623 0.981366 0.000011
0.141627 0.604242 0.254131
0.918590 0.001289 0.080121
0.539606 0.424495 0.035899
0.066547 0.919942 0.013511
0.000024 0.999976 0.000000
0.000024 0.999976 0.000000
0.884314 0.017155 0.098531
0.784851 0.002722 0.212428
0.270259 0.000006 0.729736
0.002884 0.997116 0.000000
0.656878 0.001746 0.341375
0.113240 0.886758 0.000002
0.007552 0.992448 0.000000
0.892087 0.018188 0.089725
0.856809 0.007104 0.136087
0.000040 0.999960 0.000000
0.064476 0.000132 0.935391
0.565539 0.146895 0.287566
0.122041 0.877633 0.000326
0.511190 0.142883 0.345927
0.966684 0.005339 0.027978
0.923891 0.003239 0.072870
0.000080 0.999920 0.000000
0.476065 0.000932 0.523003
0.944434 0.000031 0.055535
0.058300 0.941506 0.000194
0.028084 0.000000 0.971916
0.454759 0.525055 0.020186
0.952380 0.042788 0.004832
0.000481 0.999519 0.000000
0.995740 0.000016 0.004244
0.081263 0.000005 0.918733
0.938403 0.002550 0.059047
0.801163 0.002335 0.196503
0.000082 0.999918 0.000000
0.152350 0.844050 0.003600
0.021301 0.000001 0.978698
0.000581 0.999419 0.000000
0.005209 0.994790 0.000001
0.692745 0.256911 0.050344
0.013481 0.986518 0.000001
0.352244 0.647689 0.000068
0.007997 0.000000 0.992003
0.999131 0.000042 0.000827
0.646014 0.014346 0.339639
0.016787 0.982974 0.000238
0.000004 0.999996 -0.000000
0.004658 0.995301 0.000041
0.809720 0.007361 0.182919
0.296475 0.657562 0.045964
0.371603 0.628048 0.000349
0.012497 0.987502 0.000000
0.032969 0.967031 0.000000
0.080804 0.918899 0.000297
0.734674 0.265098 0.000228
0.955341 0.000607 0.044052
0.377764 0.621940 0.000296
0.071266 0.928132 0.000603
0.035397 0.964338 0.000265
0.000401 0.999599 0.000000
0.999414 0.000058 0.000529
0.071264 0.000020 0.928717
0.327313 0.648150 0.024537
0.323245 0.000521 0.676235
0.001007 0.998993 0.000000
0.860387 0.132296 0.007317
0.962953 0.017843 0.019204
0.008330 0.991657 0.000012
0.000096 0.999904 0.000000
0.815741 0.000299 0.183960
0.845141 0.016557 0.138303
0.476853 0.000113 0.523034
0.005980 0.994020 0.000000
0.000000 1.000000 0.000000
0.288445 0.710430 0.001125
0.625410 0.000383 0.374207
0.336546 0.659651 0.003802
0.001261 0.998738 0.000000
0.555341 0.418926 0.025732
0.001354 0.000000 0.998646
0.428156 0.000155 0.571688
0.654729 0.344905 0.000366
0.949060 0.045919 0.005021
0.000034 0.999966 0.000000
0.395454 0.155243 0.449303
0.003343 0.000000 0.996657
0.194683 0.021060 0.784257
0.012692 0.000000 0.987308
0.152621 0.155111 0.692268
0.175382 0.000103 0.824515
0.955570 0.010403 0.034027
0.000000 1.000000 0.000000
0.347317 0.652545 0.000137
0.950553 0.005971 0.043476
0.217345 0.000171 0.782485
0.998472 0.001527 0.000001
0.001242 0.998758 0.000000
0.257001 0.742645 0.000354
0.000479 0.999521 0.000000
0.300553 0.699128 0.000319
0.991860 0.008139 0.000000
0.153675 0.000010 0.846316
0.000000 1.000000 -0.000000
0.825358 0.173248 0.001393
0.020647 0.979309 0.000044
0.031158 0.968782 0.000059
0.728097 0.075164 0.196738
0.381374 0.165617 0.453009
0.389575 0.380631 0.229794
0.131654 0.866130 0.002216
0.933605 0.044164 0.022231
0.043995 0.955490 0.000515
0.008067 0.991933 0.000000
0.804248 0.000027 0.195725
0.203566 0.000000 0.796434
0.806976 0.003831 0.189193
0.895627 0.035122 0.069251
0.200484 0.000439 0.799077
0.550408 0.012941 0.436651
0.999288 0.000026 0.000686
0.000001 0.999999 -0.000000
0.317490 0.681950 0.000560
0.892693 0.093765 0.013542
0.000216 0.000000 0.999784
0.671833 0.326904 0.001263
0.747652 0.088179 0.164169
0.483754 0.506774 0.009472
0.739828 0.111737 0.148434
0.000270 0.000000 0.999730
0.000020 0.000000 0.999980
0.725853 0.040413 0.233734
0.797237 0.000006 0.202757
0.044773 0.000007 0.955220
0.630407 0.000412 0.369181
0.006976 0.000000 0.993024
0.127903 0.000055 0.872041
0.376436 0.448109 0.175454
0.042469 0.957530 0.000001
0.001790 0.998209 0.000002
0.350556 0.415622 0.233822
0.473916 0.183697 0.342388
0.025472 0.974528 0.000000
0.591490 0.106085 0.302425
0.104255 0.000007 0.895739
0.001025 0.998974 0.000001
0.000009 0.999991 -0.000000
0.510572 0.368407 0.121021
0.173447 0.826145 0.000408
0.000774 0.999226 0.000000
0.586846 0.398912 0.014241
0.000644 0.000000 0.999356
0.738167 0.106393 0.155440
0.544248 0.059252 0.396500
0.189028 0.810615 0.000358
0.257674 0.000006 0.742320
0.582418 0.407274 0.010307
0.173640 0.825560 0.000800
0.479054 0.357685 0.163261
0.856353 0.014382 0.129264
0.634236 0.178317 0.187447
0.454772 0.000263 0.544966
0.013620 0.000000 0.986380
0.003519 0.000000 0.996481
0.041404 0.958596 0.000000
0.227559 0.000015 0.772426
0.900552 0.001625 0.097823
0.341455 0.489527 0.169018
0.247318 0.000159 0.752523
0.991999 0.008001 0.000000
0.999887 0.000084 0.000028
0.179863 0.807497 0.012640
0.696822 0.000627 0.302551
0.000404 0.000000 0.999596
0.511220 0.477896 0.010884
0.166800 0.637714 0.195486
0.433650 0.549479 0.016871
0.000048 0.999952 0.000000
0.214169 0.002196 0.783635
0.053424 0.941529 0.005047
0.308829 0.005017 0.686154
0.360531 0.638031 0.001438
0.679493 0.061832 0.258675
0.804410 0.036678 0.158912
0.006380 0.993612 0.000008
0.922331 0.074889 0.002780
0.198452 0.767135 0.034414
0.094286 0.894994 0.010720
0.310276 0.688702 0.001022
0.196974 0.803026 0.000000
0.007143 0.992856 0.000000
0.997883 0.000000 0.002117
0.004744 0.995256 0.000001
0.012460 0.987522 0.000018
0.430990 0.000216 0.568795
0.869826 0.128321 0.001853
0.046032 0.000000 0.953968
0.000004 0.999996 -0.000000
0.898791 0.000013 0.101196
0.790979 0.014044 0.194977
0.764210 0.000015 0.235775
0.398162 0.577095 0.024742
0.745720 0.147460 0.106821
0.074563 0.925422 0.000015
0.003749 0.996249 0.000001
0.902296 0.006884 0.090820
0.000065 0.000000 0.999935
0.232738 0.000244 0.767018
0.000109 0.999891 0.000000
0.500243 0.488363 0.011393
0.105614 0.000000 0.894386
0.551921 0.002926 0.445153
0.998723 0.001277 0.000000
0.792996 0.001958 0.205046
0.004196 0.995804 0.000000
0.361103 0.072595 0.566301
0.126257 0.873733 0.000010
0.621835 0.247377 0.130788
0.033005 0.000003 0.966992
0.133482 0.681863 0.184655
0.029956 0.000000 0.970044
0.582981 0.023037 0.393983
0.339252 0.569012 0.091736
0.827607 0.002696 0.169697
0.082672 0.000014 0.917314
0.015630 0.984369 0.000001
0.723870 0.275555 0.000575
0.771182 0.205690 0.023128
0.999801 0.000124 0.000075
0.851893 0.135127 0.012981
0.745443 0.196103 0.058454
0.000195 0.000000 0.999805
0.308496 0.687047 0.004457
0.140366 0.000095 0.859539
0.024248 0.975749 0.000003
0.040336 0.000003 0.959661
0.007517 0.992454 0.000029
0.039973 0.960026 0.000001
0.126493 0.655440 0.218068
0.004430 0.000000 0.995570
0.578477 0.000390 0.421133
0.891115 0.090550 0.018335
0.914265 0.049948 0.035787
0.264849 0.570314 0.164837
0.820031 0.175517 0.004451
0.806390 0.001308 0.192301
0.397515 0.000742 0.601743
0.000309 0.999691 0.000000
0.253042 0.746669 0.000289
0.710997 0.271943 0.017060
0.000198 0.999802 -0.000000
0.102535 0.892176 0.005289
0.715958 0.000025 0.284016
0.093922 0.000003 0.906074
0.952392 0.035059 0.012550
0.174413 0.825469 0.000117
0.261055 0.000000 0.738945
0.752379 0.016561 0.231060
0.441363 0.029044 0.529594
0.122362 0.000088 0.877550
0.003209 0.996791 0.000000
0.223310 0.749322 0.027367
0.052625 0.947374 0.000001
0.000037 0.000000 0.999963
0.608613 0.191920 0.199467
0.228146 0.770743 0.001111
0.738479 0.082441 0.179081
0.000000 1.000000 -0.000000
0.645483 0.345829 0.008688
0.507538 0.001860 0.490602
0.222953 0.068168 0.708879
0.424299 0.573904 0.001798
0.999904 0.000030 0.000066
0.012604 0.987395 0.000001
0.477525 0.444556 0.077919
0.000003 0.000000 0.999997
0.098168 0.900432 0.001399
0.824000 0.002515 0.173485
0.000210 0.999790 0.000000
0.730555 0.243796 0.025649
0.023639 0.976359 0.000002
0.036253 0.963684 0.000063
0.976743 0.009593 0.013664
0.835031 0.000532 0.164437
0.961509 0.034332 0.004160
0.889275 0.023350 0.087375
0.003318 0.000000 0.996682
0.867427 0.000146 0.132426
0.000010 0.999990 0.000000
0.413539 0.580446 0.006015
0.315221 0.661776 0.023003
0.004336 0.995657 0.000007
0.698605 0.274488 0.026907
0.785938 0.026412 0.187650
0.284926 0.714659 0.000415
0.529413 0.013475 0.457112
0.975149 0.000019 0.024831
0.172715 0.000032 0.827253
0.689253 0.069504 0.241243
0.423541 0.211201 0.365258
0.020243 0.979468 0.000289
0.076696 0.000001 0.923303
0.895222 0.103883 0.000896
0.213498 0.782991 0.003511
0.417812 0.581368 0.000820
0.000029 0.999971 0.000000
0.190380 0.000001 0.809618
0.233788 0.025013 0.741200
0.557517 0.418672 0.023811
0.278170 0.696715 0.025114
0.407833 0.565171 0.026996
0.144983 0.844169 0.010848
0.838845 0.018270 0.142885
0.310647 0.688859 0.000494
0.777424 0.058185 0.164390
0.035948 0.962941 0.001110
0.475805 0.000095 0.524100
0.024080 0.975919 0.000000
0.281810 0.508626 0.209564
0.479942 0.513815 0.006244
0.876971 0.001116 0.121913
0.507605 0.328209 0.164187
0.599254 0.337273 0.063473
0.832359 0.006479 0.161162
0.051152 0.948557 0.000291
0.074840 0.000017 0.925143
0.919568 0.000080 0.080352
0.938959 0.003981 0.057059
0.566925 0.408294 0.024781
0.920327 0.068727 0.010946
0.450771 0.503460 0.045769
0.806823 0.021319 0.171859
0.030327 0.969645 0.000028
0.999859 0.000121 0.000020
0.478823 0.000462 0.520715
0.000479 0.999521 0.000000
0.494085 0.504445 0.001470
0.887061 0.000131 0.112808
0.590496 0.012726 0.396778
0.958706 0.038012 0.003281
0.992144 0.007854 0.000002
0.005593 0.000000 0.994407
0.105021 0.893636 0.001343
0.958783 0.038427 0.002790
0.000814 0.000000 0.999186
0.699936 0.000287 0.299776
0.985538 0.000004 0.014458
0.997041 0.002959 0.000000
0.015524 0.984475 0.000001
0.050534 0.000007 0.949459
0.104480 0.000006 0.895515
0.000087 0.000000 0.999913
0.769877 0.230123 0.000000
0.016949 0.983047 0.000004
0.000117 0.000000 0.999883
0.140026 0.856776 0.003198
0.004085 0.995756 0.000159
0.232532 0.000027 0.767441
0.029535 0.000000 0.970465
0.000046 -0.000000 0.999954
0.482106 0.368668 0.149226
0.971571 0.000005 0.028424
0.389229 0.507934 0.102837
0.248563 0.104715 0.646722
0.301486 0.697433 0.001081
0.114286 0.885703 0.000011
0.746483 0.115255 0.138262
0.132591 0.866931 0.000478
0.060971 0.939029 0.000000
0.925126 0.014474 0.060400
0.000001 0.999999 0.000000
0.000300 0.999700 0.000000
0.971818 0.012752 0.015430
0.999747 0.000248 0.000005
0.000004 0.999996 0.000000
0.000001 -0.000000 0.999999
0.882267 0.008252 0.109481
0.917902 0.012635 0.069463
0.195302 0.804432 0.000266
0.050861 0.944898 0.004241
0.724344 0.087428 0.188228
0.810943 0.005087 0.183970
0.461891 0.039804 0.498305
0.984884 0.000013 0.015103
0.230918 0.769061 0.000021
0.014015 0.985968 0.000017
0.631463 0.001931 0.366606
0.638114 0.307496 0.054390
0.828272 0.000997 0.170731
0.738239 0.242706 0.019055
0.631577 0.000236 0.368187
0.277658 0.721643 0.000699
0.809239 0.190124 0.000637
0.110420 0.888485 0.001095
0.000003 0.999997 0.000000
0.710341 0.000209 0.289450
0.782489 0.034008 0.183503
0.072140 0.923773 0.004087
0.012036 0.987964 0.000000
0.999769 0.000025 0.000206
0.679024 0.015309 0.305667
0.999779 0.000007 0.000214
0.007951 0.992049 0.000000
0.426975 0.567348 0.005676
0.494808 0.000274 0.504918
0.000000 1.000000 -0.000000
0.053493 0.000130 0.946376
0.985337 0.000000 0.014663
0.065152 0.934629 0.000219
0.773753 0.002912 0.223335
0.882536 0.004719 0.112746
0.378556 0.416061 0.205383
0.002559 0.997441 0.000000
0.377691 0.622219 0.000090
0.997289 0.000001 0.002710
0.062990 0.936935 0.000075
0.366162 0.000776 0.633062
0.968425 0.000491 0.031084
0.579537 0.406062 0.014401
0.948395 0.004967 0.046638
0.970720 0.024840 0.004441
0.925911 0.000000 0.074089
0.197462 0.000272 0.802266
0.787906 0.196012 0.016082
0.763890 0.235700 0.000410
0.302788 0.000036 0.697176
0.967210 0.000607 0.032183
0.001470 0.998530 0.000000
0.882072 0.000362 0.117566
0.110804 0.889115 0.000081
0.552051 0.364137 0.083812
0.643861 0.000362 0.355777
0.360722 0.630532 0.008745
0.998768 0.001199 0.000033
0.478797 0.000083 0.521121
0.000093 0.999907 -0.000000
0.219631 0.000502 0.779867
0.523226 0.031138 0.445636
0.977335 0.000288 0.022377
0.938622 0.006696 0.054682
0.716177 0.220151 0.063672
0.085227 0.000000 0.914773
0.569769 0.393121 0.037110
0.080917 0.901075 0.018008
0.000009 0.999991 0.000000
0.000503 0.000000 0.999497
0.717290 0.001559 0.281151
0.975510 0.010651 0.013839
0.999792 0.000005 0.000203
0.007269 0.992731 0.000000
0.016590 0.983066 0.000345
0.003296 0.996703 0.000001
0.744052 0.000007 0.255941
0.330763 0.000767 0.668470
0.489211 0.489494 0.021295
0.761471 0.000104 0.238425
0.000457 0.999543 0.000000
0.091111 0.908851 0.000037
0.062337 0.000007 0.937656
0.040090 0.959907 0.000003
0.622403 0.003744 0.373853
0.069416 0.000013 0.930571
0.651575 0.244053 0.104373
0.861494 0.095947 0.042559
0.000000 -0.000000 1.000000
0.982811 0.000001 0.017188
0.005165 0.994826 0.000008
0.889971 0.010479 0.099550
0.487721 0.003177 0.509102
0.779874 0.000000 0.220126
0.029857 0.969765 0.000378
0.270973 0.686272 0.042755
0.000067 0.000000 0.999933
0.999221 0.000165 0.000614
0.000088 0.999912 0.000000
0.000013 0.999987 0.000000
0.667844 0.242665 0.089492
0.280449 0.000065 0.719487
0.985341 0.000606 0.014052
0.485593 0.066965 0.447442
0.819769 0.000073 0.180158
0.675042 0.000082 0.324875
0.718150 0.090165 0.191684
0.004637 0.000000 0.995363
0.473856 0.493576 0.032568
0.584718 0.328261 0.087021
0.733682 0.197889 0.068429
0.051373 0.948624 0.000003
0.023690 0.000001 0.976308
0.833613 0.000930 0.165457
0.002117 0.997883 0.000000
0.875811 0.004027 0.120162
0.285825 0.701601 0.012574
0.488263 0.507320 0.004417
0.654658 0.214129 0.131214
0.349294 0.373124 0.277582
0.000000 1.000000 -0.000000
0.123039 0.802712 0.074249
0.562401 0.433401 0.004198
0.843725 0.000022 0.156253
0.941477 0.034417 0.024106
0.161413 0.000003 0.838583
0.242535 0.069812 0.687653
0.799101 0.022912 0.177987
0.726867 0.149722 0.123411
0.618739 0.006863 0.374399
0.460250 0.535275 0.004476
0.779571 0.004776 0.215652
0.502229 0.494617 0.003154
0.032413 0.967587 0.000001
0.719441 0.208742 0.071818
0.007686 0.992313 0.000000
0.084989 0.009158 0.905853
0.965566 0.029213 0.005222
0.203575 0.381209 0.415216
0.432042 0.244179 0.323780
0.725868 0.270495 0.003637
0.000000 1.000000 -0.000000
0.010340 0.000000 0.989660
0.014765 0.985232 0.000003
0.202392 0.489025 0.308583
0.756086 0.011954 0.231960
0.000001 0.999999 0.000000
0.055225 0.944610 0.000165
0.009761 0.990231 0.000008
0.856481 0.008366 0.135153
0.011321 0.988673 0.000006
0.794718 0.003171 0.202110
0.000001 -0.000000 0.999999
0.258395 0.020824 0.720781
0.989953 0.000010 0.010037
0.255076 0.023261 0.721663
0.889761 0.087677 0.022562
0.161877 0.835584 0.002538
0.094556 0.871622 0.033822
0.381046 0.280855 0.338099
0.133786 0.865856 0.000358
0.438202 0.135463 0.426336
0.543581 0.001198 0.455221
0.000000 1.000000 0.000000
0.455612 0.457878 0.086510
0.512429 0.476621 0.010950
0.034424 0.965570 0.000005
0.993836 0.006164 0.000000
0.929879 0.001928 0.068193
0.358432 0.006630 0.634938
0.993732 0.000005 0.006263
0.771619 0.006130 0.222251
0.419997 0.160746 0.419258
0.153760 0.001752 0.844488
0.015394 0.984284 0.000323
0.003129 0.000000 0.996871
0.373082 0.562605 0.064313
0.965965 0.000124 0.033911
0.993371 0.000000 0.006629
0.245676 0.754310 0.000013
0.473159 0.000524 0.526317
0.000951 0.000000 0.999049
0.166788 0.760847 0.072365
0.000444 0.999556 0.000000
0.000684 0.999316 0.000000
0.000280 0.999720 0.000000
0.999842 0.000031 0.000128
0.573818 0.064543 0.361639
0.495898 0.488010 0.016092
0.521940 0.280859 0.197202
0.706691 0.000239 0.293070
0.693310 0.133686 0.173004
0.008597 0.991349 0.000054
0.702861 0.247334 0.049805
0.280112 0.698769 0.021118
0.066662 0.933312 0.000025
0.399811 0.000011 0.600178
0.889657 0.091553 0.018789
0.001809 0.000000 0.998191
0.011396 0.988604 0.000000
0.999300 0.000020 0.000680
0.181296 0.177329 0.641375
0.199586 0.000002 0.800412
0.201532 0.781636 0.016832
0.007030 0.992966 0.000004
0.050698 0.949298 0.000004
0.890875 0.001412 0.107713
0.000007 0.999993 0.000000
0.004929 0.995068 0.000003
0.080369 0.000122 0.919509
0.372372 0.614118 0.013510
0.999407 0.000592 0.000001
0.097336 0.900894 0.001770
0.923322 0.005027 0.071651
0.077166 0.922506 0.000328
0.964444 0.007654 0.027902
0.343694 0.594363 0.061943
0.004826 0.995174 0.000001
0.318850 0.001020 0.680131
0.970304 0.019310 0.010386
0.985107 0.000105 0.014788
0.839406 0.001717 0.158877
0.661657 0.323730 0.014613
0.904762 0.079879 0.015360
0.088912 0.911012 0.000076
0.968152 0.026669 0.005179
0.846284 0.145231 0.008485
0.998985 0.001009 0.000006
0.102505 0.897321 0.000174
0.002065 0.997932 0.000003
0.585207 0.024679 0.390114
0.184622 0.030757 0.784622
0.959570 0.000234 0.040196
0.021536 0.978464 0.000000
0.530348 0.419564 0.050087
0.904097 0.007812 0.088091
0.666011 0.000930 0.333058
0.950454 0.013734 0.035811
0.422991 0.571436 0.005573
0.001422 0.998578 0.000000
0.151527 0.781281 0.067192
0.693338 0.001097 0.305565
0.929655 0.002989 0.067356
0.040751 0.958568 0.000682
0.906646 0.000617 0.092737
0.907562 0.062539 0.029900
0.195802 0.000038 0.804160
0.007563 0.000000 0.992437
0.999095 0.000001 0.000904
0.000001 -0.000000 0.999999
0.352642 0.442774 0.204584
0.927011 0.071469 0.001520
0.631976 0.348444 0.019581
0.000295 0.999705 0.000000
0.000021 0.999979 0.000000
0.925189 0.009329 0.065482
0.573469 0.000263 0.426268
0.034260 0.000017 0.965723
0.946933 0.044397 0.008670
0.012307 0.987691 0.000002
0.000316 0.999684 0.000000
0.185642 0.000345 0.814013
0.173452 0.733152 0.093395
0.995451 0.000806 0.003744
0.629335 0.318037 0.052628
0.000309 0.999691 0.000000
0.688028 0.293107 0.018865
0.938612 0.000622 0.060765
0.000006 0.999994 0.000000
0.869547 0.000015 0.130437
0.774991 0.000514 0.224495
0.618064 0.198163 0.183773
0.949080 0.025638 0.025281
0.045134 0.954839 0.000027
0.856877 0.114358 0.028765
0.000000 1.000000 0.000000
0.001732 0.998268 0.000000
0.346046 0.000366 0.653587
0.001213 0.000000 0.998787
0.261075 0.066838 0.672088
0.039933 0.956375 0.003692
0.637618 0.221373 0.141009
0.921920 0.005489 0.072591
0.989532 0.000000 0.010468
0.133354 0.866562 0.000084
0.007017 0.000000 0.992983
0.951194 0.002814 0.045992
0.000227 0.999773 0.000000
0.528389 0.393103 0.078508
0.576529 0.129487 0.293984
0.996296 0.000000 0.003703
0.000511 0.999489 0.000000
0.121127 0.000002 0.878871
0.961321 0.000938 0.037740
0.783724 0.206340 0.009936
0.881893 0.012112 0.105995
0.436502 0.224417 0.339081
0.000028 0.999972 0.000000
0.000123 0.999877 0.000000
0.000004 0.999996 0.000000
0.963041 0.000001 0.036958
0.741194 0.027575 0.231230
0.399756 0.370777 0.229467
0.080192 0.007042 0.912766
0.000001 0.000000 0.999999
0.950939 0.040289 0.008771
0.024136 0.973047 0.002817
0.362663 0.126018 0.511318
0.006839 0.993161 0.000000
0.911988 0.068892 0.019121
0.003486 0.996514 0.000000
0.029032 0.970934 0.000034
0.322756 0.188863 0.488381
0.811038 0.021000 0.167962
0.088547 0.871933 0.039520
0.518974 0.000427 0.480599
0.328517 0.223434 0.448049
0.493641 0.505920 0.000439
0.173374 0.216096 0.610531
0.000000 -0.000000 1.000000
0.942076 0.029541 0.028383
0.238736 0.670041 0.091222
0.699200 0.072759 0.228041
0.000000 1.000000 0.000000
0.646737 0.096822 0.256440
0.419998 0.460110 0.119892
0.849437 0.022269 0.128294
0.105137 0.781342 0.113521
0.680545 0.021802 0.297653
0.617809 0.369118 0.013073
0.083800 0.912758 0.003442
0.375921 0.198202 0.425877
0.999923 0.000055 0.000022
0.811361 0.000655 0.187985
0.235976 0.608667 0.155357
0.409860 0.007981 0.582159
0.154465 0.000074 0.845461
0.038038 0.000000 0.961962
0.799057 0.047960 0.152982
0.999931 0.000010 0.000059
0.024923 0.000000 0.975077
0.563846 0.319980 0.116175
0.826237 0.172140 0.001623
0.125717 0.871212 0.003071
0.003250 0.996750 0.000000
0.624545 0.014212 0.361244
0.085083 0.880997 0.033921
0.000662 0.999338 0.000000
0.830811 0.046381 0.122808
0.008361 0.991639 0.000001
0.000069 0.999931 0.000000
0.031170 0.968629 0.000201
0.009464 0.990530 0.000006
0.000604 0.999396 0.000000
0.818776 0.169376 0.011847
0.392797 0.304316 0.302888
0.666762 0.258716 0.074522
0.029221 0.000001 0.970778
0.000022 0.999978 0.000000
0.240657 0.687515 0.071827
0.900454 0.001127 0.098419
0.363319 0.167719 0.468962
0.000001 0.999999 0.000000
0.001028 0.998971 0.000000
0.063557 0.930421 0.006022
0.399506 0.508570 0.091923
0.867964 0.000156 0.131880
0.091721 0.908265 0.000014
0.010080 0.989915 0.000005
0.041026 0.958954 0.000020
0.613182 0.002971 0.383847
0.521371 0.131988 0.346641
0.000000 1.000000 -0.000000
0.664698 0.048945 0.286357
0.546550 0.000001 0.453449
0.600207 0.059337 0.340456
0.003282 0.996718 0.000000
0.023702 0.976297 0.000000
0.348494 0.379120 0.272386
0.628394 0.371130 0.000476
0.000698 0.999302 0.000000
0.042775 0.955528 0.001698
0.675399 0.005521 0.319080
0.900441 0.099536 0.000023
0.240774 0.756351 0.002875
0.815322 0.001885 0.182793
0.951161 0.002433 0.046406
0.408202 0.004404 0.587395
0.092570 0.000011 0.907419
0.937609 0.037262 0.025129
0.187923 0.812056 0.000022
0.985042 0.000001 0.014958
0.030107 0.969858 0.000035
0.037280 0.000004 0.962717
0.411416 0.581734 0.006851
0.000096 0.999904 0.000000
0.925043 0.070901 0.004056
0.000000 1.000000 -0.000000
0.999861 0.000064 0.000075
0.848109 0.004007 0.147883
0.985867 0.000080 0.014053
0.085779 0.908417 0.005805
0.413449 0.556860 0.029691
0.000635 0.999365 0.000000
0.400710 0.267440 0.331850
0.568653 0.000294 0.431052
0.745500 0.023910 0.230591
0.000016 0.999984 0.000000
0.958709 0.008316 0.032976
0.348123 0.000005 0.651873
0.428838 0.547500 0.023661
0.000057 0.999943 0.000000
0.000009 0.999991 -0.000000
0.000873 0.000000 0.999127
0.000078 0.999922 0.000000
0.890447 0.106617 0.002937
0.798561 0.022684 0.178755
0.969497 0.000521 0.029983
0.998694 0.000332 0.000974
0.741349 0.116680 0.141971
0.980993 0.000036 0.018971
0.001238 0.998762 0.000000
0.000000 1.000000 -0.000000
0.066899 0.932582 0.000518
0.496040 0.069957 0.434003
0.016614 0.000000 0.983386
0.015941 0.984059 0.000000
0.999628 0.000367 0.000004
0.021256 0.978742 0.000001
0.004930 0.000000 0.995070
0.812738 0.000647 0.186615
0.614941 0.001496 0.383564
0.003307 0.996687 0.000006
0.226806 0.000003 0.773191
0.011301 0.988694 0.000005
0.950858 0.004119 0.045023
0.113572 0.841458 0.044970
0.962924 0.024373 0.012703
0.001319 0.998677 0.000004
0.063294 0.936705 0.000001
0.000003 0.999997 0.000000
0.971315 0.011109 0.017576
0.292289 0.704979 0.002732
0.088213 0.000048 0.911739
0.999695 0.000304 0.000001
0.604093 0.261510 0.134397
