0.005873 0.270558 0.723569
0.023597 0.065967 0.910437
0.193261 0.006070 0.800670
0.043630 0.023180 0.933189
0.028635 0.044549 0.926816
0.003485 0.371814 0.624701
0.009521 0.219681 0.770797
0.021774 0.025540 0.952687
0.000017 0.989745 0.010237
0.366926 0.004988 0.628086
0.995875 0.000000 0.004124
0.083116 0.007036 0.909848
0.437698 0.000000 0.562302
0.051592 0.014274 0.934133
0.758429 0.000101 0.241469
0.033320 0.101109 0.865571
0.706052 0.000118 0.293829
0.025374 0.171015 0.803611
0.012116 0.224667 0.763217
0.245760 0.000005 0.754235
0.973552 0.000113 0.026335
0.027079 0.128428 0.844493
0.248260 0.000496 0.751245
0.284548 0.000068 0.715384
0.079072 0.219155 0.701773
0.061306 0.083979 0.854716
0.238735 0.000006 0.761258
0.002378 0.754643 0.242979
0.112533 0.006440 0.881027
0.838120 0.000000 0.161880
0.001265 0.929237 0.069498
0.333812 0.000010 0.666179
0.016457 0.092595 0.890948
0.032586 0.075189 0.892225
0.322968 0.000015 0.677017
0.002157 0.994153 0.003690
0.025772 0.134810 0.839418
0.049569 0.062861 0.887570
0.021701 0.005263 0.973036
0.019125 0.185830 0.795045
0.645206 0.000006 0.354788
0.426207 0.000137 0.573656
0.001125 0.650035 0.348840
0.219102 0.000222 0.780676
0.004969 0.546258 0.448773
0.999618 0.000000 0.000382
0.033532 0.008998 0.957470
0.017641 0.284941 0.697418
0.096981 0.027704 0.875315
0.677476 0.000000 0.322523
0.009027 0.057575 0.933398
0.022467 0.007675 0.969859
0.000322 0.936664 0.063015
0.021823 0.169500 0.808677
0.009857 0.094257 0.895886
0.998590 0.000000 0.001410
0.012158 0.882414 0.105429
0.981842 0.000130 0.018028
0.130107 0.079002 0.790892
0.000458 0.823045 0.176497
0.071050 0.010142 0.918808
0.026989 0.039823 0.933188
0.040450 0.004921 0.954629
0.015896 0.204158 0.779946
0.612687 0.000012 0.387301
0.005570 0.257647 0.736783
0.248858 0.001365 0.749777
0.108213 0.000030 0.891757
0.457966 0.006551 0.535484
0.000017 0.994701 0.005282
0.012943 0.189254 0.797803
0.000003 0.994254 0.005743
0.029412 0.064623 0.905965
0.006923 0.588877 0.404200
0.005483 0.724223 0.270295
0.845468 0.000000 0.154532
0.326224 0.000206 0.673570
0.098118 0.000191 0.901690
0.180516 0.000899 0.818585
0.149269 0.001699 0.849032
0.398787 0.000011 0.601202
0.015074 0.021484 0.963443
0.511874 0.000006 0.488120
0.020870 0.222362 0.756767
0.838642 0.005092 0.156266
0.006574 0.012171 0.981254
0.007297 0.164447 0.828256
0.042983 0.003493 0.953524
0.670733 0.000009 0.329258
0.000756 0.847908 0.151336
0.182702 0.004054 0.813245
0.069294 0.002910 0.927796
0.027753 0.150530 0.821716
0.076782 0.078546 0.844672
0.979829 0.000121 0.020050
0.052559 0.010890 0.936551
0.999969 0.000000 0.000031
0.022717 0.139066 0.838218
0.003716 0.435955 0.560329
0.044788 0.034195 0.921017
0.025494 0.080409 0.894096
0.004559 0.097997 0.897444
0.075335 0.085948 0.838717
0.001015 0.349753 0.649233
0.987046 0.000000 0.012954
0.062367 0.144941 0.792692
0.049987 0.036326 0.913687
0.012521 0.767562 0.219918
0.003027 0.166461 0.830512
0.000997 0.347198 0.651805
0.955259 0.000190 0.044551
0.026681 0.009736 0.963584
0.997905 0.000000 0.002095
0.000826 0.989857 0.009317
0.000444 0.910520 0.089035
0.490773 0.001782 0.507445
0.020048 0.107944 0.872008
0.015359 0.004608 0.980033
0.012914 0.774752 0.212334
0.008609 0.101868 0.889523
0.983886 0.000103 0.016011
0.990101 0.000000 0.009899
0.003874 0.255558 0.740568
0.022911 0.151021 0.826067
0.094663 0.003823 0.901514
0.002830 0.525762 0.471408
0.008636 0.330260 0.661104
0.079994 0.036317 0.883689
0.001670 0.970460 0.027870
0.016905 0.218032 0.765063
0.082361 0.105413 0.812225
0.155053 0.015822 0.829126
0.057015 0.058725 0.884261
0.402077 0.000044 0.597880
0.004945 0.700319 0.294736
0.000739 0.852290 0.146971
0.001010 0.909236 0.089754
0.115553 0.016932 0.867515
0.078982 0.047372 0.873646
0.059786 0.060695 0.879519
0.059232 0.715310 0.225458
0.017233 0.069075 0.913692
0.001101 0.784257 0.214642
0.022014 0.006091 0.971895
0.019924 0.184856 0.795220
0.003608 0.989312 0.007081
0.008018 0.348518 0.643465
0.121071 0.000508 0.878421
0.011030 0.049270 0.939700
0.098131 0.024355 0.877514
0.690595 0.000043 0.309362
0.003707 0.470342 0.525952
0.066293 0.071132 0.862575
0.005881 0.109293 0.884825
0.007009 0.335458 0.657533
0.074004 0.020878 0.905118
0.160321 0.000983 0.838696
0.184032 0.000048 0.815920
0.022879 0.030187 0.946934
0.027018 0.471427 0.501555
0.000166 0.972737 0.027097
0.331968 0.000742 0.667291
0.065396 0.242945 0.691659
0.027471 0.009845 0.962685
0.012426 0.370195 0.617379
0.007001 0.857384 0.135615
0.074693 0.158308 0.766998
0.051623 0.061655 0.886722
0.021925 0.050035 0.928040
0.060378 0.011199 0.928424
0.921091 0.029815 0.049094
0.006690 0.688305 0.305006
0.003170 0.540625 0.456205
0.014169 0.479490 0.506341
0.030953 0.098566 0.870481
0.000074 0.999495 0.000431
0.006705 0.027128 0.966167
0.048240 0.035839 0.915921
0.018237 0.192789 0.788974
0.948171 0.000024 0.051805
0.000230 0.993199 0.006571
0.991741 0.000002 0.008257
0.019337 0.954613 0.026049
0.867611 0.000008 0.132381
0.533761 0.000177 0.466062
0.000185 0.969569 0.030247
0.122831 0.047000 0.830168
0.042007 0.000054 0.957940
0.996885 0.000000 0.003115
0.044969 0.028397 0.926634
0.131088 0.000018 0.868894
0.004701 0.318315 0.676984
0.011121 0.000791 0.988088
0.000046 0.999255 0.000699
0.018585 0.071835 0.909580
0.673143 0.000000 0.326857
0.008642 0.591294 0.400064
0.001604 0.710595 0.287801
0.958661 0.001343 0.039996
0.006122 0.100387 0.893491
0.100509 0.633873 0.265618
0.299332 0.000603 0.700065
0.005890 0.466868 0.527242
0.888793 0.000000 0.111207
0.024226 0.018330 0.957444
0.008994 0.313177 0.677829
0.012656 0.002528 0.984816
0.046292 0.006230 0.947479
0.077198 0.012394 0.910408
0.004550 0.118180 0.877270
0.000832 0.992132 0.007035
0.077831 0.006955 0.915214
0.918317 0.001624 0.080059
0.999707 0.000000 0.000293
0.898266 0.000000 0.101734
0.016285 0.383715 0.599999
0.020450 0.098430 0.881120
0.055749 0.056405 0.887846
0.008288 0.327692 0.664021
0.037080 0.935506 0.027414
0.007652 0.327136 0.665213
0.009812 0.299347 0.690841
0.028930 0.000166 0.970905
0.154071 0.162049 0.683879
0.556202 0.011304 0.432494
0.006049 0.305040 0.688911
0.013377 0.287794 0.698829
0.184438 0.000000 0.815561
0.015195 0.241232 0.743573
0.034292 0.007127 0.958581
0.048051 0.100029 0.851920
0.005623 0.948433 0.045944
0.029246 0.029918 0.940836
0.000022 0.993361 0.006617
0.930820 0.001147 0.068032
0.002068 0.625527 0.372406
0.295410 0.000006 0.704584
0.944723 0.000000 0.055277
0.029827 0.737177 0.232996
0.203863 0.008655 0.787482
0.000315 0.900652 0.099032
0.013714 0.030610 0.955676
0.083454 0.000278 0.916268
0.014381 0.020845 0.964774
0.000289 0.994295 0.005417
0.024029 0.235867 0.740104
0.009018 0.000178 0.990803
0.152989 0.000265 0.846746
0.002597 0.734323 0.263080
0.050734 0.000148 0.949118
0.001501 0.383276 0.615223
0.057030 0.000313 0.942657
0.050433 0.006976 0.942591
0.034295 0.003152 0.962553
0.002328 0.268182 0.729491
0.017520 0.201241 0.781239
0.007914 0.323606 0.668480
0.653187 0.000002 0.346811
0.144580 0.016217 0.839203
0.113071 0.000010 0.886919
0.149643 0.002224 0.848133
0.018212 0.176764 0.805024
0.170787 0.000018 0.829195
0.000452 0.914269 0.085279
0.002104 0.668633 0.329262
0.002959 0.035574 0.961467
0.445661 0.108748 0.445591
0.020301 0.261247 0.718453
0.161668 0.025696 0.812636
0.061980 0.063926 0.874094
0.053089 0.000415 0.946496
0.028172 0.113899 0.857929
0.001938 0.680531 0.317532
0.157352 0.132377 0.710272
0.095454 0.041734 0.862812
0.600483 0.000048 0.399469
0.019091 0.234721 0.746189
0.003431 0.451212 0.545357
0.572564 0.000005 0.427431
0.001857 0.017199 0.980944
0.067934 0.052111 0.879955
0.033992 0.074274 0.891734
0.036842 0.067082 0.896076
0.022532 0.022107 0.955361
0.034989 0.105412 0.859599
0.016922 0.264652 0.718426
0.938650 0.000004 0.061346
0.021228 0.000214 0.978559
0.127281 0.000054 0.872665
0.054126 0.027128 0.918747
0.058299 0.158908 0.782793
0.001853 0.469248 0.528899
0.000118 0.935858 0.064024
0.108687 0.000292 0.891021
0.019094 0.223227 0.757679
0.005005 0.317122 0.677872
0.982767 0.000004 0.017229
0.061513 0.080704 0.857783
0.002273 0.906562 0.091165
0.528388 0.000720 0.470892
0.003338 0.704970 0.291691
0.011389 0.279389 0.709222
0.002415 0.410023 0.587562
0.072043 0.018234 0.909723
0.013295 0.032750 0.953955
0.040952 0.063186 0.895861
0.025664 0.173783 0.800553
0.022870 0.119055 0.858075
0.103257 0.000065 0.896678
0.065197 0.032155 0.902648
0.000337 0.992458 0.007205
0.039309 0.036971 0.923720
0.142976 0.060073 0.796951
0.013416 0.002863 0.983722
0.608635 0.000000 0.391365
0.020000 0.263405 0.716595
0.863584 0.000000 0.136416
0.000161 0.932846 0.066993
0.015743 0.174215 0.810042
0.047965 0.003041 0.948994
0.236347 0.138904 0.624749
0.026801 0.294700 0.678499
0.490374 0.000013 0.509613
0.038662 0.002522 0.958816
0.019123 0.001371 0.979506
0.000927 0.993009 0.006064
0.012558 0.016170 0.971271
0.756195 0.000024 0.243781
0.188707 0.006457 0.804836
0.016982 0.391211 0.591807
0.031473 0.049556 0.918971
0.251121 0.672225 0.076654
0.335464 0.000879 0.663657
0.011453 0.699816 0.288732
0.016056 0.224588 0.759356
0.000018 0.999852 0.000130
0.000162 0.953534 0.046304
0.002100 0.979353 0.018547
0.020088 0.035321 0.944591
0.080638 0.000261 0.919101
0.287279 0.003947 0.708774
0.000516 0.852166 0.147318
0.142529 0.790305 0.067166
0.224950 0.000241 0.774808
0.453605 0.000020 0.546376
0.024409 0.036546 0.939045
0.000558 0.891146 0.108296
0.019657 0.298746 0.681597
0.045532 0.072039 0.882429
0.106461 0.018529 0.875009
0.000154 0.937953 0.061893
0.007196 0.853133 0.139671
0.037255 0.023304 0.939441
0.053377 0.108954 0.837670
0.000009 0.987726 0.012265
0.346080 0.000194 0.653726
0.000865 0.961210 0.037925
0.078171 0.000582 0.921247
0.063335 0.006252 0.930413
0.005333 0.190130 0.804537
0.061264 0.000234 0.938502
0.092479 0.091324 0.816197
0.018869 0.298783 0.682348
0.032291 0.107632 0.860077
0.002090 0.031156 0.966754
0.009215 0.110730 0.880055
0.050675 0.113397 0.835928
0.204589 0.000242 0.795169
0.022976 0.223898 0.753126
0.312326 0.000040 0.687634
0.000061 0.974488 0.025450
0.021950 0.960822 0.017228
0.968943 0.000000 0.031057
0.018437 0.010342 0.971221
0.512870 0.000087 0.487043
0.055495 0.030285 0.914220
0.421395 0.001957 0.576648
0.003077 0.933599 0.063324
0.011241 0.056503 0.932256
0.067907 0.015173 0.916921
0.451369 0.000004 0.548627
0.004483 0.379183 0.616334
0.057450 0.030104 0.912446
0.167865 0.010944 0.821191
0.723460 0.000000 0.276540
0.033013 0.000777 0.966210
0.030371 0.050637 0.918992
0.008666 0.167987 0.823348
0.003028 0.089707 0.907264
0.002672 0.292701 0.704627
0.001126 0.347297 0.651576
0.907943 0.000000 0.092057
0.254293 0.002297 0.743410
0.066176 0.011614 0.922210
0.014032 0.974451 0.011518
0.000180 0.772775 0.227045
0.000517 0.894912 0.104571
0.018383 0.272331 0.709286
0.028203 0.241791 0.730007
0.005558 0.406758 0.587684
0.233764 0.002734 0.763502
0.484710 0.017541 0.497748
0.045805 0.004553 0.949642
0.027343 0.213978 0.758678
0.640585 0.168422 0.190993
0.324152 0.004985 0.670863
0.018209 0.106401 0.875390
0.000013 0.992516 0.007471
0.690114 0.000113 0.309773
0.008889 0.311029 0.680082
0.070606 0.018656 0.910738
0.087528 0.000567 0.911905
0.441346 0.001140 0.557513
0.015887 0.014908 0.969205
0.046219 0.072141 0.881641
0.002921 0.735213 0.261866
0.250392 0.059534 0.690074
0.000977 0.039791 0.959232
0.699767 0.000000 0.300233
0.221079 0.002155 0.776766
0.105558 0.044013 0.850429
0.000360 0.857904 0.141736
0.028216 0.098560 0.873224
0.287716 0.006669 0.705615
0.039968 0.119611 0.840421
0.000870 0.758185 0.240945
0.144398 0.004196 0.851406
0.163249 0.006104 0.830647
0.013369 0.101285 0.885345
0.007321 0.140314 0.852365
0.002540 0.787799 0.209661
0.009966 0.091585 0.898450
0.166799 0.000009 0.833192
0.051818 0.260000 0.688183
0.038997 0.085398 0.875606
0.241921 0.000023 0.758056
0.003421 0.991108 0.005471
0.076781 0.001320 0.921899
0.052143 0.108893 0.838965
0.000228 0.915069 0.084704
0.012033 0.270043 0.717924
0.016985 0.113704 0.869312
0.520828 0.000136 0.479036
0.975419 0.000000 0.024581
0.022262 0.100114 0.877624
0.114722 0.003449 0.881829
0.003215 0.380210 0.616575
0.184015 0.000098 0.815887
0.004081 0.913623 0.082295
0.035346 0.250205 0.714448
0.033930 0.005115 0.960955
0.006281 0.345137 0.648583
0.016926 0.270105 0.712969
0.069139 0.051463 0.879398
0.993277 0.000005 0.006718
0.092394 0.043261 0.864345
0.510330 0.002052 0.487618
0.218393 0.018134 0.763472
0.000204 0.999493 0.000304
0.056987 0.000841 0.942171
0.013321 0.124394 0.862285
0.233934 0.075741 0.690326
0.097570 0.000104 0.902327
0.013775 0.430675 0.555550
0.005064 0.142158 0.852777
0.169893 0.000693 0.829414
0.186537 0.011585 0.801878
0.151372 0.778952 0.069676
0.033432 0.883855 0.082713
0.222146 0.011122 0.766732
0.304914 0.000014 0.695071
0.004495 0.361741 0.633764
0.005641 0.347120 0.647239
0.018030 0.009812 0.972158
0.031713 0.070693 0.897594
0.004108 0.007907 0.987985
0.025785 0.776260 0.197955
0.012526 0.748468 0.239005
0.015051 0.002118 0.982831
0.004729 0.395573 0.599697
0.155291 0.048939 0.795769
0.000880 0.828886 0.170234
0.002445 0.630910 0.366645
0.034578 0.240359 0.725064
0.030968 0.765072 0.203960
0.003855 0.222310 0.773835
0.034725 0.073339 0.891936
0.036732 0.158956 0.804311
0.014137 0.001289 0.984574
0.020294 0.163776 0.815931
0.013221 0.030020 0.956759
0.197655 0.013557 0.788788
0.013883 0.629751 0.356366
0.001344 0.744525 0.254131
0.430191 0.006757 0.563052
0.460381 0.000048 0.539571
0.169206 0.000063 0.830731
0.021672 0.234390 0.743938
0.023817 0.744109 0.232074
0.005252 0.358806 0.635942
0.001636 0.467859 0.530504
0.041628 0.452078 0.506293
0.186443 0.000007 0.813550
0.000582 0.994905 0.004513
0.072907 0.000738 0.926355
0.026762 0.003348 0.969889
0.052542 0.060873 0.886585
0.564932 0.034660 0.400408
0.013610 0.085284 0.901105
0.000005 0.997206 0.002789
0.073448 0.124905 0.801648
0.661155 0.000218 0.338627
0.065926 0.864625 0.069449
0.036597 0.182011 0.781391
0.006994 0.111286 0.881720
0.000265 0.912328 0.087406
0.003575 0.582721 0.413705
0.619841 0.000390 0.379769
0.000328 0.937573 0.062099
0.000197 0.965624 0.034180
0.001402 0.973569 0.025029
0.049801 0.000037 0.950162
0.003593 0.442170 0.554237
0.004572 0.910472 0.084956
0.141304 0.000215 0.858480
0.270749 0.017350 0.711901
0.004772 0.509871 0.485357
0.059324 0.179426 0.761250
0.000026 0.984402 0.015572
0.004245 0.008234 0.987521
0.004012 0.385745 0.610243
0.093883 0.071953 0.834164
0.000257 0.951018 0.048724
0.063566 0.007468 0.928966
0.002134 0.936554 0.061312
0.029969 0.000143 0.969888
0.018298 0.002342 0.979360
0.052140 0.205676 0.742184
0.007849 0.561112 0.431039
0.389118 0.000577 0.610306
0.259480 0.001826 0.738694
0.015321 0.025757 0.958922
0.025840 0.148003 0.826157
0.092162 0.619228 0.288610
0.383818 0.000569 0.615613
0.012249 0.277887 0.709865
0.004403 0.781471 0.214126
0.007384 0.320787 0.671829
0.041740 0.325490 0.632770
0.568005 0.019623 0.412372
0.053535 0.005014 0.941452
0.026017 0.008135 0.965848
0.523226 0.010649 0.466125
0.002444 0.976321 0.021235
0.061524 0.155645 0.782830
0.024398 0.046268 0.929334
0.003634 0.001662 0.994703
0.155447 0.001570 0.842983
0.049420 0.054015 0.896565
0.000081 0.965897 0.034022
0.981337 0.000107 0.018556
0.001221 0.861416 0.137363
0.004763 0.623181 0.372056
0.795453 0.000002 0.204545
0.017864 0.214906 0.767230
0.016242 0.075424 0.908334
0.892076 0.050272 0.057652
0.091525 0.003848 0.904628
0.003069 0.499082 0.497850
0.016187 0.778005 0.205808
0.607387 0.000006 0.392607
0.161330 0.000589 0.838082
0.017248 0.203973 0.778779
0.003008 0.431635 0.565357
0.008962 0.050216 0.940822
0.044718 0.000496 0.954786
0.022647 0.168090 0.809262
0.015262 0.124386 0.860351
0.029573 0.041141 0.929286
0.042599 0.144329 0.813072
0.072951 0.009560 0.917489
0.026160 0.000841 0.972998
0.029622 0.021871 0.948507
0.050557 0.056609 0.892834
0.424843 0.000294 0.574864
0.964912 0.000000 0.035088
0.188275 0.000453 0.811273
0.089777 0.029309 0.880914
0.013821 0.038856 0.947323
0.008722 0.137226 0.854052
0.066337 0.020795 0.912869
0.034326 0.074934 0.890740
0.042964 0.029757 0.927279
0.007512 0.328417 0.664071
0.002235 0.977388 0.020377
0.044143 0.062499 0.893358
0.015147 0.057849 0.927004
0.062737 0.252457 0.684806
0.716081 0.000070 0.283849
0.021189 0.272423 0.706388
0.042877 0.925877 0.031247
0.050262 0.030366 0.919372
0.090469 0.017606 0.891925
0.029613 0.003749 0.966638
0.066037 0.000376 0.933587
0.018356 0.149367 0.832276
0.213694 0.000024 0.786282
0.006896 0.345707 0.647397
0.014595 0.243862 0.741543
0.026605 0.116197 0.857198
0.025835 0.013794 0.960371
0.062840 0.043822 0.893338
0.000279 0.900399 0.099321
0.041635 0.028866 0.929499
0.011069 0.260556 0.728375
0.002082 0.029254 0.968664
0.000222 0.959097 0.040681
0.011799 0.263291 0.724910
0.189766 0.003287 0.806946
0.014384 0.191373 0.794243
0.024899 0.068143 0.906958
0.105410 0.000618 0.893971
0.110731 0.029132 0.860137
0.158138 0.000097 0.841765
0.003918 0.412879 0.583203
0.105789 0.001539 0.892673
0.955473 0.000000 0.044527
0.013225 0.034475 0.952300
0.043937 0.129979 0.826084
0.462439 0.001694 0.535867
0.088336 0.005295 0.906369
0.817720 0.000000 0.182279
0.448430 0.000002 0.551568
0.176703 0.003002 0.820295
0.017975 0.094637 0.887388
0.014574 0.001830 0.983596
0.000198 0.995850 0.003952
0.026630 0.031475 0.941895
0.008597 0.279839 0.711564
0.003000 0.000239 0.996761
0.000893 0.837598 0.161509
0.124173 0.020029 0.855798
0.013357 0.181853 0.804790
0.133916 0.012634 0.853450
0.000813 0.395411 0.603776
0.048599 0.063543 0.887858
0.067593 0.004435 0.927972
0.074470 0.179660 0.745870
0.007733 0.014980 0.977287
0.134070 0.001301 0.864629
0.000017 0.990299 0.009684
0.057131 0.015863 0.927006
0.003796 0.002408 0.993795
0.028717 0.029814 0.941469
0.961943 0.000000 0.038057
0.099064 0.154764 0.746172
0.032383 0.080534 0.887084
0.012734 0.153355 0.833911
0.055896 0.148791 0.795312
0.002375 0.794243 0.203383
0.008357 0.110023 0.881620
0.003741 0.289961 0.706298
0.532944 0.000084 0.466972
0.000059 0.999538 0.000403
0.009822 0.982319 0.007859
0.002376 0.383040 0.614584
0.004680 0.333921 0.661399
0.021494 0.155381 0.823125
0.013688 0.149358 0.836953
0.000105 0.942944 0.056952
0.010416 0.911632 0.077952
0.040550 0.004436 0.955014
0.000053 0.978035 0.021911
0.115663 0.013779 0.870558
0.000009 0.998817 0.001174
0.000413 0.799926 0.199661
0.009843 0.004999 0.985158
0.006135 0.984051 0.009814
0.017686 0.014028 0.968286
0.028193 0.000486 0.971321
0.001947 0.961935 0.036118
0.013475 0.272582 0.713943
0.042804 0.005271 0.951925
0.725337 0.000073 0.274590
0.272939 0.652004 0.075057
0.009491 0.072088 0.918421
0.029181 0.933660 0.037159
0.001593 0.702696 0.295711
0.000001 0.998811 0.001188
0.050224 0.103225 0.846551
0.024434 0.140574 0.834992
0.000027 0.984088 0.015885
0.001022 0.948382 0.050597
0.011903 0.044954 0.943143
0.021595 0.144759 0.833645
0.096027 0.035897 0.868076
0.101549 0.002022 0.896429
0.028457 0.110427 0.861116
0.016229 0.014602 0.969169
0.204550 0.002045 0.793406
0.000084 0.953126 0.046790
0.072959 0.088297 0.838744
0.549582 0.000128 0.450290
0.075911 0.000053 0.924036
0.079216 0.028998 0.891785
0.038265 0.023473 0.938262
0.370743 0.007063 0.622193
0.017023 0.693289 0.289689
0.057260 0.184447 0.758293
0.100375 0.036421 0.863203
0.077856 0.054273 0.867871
0.003244 0.939804 0.056953
0.153037 0.012749 0.834214
0.000600 0.640934 0.358466
0.004845 0.269414 0.725740
0.000143 0.940160 0.059697
0.019676 0.021356 0.958969
0.019296 0.153064 0.827639
0.364952 0.000092 0.634956
0.008895 0.290064 0.701041
0.018830 0.007436 0.973733
0.037719 0.276906 0.685375
0.268079 0.006950 0.724971
0.830602 0.000006 0.169392
0.052640 0.044854 0.902506
0.065743 0.071043 0.863213
0.138647 0.025838 0.835515
0.017137 0.663212 0.319651
0.040836 0.909015 0.050148
0.036723 0.037271 0.926006
0.113165 0.001394 0.885441
0.001764 0.467389 0.530847
0.026704 0.133949 0.839347
0.027974 0.072752 0.899273
0.088024 0.047645 0.864331
0.995274 0.000000 0.004726
0.283423 0.641302 0.075276
0.001897 0.654518 0.343585
0.178554 0.001066 0.820380
0.386041 0.011163 0.602796
0.015779 0.230788 0.753433
0.000750 0.919608 0.079642
0.007801 0.929268 0.062930
0.322593 0.016370 0.661037
0.064341 0.018639 0.917019
0.104301 0.003948 0.891751
0.009355 0.305326 0.685318
0.000467 0.813125 0.186408
0.000027 0.999271 0.000702
0.055672 0.267600 0.676727
0.045966 0.174024 0.780010
0.573495 0.000001 0.426505
0.001233 0.353824 0.644944
0.355973 0.010142 0.633885
0.075507 0.075963 0.848530
0.057137 0.010052 0.932810
0.000147 0.965053 0.034800
0.322194 0.000378 0.677428
0.998731 0.000000 0.001269
0.116658 0.000070 0.883272
0.016743 0.084275 0.898982
0.043896 0.017167 0.938937
0.716129 0.000000 0.283871
0.078257 0.005164 0.916579
0.018406 0.060954 0.920640
0.021412 0.007420 0.971168
0.092852 0.041539 0.865609
0.030904 0.008736 0.960359
0.050564 0.002877 0.946558
0.000159 0.916820 0.083021
0.816482 0.000192 0.183326
0.991561 0.000000 0.008439
0.395389 0.002768 0.601843
0.049874 0.016675 0.933451
0.951474 0.000000 0.048526
0.004266 0.362362 0.633372
0.029837 0.075704 0.894458
0.073719 0.186395 0.739886
0.162290 0.010297 0.827413
0.078768 0.045428 0.875804
0.009554 0.093276 0.897171
0.284787 0.099154 0.616059
0.070410 0.036183 0.893407
0.011069 0.073511 0.915420
0.019337 0.008596 0.972067
0.005472 0.262809 0.731719
0.018555 0.191228 0.790217
0.002574 0.972941 0.024485
0.083604 0.052557 0.863840
0.009190 0.534374 0.456436
0.027409 0.142157 0.830434
0.019216 0.103124 0.877660
0.037630 0.053835 0.908535
0.172849 0.000056 0.827095
0.263093 0.001927 0.734980
0.000732 0.858835 0.140432
0.195695 0.000085 0.804220
0.022023 0.945006 0.032971
0.030576 0.078196 0.891228
0.005521 0.330612 0.663867
0.239752 0.000033 0.760215
0.031299 0.698532 0.270169
0.006483 0.866942 0.126575
0.994754 0.000000 0.005246
0.006358 0.349956 0.643686
0.395319 0.000163 0.604518
0.022913 0.801167 0.175920
0.079056 0.007849 0.913096
0.120542 0.011798 0.867660
0.000163 0.990839 0.008998
0.358124 0.000633 0.641243
0.000712 0.712636 0.286652
0.065963 0.001183 0.932854
0.001871 0.979796 0.018333
0.182805 0.012225 0.804970
0.058863 0.004739 0.936399
0.007148 0.981583 0.011270
0.696464 0.000004 0.303532
0.083000 0.002261 0.914739
0.003381 0.020784 0.975835
0.007446 0.340268 0.652286
0.022536 0.777446 0.200018
0.009465 0.106124 0.884411
0.002988 0.519802 0.477209
0.163465 0.000759 0.835776
0.074435 0.070526 0.855039
0.008654 0.029933 0.961413
0.835909 0.000000 0.164091
0.062191 0.175404 0.762405
0.055533 0.013536 0.930930
0.868595 0.020495 0.110910
0.041520 0.000012 0.958468
0.007840 0.324113 0.668047
0.003693 0.437495 0.558812
0.534261 0.025591 0.440148
0.944309 0.000261 0.055431
0.035448 0.542208 0.422344
0.022687 0.007871 0.969442
0.075551 0.093174 0.831275
0.065595 0.005095 0.929310
0.168918 0.003378 0.827704
0.000335 0.978075 0.021590
0.233103 0.002096 0.764801
0.035980 0.002448 0.961572
0.002220 0.404222 0.593558
0.005932 0.047033 0.947035
0.026058 0.202524 0.771418
0.039591 0.083660 0.876750
0.000005 0.996813 0.003182
0.122092 0.001234 0.876674
0.198559 0.732995 0.068445
0.060702 0.121728 0.817570
0.002641 0.559874 0.437484
0.000758 0.728790 0.270452
0.708647 0.000000 0.291353
0.000251 0.953332 0.046418
0.849656 0.000000 0.150344
0.001850 0.996916 0.001233
0.005183 0.356372 0.638445
0.000492 0.900755 0.098753
0.004744 0.556447 0.438809
0.530674 0.000000 0.469326
0.013966 0.033790 0.952244
0.022509 0.312270 0.665220
0.003296 0.499038 0.497666
0.027900 0.099112 0.872988
0.020524 0.028358 0.951118
0.980290 0.000000 0.019710
0.054237 0.000356 0.945407
0.816941 0.000001 0.183058
0.049484 0.002310 0.948206
0.396041 0.004448 0.599511
0.002115 0.631491 0.366395
0.026134 0.019024 0.954842
0.011215 0.246161 0.742624
0.450695 0.000004 0.549301
0.003514 0.660842 0.335644
0.277309 0.021836 0.700855
0.003919 0.571804 0.424277
0.006839 0.067999 0.925162
0.000240 0.968153 0.031607
0.011700 0.051321 0.936978
0.222630 0.000053 0.777318
0.722929 0.000012 0.277058
0.006159 0.552278 0.441563
0.025795 0.021850 0.952356
0.047409 0.919694 0.032897
0.035691 0.061742 0.902567
0.081493 0.002735 0.915773
0.045137 0.214574 0.740290
0.028821 0.008664 0.962515
0.005975 0.353674 0.640351
0.235489 0.000026 0.764485
0.000975 0.960127 0.038898
0.103138 0.001401 0.895461
0.095476 0.007806 0.896718
0.066091 0.067496 0.866413
0.018540 0.000583 0.980877
0.828777 0.000000 0.171222
0.009485 0.113758 0.876758
0.000220 0.959879 0.039901
0.010765 0.004062 0.985173
0.009720 0.300352 0.689929
0.114588 0.000981 0.884431
0.000014 0.991803 0.008183
0.020100 0.175715 0.804185
0.049591 0.460126 0.490282
0.000346 0.942451 0.057204
0.030330 0.077948 0.891721
0.171644 0.010495 0.817861
0.330271 0.000300 0.669429
0.004944 0.479583 0.515473
0.020816 0.062475 0.916710
0.005009 0.990801 0.004189
0.021252 0.001329 0.977419
0.003218 0.991499 0.005282
0.151833 0.000017 0.848150
0.164138 0.000023 0.835839
0.196408 0.417353 0.386239
0.979264 0.000000 0.020736
0.007737 0.280452 0.711811
0.023251 0.100687 0.876061
0.012243 0.275303 0.712454
0.138751 0.006534 0.854716
0.003243 0.086489 0.910269
0.004010 0.394345 0.601645
0.002240 0.146734 0.851026
0.091787 0.123670 0.784543
0.000657 0.867339 0.132004
0.178646 0.015452 0.805902
0.007585 0.329345 0.663070
0.010291 0.354182 0.635528
0.039428 0.001005 0.959567
0.000517 0.813137 0.186346
0.182171 0.001852 0.815977
0.031322 0.100131 0.868547
0.007237 0.298358 0.694405
0.027664 0.011496 0.960840
0.004288 0.386613 0.609099
0.388715 0.000215 0.611070
0.012273 0.263489 0.724238
0.075003 0.020217 0.904781
0.019766 0.073253 0.906981
0.000002 0.999820 0.000178
0.074134 0.048725 0.877140
0.843190 0.000001 0.156810
0.001061 0.644859 0.354080
0.000530 0.818806 0.180665
0.006208 0.346019 0.647773
0.535224 0.000025 0.464751
0.128857 0.028076 0.843067
0.236692 0.000178 0.763131
0.014376 0.172303 0.813321
0.017731 0.031804 0.950465
0.244766 0.002005 0.753229
0.035053 0.029803 0.935144
0.123467 0.000227 0.876306
0.179582 0.000216 0.820202
0.069183 0.304655 0.626162
0.001039 0.327684 0.671277
0.198155 0.729034 0.072811
0.040458 0.057308 0.902234
0.013453 0.451225 0.535322
0.221576 0.000026 0.778398
0.179521 0.010527 0.809952
0.986871 0.000000 0.013129
0.012113 0.271033 0.716854
0.000503 0.863307 0.136190
0.001507 0.284533 0.713960
0.036843 0.003396 0.959761
0.029461 0.070985 0.899554
0.004429 0.198018 0.797553
0.050115 0.014598 0.935286
0.087979 0.001669 0.910352
0.003471 0.843746 0.152784
0.145966 0.598600 0.255434
0.014097 0.263671 0.722232
0.015960 0.234078 0.749962
0.005012 0.010517 0.984471
0.024759 0.166010 0.809231
0.000614 0.998322 0.001064
0.836150 0.000000 0.163850
0.100465 0.005323 0.894211
0.068238 0.246602 0.685161
0.014030 0.346760 0.639210
0.000166 0.972763 0.027071
0.185079 0.000152 0.814769
0.024076 0.002850 0.973074
0.488239 0.000239 0.511523
0.016948 0.969394 0.013658
0.040582 0.034978 0.924440
0.045216 0.017429 0.937355
0.111983 0.017569 0.870447
0.000269 0.901572 0.098160
0.344278 0.005711 0.650011
0.005104 0.527931 0.466965
0.010747 0.000037 0.989216
0.033918 0.000103 0.965979
0.998840 0.000000 0.001160
0.924472 0.000000 0.075528
0.016483 0.116567 0.866950
0.021266 0.029178 0.949556
0.000050 0.979439 0.020511
0.000826 0.915322 0.083852
0.031732 0.006510 0.961758
0.095760 0.000565 0.903675
0.167877 0.002352 0.829771
0.010676 0.296223 0.693101
0.032613 0.184380 0.783007
0.073152 0.000494 0.926354
0.106236 0.032745 0.861019
0.003446 0.018673 0.977881
0.030952 0.093011 0.876037
0.000594 0.940226 0.059180
0.037085 0.107987 0.854929
0.040222 0.728912 0.230866
0.441762 0.000663 0.557575
0.165478 0.007165 0.827357
0.017455 0.192839 0.789705
0.141276 0.152519 0.706205
0.200607 0.003300 0.796093
0.001588 0.997501 0.000911
0.022257 0.005855 0.971888
0.813348 0.000001 0.186651
0.026059 0.015876 0.958064
0.112178 0.001105 0.886717
0.004664 0.730446 0.264890
0.998848 0.000000 0.001152
0.128169 0.000330 0.871501
0.011835 0.224589 0.763576
0.029655 0.069638 0.900708
0.040202 0.105987 0.853810
0.096736 0.001753 0.901511
0.006794 0.135072 0.858134
0.279021 0.024652 0.696327
0.014008 0.027494 0.958499
0.964848 0.000001 0.035150
0.004309 0.057138 0.938553
0.000014 0.995547 0.004439
0.116980 0.000039 0.882982
0.067391 0.192220 0.740389
0.005069 0.509112 0.485819
0.001571 0.717707 0.280722
0.292973 0.000921 0.706106
0.004777 0.903999 0.091224
0.061467 0.013627 0.924907
0.188584 0.123126 0.688291
0.000546 0.890703 0.108751
0.062001 0.030966 0.907033
0.089484 0.000072 0.910445
0.024810 0.005968 0.969223
0.151652 0.019990 0.828358
0.068209 0.000012 0.931779
0.043858 0.010918 0.945224
0.125131 0.039194 0.835675
0.007026 0.325158 0.667816
0.064966 0.000530 0.934504
0.112979 0.032361 0.854660
0.003052 0.818714 0.178234
0.088114 0.054142 0.857744
0.002013 0.550085 0.447901
0.154943 0.000724 0.844332
0.066404 0.248700 0.684896
0.519960 0.289979 0.190060
0.015964 0.103424 0.880612
0.319941 0.000141 0.679917
0.017963 0.008557 0.973481
0.023420 0.020240 0.956339
0.036831 0.278038 0.685130
0.846223 0.000557 0.153220
0.237513 0.000008 0.762479
0.004590 0.364663 0.630747
0.000674 0.539619 0.459707
0.997866 0.000000 0.002134
0.120440 0.000044 0.879515
0.264271 0.663374 0.072355
0.000106 0.979375 0.020518
0.225650 0.406933 0.367416
0.177303 0.000623 0.822074
0.034485 0.248650 0.716865
0.001612 0.363821 0.634567
0.036727 0.771805 0.191468
0.002389 0.593929 0.403682
0.011231 0.801994 0.186776
0.030747 0.069720 0.899533
0.152794 0.087962 0.759244
0.014256 0.716713 0.269031
0.028766 0.035572 0.935662
0.670865 0.000084 0.329051
0.042005 0.020167 0.937828
0.072514 0.069336 0.858151
0.033183 0.081958 0.884859
0.007314 0.386935 0.605751
0.011013 0.270031 0.718955
0.011288 0.877803 0.110909
0.276692 0.003797 0.719511
0.161155 0.000014 0.838830
0.001989 0.995469 0.002542
0.024155 0.001162 0.974683
0.005140 0.990617 0.004243
0.000332 0.934718 0.064950
0.536895 0.000001 0.463103
0.126652 0.541767 0.331581
0.030208 0.115647 0.854145
0.009722 0.240826 0.749452
0.004583 0.635758 0.359660
0.005218 0.138455 0.856328
0.739344 0.008702 0.251954
0.380036 0.004416 0.615547
0.008807 0.082495 0.908698
0.001672 0.364538 0.633791
0.021848 0.077339 0.900813
0.007865 0.043428 0.948707
0.054610 0.000089 0.945301
0.009835 0.273240 0.716924
0.005132 0.279551 0.715318
0.018114 0.463702 0.518184
0.000153 0.976198 0.023650
0.004861 0.142034 0.853106
0.161080 0.013585 0.825334
0.021778 0.172058 0.806164
0.026883 0.056873 0.916244
0.373243 0.000159 0.626597
0.014605 0.020497 0.964898
0.034584 0.001861 0.963556
0.000083 0.997516 0.002401
0.070834 0.006759 0.922407
0.030691 0.052390 0.916919
0.651623 0.000029 0.348347
0.084351 0.003527 0.912122
0.091977 0.048595 0.859428
0.108606 0.102410 0.788984
0.206540 0.002263 0.791197
0.007928 0.069495 0.922577
0.149944 0.015126 0.834930
0.015832 0.219575 0.764593
0.032536 0.764803 0.202661
0.022187 0.483571 0.494242
0.008378 0.326478 0.665144
0.002552 0.417288 0.580160
0.061409 0.032811 0.905781
0.041222 0.030250 0.928528
0.047290 0.126549 0.826162
0.390155 0.008042 0.601803
0.026727 0.101066 0.872208
0.000050 0.998588 0.001362
0.049065 0.734274 0.216661
0.002221 0.257588 0.740192
0.009026 0.309160 0.681814
0.008102 0.206558 0.785340
0.025302 0.345711 0.628987
0.006623 0.450060 0.543317
0.030784 0.076100 0.893116
0.003661 0.251528 0.744810
0.868202 0.000000 0.131798
0.005772 0.008573 0.985654
0.086044 0.001432 0.912524
0.112989 0.076869 0.810143
0.342530 0.000212 0.657258
0.299598 0.001198 0.699203
0.008106 0.293009 0.698885
0.001465 0.801295 0.197240
0.624923 0.000085 0.374991
0.022728 0.960273 0.016999
0.095917 0.081329 0.822754
0.018947 0.014148 0.966905
0.033002 0.100569 0.866429
0.079718 0.042508 0.877774
0.000238 0.905105 0.094657
0.025711 0.272536 0.701754
0.195339 0.000545 0.804116
0.035271 0.019245 0.945483
0.141995 0.016419 0.841586
0.000433 0.913059 0.086508
0.809847 0.108624 0.081529
0.908806 0.000000 0.091193
0.008605 0.012950 0.978445
0.048126 0.000557 0.951317
0.384351 0.032451 0.583198
0.993764 0.000001 0.006235
0.182365 0.000005 0.817630
0.028449 0.077186 0.894365
0.020824 0.049644 0.929532
0.000668 0.993937 0.005394
0.084648 0.000107 0.915245
0.000012 0.999896 0.000091
0.011653 0.282873 0.705474
0.474674 0.002035 0.523291
0.044772 0.001847 0.953381
0.013675 0.115950 0.870375
0.231084 0.017116 0.751800
0.003410 0.933050 0.063540
0.012102 0.278126 0.709771
0.000895 0.686158 0.312946
0.008529 0.124028 0.867443
0.013235 0.088158 0.898607
0.789845 0.000001 0.210154
0.987086 0.000003 0.012910
0.029993 0.057648 0.912359
0.002265 0.411708 0.586027
0.020260 0.000893 0.978847
0.039352 0.150557 0.810091
0.485898 0.036964 0.477138
0.002673 0.375778 0.621549
0.096567 0.215569 0.687865
0.111518 0.029463 0.859019
0.017348 0.130292 0.852361
0.000018 0.999418 0.000564
0.028473 0.198325 0.773202
0.133518 0.019234 0.847248
0.029613 0.000345 0.970042
0.000229 0.885698 0.114073
0.122717 0.041238 0.836045
0.098272 0.000057 0.901671
0.057711 0.054496 0.887793
0.032388 0.000343 0.967269
0.739472 0.000069 0.260459
0.034553 0.002441 0.963007
0.607258 0.000022 0.392720
0.011211 0.043924 0.944866
0.039450 0.081586 0.878964
0.019028 0.053790 0.927182
0.420603 0.017155 0.562241
0.999146 0.000000 0.000854
0.086801 0.008546 0.904653
0.215445 0.009763 0.774792
0.006463 0.334822 0.658715
0.004949 0.628011 0.367039
0.017952 0.002939 0.979109
0.241205 0.000038 0.758757
0.614514 0.000000 0.385486
0.003348 0.667870 0.328783
0.032855 0.053696 0.913448
0.000091 0.997768 0.002141
0.006717 0.005053 0.988231
0.007068 0.411175 0.581757
0.009071 0.031720 0.959208
0.000003 0.998574 0.001423
0.088405 0.032299 0.879296
0.004800 0.012007 0.983193
0.175675 0.005506 0.818819
0.073647 0.121430 0.804923
0.001011 0.987265 0.011724
0.000356 0.866526 0.133118
0.007365 0.724717 0.267917
0.993503 0.000000 0.006497
0.007097 0.562402 0.430501
0.029330 0.862940 0.107730
0.000009 0.994948 0.005043
0.174665 0.125965 0.699370
0.009480 0.158247 0.832273
0.064832 0.007051 0.928117
0.781287 0.000001 0.218713
0.302343 0.006621 0.691037
0.212986 0.152063 0.634951
0.539044 0.000001 0.460954
0.000051 0.969836 0.030113
0.014379 0.156544 0.829077
0.619099 0.000000 0.380901
0.496877 0.000000 0.503123
0.000030 0.974154 0.025815
0.040200 0.012383 0.947416
0.026439 0.256340 0.717220
0.264382 0.000138 0.735480
0.023626 0.022436 0.953938
0.002730 0.380955 0.616315
0.077073 0.103402 0.819525
0.004395 0.366312 0.629294
0.026367 0.203213 0.770420
0.869010 0.000000 0.130990
0.064781 0.000287 0.934932
0.000176 0.948428 0.051396
0.058682 0.142649 0.798669
0.030476 0.160482 0.809042
0.688992 0.000000 0.311008
0.004631 0.147691 0.847678
0.010155 0.294462 0.695383
0.066989 0.889184 0.043827
0.014217 0.250548 0.735235
0.030709 0.020386 0.948905
0.003685 0.372833 0.623483
0.020961 0.950047 0.028991
0.016180 0.016558 0.967262
0.105878 0.030624 0.863499
0.000018 0.997651 0.002331
0.041140 0.002170 0.956689
0.099263 0.028305 0.872433
0.012277 0.157476 0.830248
0.139092 0.003097 0.857811
0.001863 0.803595 0.194542
0.820346 0.000000 0.179654
0.049585 0.035677 0.914738
0.012819 0.144198 0.842983
0.035140 0.066852 0.898008
0.006618 0.178574 0.814807
0.130435 0.217272 0.652293
0.021040 0.042258 0.936702
0.000078 0.954519 0.045403
0.065631 0.051156 0.883213
0.001176 0.774068 0.224756
0.156479 0.007253 0.836268
0.006795 0.228374 0.764831
0.020562 0.023826 0.955612
0.033949 0.058353 0.907698
0.023491 0.168598 0.807910
0.023693 0.044457 0.931850
0.144154 0.621001 0.234844
0.073956 0.020132 0.905911
0.039974 0.341533 0.618493
0.350703 0.000022 0.649275
0.961514 0.000065 0.038421
0.645176 0.000015 0.354809
0.808794 0.111416 0.079791
0.096345 0.000140 0.903516
0.007606 0.000044 0.992350
0.053172 0.017741 0.929086
0.957839 0.000000 0.042161
0.000652 0.933671 0.065677
0.135130 0.011025 0.853845
0.019072 0.236167 0.744760
0.236974 0.000478 0.762548
0.043459 0.095676 0.860866
0.001147 0.214171 0.784682
0.004811 0.127666 0.867522
0.783474 0.000000 0.216526
0.166718 0.003957 0.829325
0.463402 0.001700 0.534898
0.099738 0.004459 0.895803
0.019852 0.009618 0.970530
0.068104 0.011492 0.920404
0.886642 0.000002 0.113356
0.033542 0.079453 0.887006
0.004185 0.989388 0.006427
0.432478 0.000042 0.567480
0.196308 0.006182 0.797510
0.013448 0.045195 0.941357
0.011271 0.197143 0.791585
0.666643 0.000000 0.333357
0.088022 0.000202 0.911776
0.009752 0.662677 0.327571
0.034881 0.053585 0.911534
0.191042 0.003509 0.805449
0.016265 0.013237 0.970497
0.029925 0.215428 0.754647
0.007616 0.336308 0.656077
0.012036 0.070004 0.917959
0.000057 0.940243 0.059700
0.087781 0.093244 0.818975
0.009493 0.110041 0.880466
0.009715 0.848653 0.141632
0.018575 0.165337 0.816087
0.194318 0.026755 0.778927
0.009779 0.067803 0.922418
0.386072 0.000133 0.613795
0.647428 0.000001 0.352571
0.043366 0.002926 0.953708
0.170650 0.009771 0.819580
0.057127 0.000425 0.942449
0.000161 0.945492 0.054347
0.501003 0.000002 0.498996
0.094464 0.185366 0.720170
0.027066 0.058616 0.914317
0.000025 0.996224 0.003752
0.022428 0.318411 0.659161
0.044070 0.035249 0.920680
0.052018 0.001655 0.946328
0.004920 0.362505 0.632574
0.020977 0.006027 0.972996
0.104898 0.000013 0.895089
0.269900 0.079616 0.650485
0.403730 0.000007 0.596263
0.015840 0.050103 0.934057
0.042179 0.060341 0.897480
0.280915 0.000128 0.718958
0.000096 0.939779 0.060124
0.579930 0.000000 0.420070
0.069909 0.000327 0.929764
0.170759 0.000010 0.829231
0.008407 0.133293 0.858300
0.183292 0.155845 0.660863
0.055314 0.105865 0.838821
0.007849 0.840664 0.151486
0.043543 0.029862 0.926595
0.003123 0.388492 0.608385
0.070755 0.035378 0.893868
0.000081 0.999347 0.000572
0.000041 0.983371 0.016589
0.001867 0.845744 0.152390
0.004387 0.365409 0.630204
0.023855 0.051144 0.925000
0.033981 0.002419 0.963600
0.124361 0.000007 0.875632
0.085431 0.001894 0.912675
0.886911 0.000000 0.113089
0.061398 0.014084 0.924518
0.009607 0.982464 0.007930
0.010244 0.014164 0.975592
0.033738 0.276780 0.689482
0.027964 0.020201 0.951836
0.005194 0.356164 0.638642
0.033722 0.072861 0.893418
0.010849 0.004717 0.984434
0.016415 0.021189 0.962397
0.039531 0.044237 0.916232
0.000544 0.987925 0.011531
0.000088 0.997393 0.002519
0.000192 0.921790 0.078018
0.954330 0.000016 0.045655
0.970489 0.000021 0.029491
0.949847 0.000014 0.050139
0.000192 0.920440 0.079368
0.028052 0.124255 0.847693
0.008249 0.247971 0.743780
0.072200 0.006193 0.921607
0.000225 0.959558 0.040217
0.008911 0.182933 0.808156
0.046503 0.093704 0.859792
0.019642 0.842127 0.138231
0.000626 0.994445 0.004929
0.063524 0.004714 0.931762
0.051724 0.059006 0.889271
0.001407 0.993418 0.005175
0.352544 0.000016 0.647440
0.104280 0.150467 0.745253
0.339461 0.002943 0.657596
0.017636 0.968215 0.014150
0.273067 0.090747 0.636186
0.059821 0.683573 0.256606
0.270448 0.000027 0.729525
0.009222 0.348551 0.642227
0.025614 0.029763 0.944624
0.049344 0.001063 0.949594
0.022992 0.170583 0.806425
0.026059 0.157367 0.816574
0.136513 0.014477 0.849010
0.086070 0.022367 0.891563
0.001499 0.322733 0.675768
0.209032 0.024410 0.766558
0.172423 0.010714 0.816863
0.560953 0.205130 0.233917
0.002706 0.376346 0.620948
0.014037 0.044198 0.941765
0.081097 0.175971 0.742933
0.669642 0.000298 0.330059
0.033707 0.105965 0.860328
0.061655 0.052064 0.886281
0.035459 0.938401 0.026140
0.000454 0.909682 0.089863
0.007004 0.202059 0.790937
0.005665 0.155240 0.839095
0.031203 0.019565 0.949232
0.001088 0.038183 0.960728
0.029459 0.050818 0.919723
0.024625 0.117373 0.858002
0.001193 0.951209 0.047598
0.052201 0.367107 0.580692
0.003813 0.451653 0.544534
0.553087 0.000017 0.446897
0.010578 0.075109 0.914313
0.260928 0.061012 0.678060
0.000383 0.896810 0.102807
0.010957 0.004916 0.984127
0.956276 0.000000 0.043724
0.037876 0.075780 0.886344
0.023428 0.016163 0.960410
0.231445 0.013752 0.754802
0.255787 0.000896 0.743317
0.000004 0.993216 0.006780
0.003528 0.020579 0.975893
0.012118 0.210234 0.777648
0.117881 0.089673 0.792447
0.306059 0.002177 0.691764
0.011020 0.091653 0.897327
0.788473 0.000000 0.211527
0.196880 0.000034 0.803086
0.013848 0.975783 0.010369
0.001114 0.352223 0.646663
0.031994 0.083882 0.884124
0.124440 0.000858 0.874702
0.006102 0.348514 0.645384
0.277732 0.007169 0.715099
