0.029573 0.001344 0.173846 0.795185 0.000052
0.001679 0.003089 0.474841 0.209599 0.310793
0.011667 0.001961 0.220007 0.744097 0.022268
0.978608 0.000114 0.012851 0.008203 0.000223
0.978256 0.000150 0.012897 0.008449 0.000248
0.508003 0.005808 0.188510 0.278625 0.019055
0.010962 0.050639 0.371061 0.345550 0.221789
0.002686 0.938531 0.039199 0.018486 0.001098
0.916973 0.008786 0.034838 0.034766 0.004637
0.961937 0.001801 0.015042 0.019821 0.001399
0.000544 0.015714 0.142779 0.779476 0.061486
0.002490 0.220819 0.108344 0.654464 0.013883
0.000774 0.698988 0.235415 0.064805 0.000018
0.015711 0.016010 0.124547 0.838118 0.005614
0.001578 0.845198 0.052387 0.100791 0.000046
0.822541 0.000992 0.047391 0.127632 0.001444
0.967130 0.000044 0.024667 0.006707 0.001452
0.036818 0.000353 0.217429 0.742505 0.002895
0.000010 0.018342 0.091264 0.023798 0.866586
0.013260 0.004426 0.361038 0.534081 0.087194
0.012720 0.005946 0.082842 0.868308 0.030185
0.000000 0.286265 0.685846 0.027820 0.000069
0.968367 0.001150 0.014197 0.015340 0.000946
0.000571 0.015115 0.190185 0.167623 0.626506
0.022736 0.002194 0.141762 0.833236 0.000072
0.924545 0.006013 0.034500 0.031346 0.003597
0.202620 0.030610 0.127233 0.564861 0.074677
0.000221 0.062639 0.059426 0.867693 0.010021
0.008484 0.339393 0.246369 0.249291 0.156463
0.001403 0.022768 0.113638 0.859975 0.002216
0.009920 0.174883 0.077369 0.732986 0.004842
0.008962 0.003908 0.077131 0.909887 0.000112
0.000221 0.062642 0.059418 0.867697 0.010021
0.000122 0.168466 0.140717 0.690332 0.000364
0.000010 0.018341 0.091279 0.023798 0.866571
0.000334 0.350322 0.127472 0.519810 0.002063
0.050545 0.328055 0.378569 0.154838 0.087994
0.000000 0.278184 0.645743 0.016288 0.059785
0.020067 0.002208 0.135064 0.834976 0.007685
0.971689 0.000008 0.023262 0.004512 0.000530
0.001532 0.221599 0.276769 0.466228 0.033872
0.348796 0.090237 0.278939 0.263795 0.018234
0.913592 0.010025 0.034989 0.036294 0.005101
0.000000 0.009757 0.604592 0.173911 0.211740
0.022681 0.004915 0.113882 0.832701 0.025820
0.002495 0.502895 0.218424 0.271960 0.004226
0.000177 0.019392 0.088942 0.152694 0.738795
0.006545 0.003705 0.068572 0.909626 0.011552
0.944446 0.000046 0.031209 0.024188 0.000111
0.000000 0.278687 0.645121 0.016307 0.059885
0.002614 0.002325 0.390372 0.587566 0.017123
0.020487 0.142399 0.116787 0.716214 0.004113
0.000010 0.018342 0.091264 0.023798 0.866587
0.006542 0.624431 0.100346 0.248771 0.019909
0.036952 0.030389 0.169043 0.761998 0.001617
0.012189 0.006000 0.081188 0.870205 0.030418
0.000010 0.018334 0.091496 0.023805 0.866355
0.122779 0.271807 0.161095 0.399066 0.045252
0.030631 0.224635 0.355484 0.381587 0.007664
0.055163 0.020573 0.369104 0.509953 0.045208
0.116291 0.158259 0.566813 0.111658 0.046979
0.000334 0.350354 0.127438 0.519812 0.002063
0.000000 0.186817 0.758648 0.012863 0.041672
0.170437 0.018421 0.721844 0.076097 0.013201
0.000012 0.018063 0.099725 0.024038 0.858161
0.822556 0.000992 0.047390 0.127619 0.001443
0.033366 0.102810 0.164826 0.695774 0.003223
0.026656 0.007425 0.185836 0.776760 0.003323
0.072122 0.013235 0.437421 0.445356 0.031866
0.249838 0.169734 0.227343 0.323021 0.030063
0.000000 0.210172 0.051483 0.237246 0.501099
0.007562 0.239016 0.482007 0.268907 0.002508
0.000010 0.018340 0.091305 0.023799 0.866545
0.174170 0.194944 0.286510 0.228401 0.115975
0.914116 0.006639 0.021326 0.053147 0.004772
0.037462 0.151128 0.689271 0.122106 0.000035
0.000068 0.195789 0.101636 0.702097 0.000410
0.971600 0.000009 0.023289 0.004555 0.000548
0.005498 0.007756 0.270726 0.715029 0.000991
0.840439 0.000853 0.045016 0.112445 0.001248
0.978041 0.000172 0.012925 0.008598 0.000263
0.966363 0.001353 0.014460 0.016737 0.001087
0.057966 0.005861 0.177160 0.758858 0.000155
0.000000 0.273026 0.546717 0.020298 0.159958
0.021831 0.033937 0.857281 0.086952 0.000000
0.010017 0.174585 0.077730 0.732832 0.004835
0.017151 0.266139 0.020957 0.391352 0.304401
0.978530 0.000122 0.012861 0.008258 0.000229
0.914116 0.006639 0.021326 0.053147 0.004772
0.025977 0.125524 0.137264 0.707501 0.003734
0.002648 0.938902 0.038894 0.018458 0.001098
0.014233 0.005789 0.087558 0.862898 0.029522
0.025578 0.033374 0.249926 0.622640 0.068483
0.918152 0.006231 0.020796 0.050334 0.004488
0.009231 0.152103 0.568823 0.267902 0.001942
0.176401 0.143549 0.192822 0.398014 0.089215
0.001357 0.010454 0.240051 0.704080 0.044057
0.926648 0.000365 0.037144 0.026205 0.009639
0.961138 0.000092 0.026513 0.009593 0.002664
0.008709 0.503818 0.149775 0.336984 0.000715
0.000000 0.272874 0.546957 0.020292 0.159877
0.010418 0.023083 0.378002 0.584214 0.004282
0.000000 0.003774 0.738330 0.145890 0.112006
0.000000 0.278717 0.645084 0.016308 0.059891
0.978072 0.000169 0.012921 0.008577 0.000261
0.003880 0.000000 0.950905 0.019063 0.026153
0.002492 0.220796 0.108376 0.654455 0.013882
0.000129 0.165090 0.145546 0.688878 0.000358
0.013345 0.004405 0.362302 0.533098 0.086850
0.693858 0.090505 0.044804 0.135550 0.035282
0.016999 0.002548 0.119975 0.851916 0.008563
0.000010 0.018330 0.091604 0.023808 0.866248
0.000000 0.158515 0.721522 0.119868 0.000095
0.000232 0.062123 0.060792 0.866899 0.009954
0.007577 0.022390 0.078999 0.883717 0.007317
0.078887 0.269849 0.130612 0.505519 0.015133
0.091996 0.297411 0.112205 0.363711 0.134675
0.001513 0.065417 0.868446 0.064624 0.000000
0.904573 0.013328 0.035392 0.040368 0.006340
0.002648 0.938903 0.038893 0.018458 0.001098
0.968190 0.000036 0.024340 0.006197 0.001237
0.920397 0.000414 0.039070 0.029215 0.010903
0.000068 0.195674 0.101800 0.702048 0.000410
0.000226 0.062381 0.060108 0.867296 0.009988
0.006806 0.278386 0.442681 0.269363 0.002764
0.000039 0.013882 0.226920 0.027653 0.731506
0.010695 0.172500 0.080260 0.731756 0.004789
0.000112 0.173419 0.133632 0.692464 0.000372
0.019516 0.002910 0.454646 0.461239 0.061688
0.021754 0.002368 0.488129 0.435184 0.052565
0.044809 0.002626 0.182837 0.753604 0.016124
0.000000 0.040636 0.420303 0.528167 0.010895
0.966039 0.000053 0.025003 0.007233 0.001673
0.005808 0.023777 0.069098 0.893630 0.007687
0.000418 0.019954 0.353137 0.626379 0.000112
0.012543 0.166819 0.087154 0.728822 0.004661
0.001754 0.109667 0.390205 0.497442 0.000932
0.007675 0.143255 0.152925 0.696146 0.000000
0.001041 0.230434 0.258359 0.508666 0.001499
0.023730 0.002071 0.146427 0.827703 0.000069
0.000177 0.019392 0.088942 0.152694 0.738794
0.947576 0.003254 0.016929 0.029829 0.002412
0.012484 0.451786 0.446856 0.086253 0.002621
0.001558 0.009157 0.264045 0.685482 0.039758
0.081850 0.267005 0.132752 0.503399 0.014994
0.063849 0.070707 0.197606 0.273963 0.393875
0.001404 0.277808 0.715784 0.003766 0.001238
0.000874 0.684252 0.250147 0.064709 0.000017
0.006829 0.014231 0.869802 0.078115 0.031023
0.005701 0.335958 0.385174 0.270029 0.003139
0.025826 0.161489 0.504106 0.220058 0.088522
0.920431 0.000414 0.039060 0.029199 0.010896
0.004801 0.046741 0.743888 0.124225 0.080344
0.000177 0.019391 0.088968 0.152698 0.738766
0.975460 0.000433 0.013264 0.010397 0.000445
0.006108 0.023542 0.070776 0.891949 0.007624
0.000000 0.003439 0.745803 0.144324 0.106434
0.000158 0.150502 0.166411 0.682596 0.000333
0.968265 0.001161 0.014210 0.015411 0.000953
0.000010 0.018342 0.091266 0.023798 0.866585
0.032034 0.157902 0.066757 0.593656 0.149651
0.015858 0.003797 0.399902 0.503839 0.076605
0.000044 0.013091 0.250967 0.028337 0.707561
0.914116 0.006639 0.021326 0.053147 0.004772
0.000807 0.012553 0.250822 0.176565 0.559253
0.001733 0.542586 0.178778 0.272419 0.004484
0.924186 0.006144 0.034516 0.031508 0.003646
0.006918 0.003664 0.070408 0.907564 0.011445
0.014013 0.049014 0.094354 0.840249 0.002370
0.000011 0.018147 0.097178 0.023966 0.860697
0.000000 0.220917 0.208284 0.514388 0.056411
0.000000 0.037718 0.942894 0.007274 0.012114
0.050850 0.049064 0.230044 0.668025 0.002016
0.006773 0.003680 0.069691 0.908369 0.011487
0.970234 0.000020 0.023710 0.005213 0.000824
0.013521 0.833155 0.125703 0.026517 0.001104
0.002808 0.177013 0.176867 0.636410 0.006903
0.001722 0.841670 0.054941 0.101620 0.000046
0.041160 0.055562 0.855370 0.047345 0.000564
0.002661 0.938773 0.039001 0.018468 0.001098
0.002649 0.938896 0.038900 0.018459 0.001098
0.947487 0.003263 0.016940 0.029891 0.002418
0.006974 0.022863 0.075625 0.887095 0.007443
0.000411 0.199326 0.763699 0.035016 0.001547
0.010593 0.623931 0.212627 0.152807 0.000042
0.016685 0.000891 0.289186 0.679939 0.013300
0.939203 0.000265 0.033274 0.020158 0.007100
0.064957 0.016335 0.408560 0.472645 0.037502
0.012898 0.049919 0.090724 0.844053 0.002406
0.039806 0.577510 0.335565 0.046000 0.001119
0.000068 0.195805 0.101613 0.702104 0.000410
0.050201 0.328943 0.377584 0.155064 0.088208
0.964561 0.001536 0.014697 0.017993 0.001214
0.005459 0.410271 0.370714 0.213544 0.000013
0.000000 0.016316 0.951353 0.009205 0.023126
0.000402 0.432841 0.438192 0.029206 0.099358
0.941145 0.000250 0.032676 0.019223 0.006707
0.037270 0.000386 0.209963 0.752351 0.000029
0.978161 0.000160 0.012909 0.008515 0.000255
0.019332 0.406871 0.238791 0.334401 0.000606
0.963970 0.000069 0.025641 0.008229 0.002091
0.005863 0.023734 0.069405 0.893322 0.007675
0.002530 0.220207 0.109170 0.654242 0.013852
0.975870 0.000391 0.013211 0.010112 0.000416
0.022330 0.097758 0.103432 0.273576 0.502904
0.000696 0.013753 0.222422 0.172377 0.590751
0.013657 0.049303 0.093195 0.841464 0.002382
0.000000 0.060825 0.870054 0.069081 0.000040
0.001414 0.036191 0.925828 0.017241 0.019327
0.055607 0.149299 0.487577 0.303251 0.004265
0.970898 0.000014 0.023505 0.004892 0.000690
0.000418 0.019681 0.353528 0.626261 0.000111
0.061415 0.000908 0.234585 0.694244 0.008848
0.007371 0.004106 0.069666 0.918740 0.000117
0.002685 0.471166 0.352653 0.043704 0.129793
0.166274 0.002109 0.310724 0.520827 0.000067
0.000068 0.195787 0.101638 0.702097 0.000410
0.002650 0.938877 0.038915 0.018460 0.001098
0.054645 0.084586 0.534713 0.325813 0.000243
0.088153 0.159101 0.065534 0.466289 0.220923
0.001164 0.017161 0.961993 0.000000 0.019682
0.000068 0.195631 0.101862 0.702029 0.000410
0.000000 0.273059 0.546665 0.020300 0.159976
0.914120 0.006639 0.021325 0.053144 0.004772
0.000654 0.021885 0.958246 0.018877 0.000337
0.008676 0.504125 0.149492 0.336992 0.000715
0.000000 0.273065 0.546657 0.020300 0.159979
0.000221 0.062648 0.059402 0.867707 0.010022
0.000000 0.090021 0.835178 0.012390 0.062412
0.002955 0.213635 0.118029 0.651864 0.013517
0.000509 0.048626 0.096548 0.846108 0.008209
0.000000 0.272750 0.547152 0.020286 0.159811
0.052696 0.021640 0.359168 0.519347 0.047148
0.008891 0.000000 0.153641 0.830052 0.007416
0.006941 0.152099 0.200985 0.629595 0.010379
0.000000 0.272119 0.548147 0.020259 0.159475
0.201979 0.030662 0.127105 0.565461 0.074793
0.011587 0.169758 0.083588 0.730340 0.004727
0.052583 0.322792 0.384404 0.153499 0.086723
0.003700 0.014346 0.201772 0.778654 0.001529
0.000000 0.273045 0.546688 0.020299 0.159968
0.000177 0.019391 0.088956 0.152696 0.738780
0.007683 0.342418 0.057457 0.590707 0.001735
0.003516 0.185449 0.096008 0.715027 0.000000
0.012258 0.005993 0.081402 0.869959 0.030387
0.000348 0.054754 0.303362 0.641365 0.000171
0.000239 0.061762 0.061749 0.866342 0.009908
0.050192 0.476500 0.418486 0.053698 0.001125
0.003713 0.764654 0.068930 0.073798 0.088905
0.000014 0.017736 0.109673 0.024321 0.848255
0.918648 0.006181 0.020730 0.049988 0.004453
0.000233 0.112551 0.220693 0.666253 0.000269
0.000117 0.171258 0.136723 0.691534 0.000369
0.001326 0.075393 0.851738 0.071543 0.000000
0.007820 0.341608 0.057969 0.590870 0.001732
0.001775 0.531094 0.195050 0.266339 0.005742
0.000177 0.019391 0.088968 0.152698 0.738766
0.013427 0.164103 0.090450 0.727420 0.004600
0.000000 0.013743 0.955409 0.009093 0.021754
0.000231 0.062143 0.060740 0.866929 0.009957
0.026409 0.000000 0.136957 0.799424 0.037210
0.439005 0.017767 0.325973 0.209805 0.007450
0.000000 0.018055 0.948612 0.009280 0.024053
0.002648 0.938903 0.038893 0.018458 0.001098
0.006544 0.003705 0.068565 0.909633 0.011553
0.004040 0.784775 0.096144 0.114995 0.000045
0.075071 0.286246 0.332288 0.301624 0.004771
0.027338 0.032612 0.257018 0.615934 0.067098
0.027345 0.226793 0.130557 0.614015 0.001290
0.000012 0.018081 0.099186 0.024023 0.858698
0.050622 0.327854 0.378792 0.154787 0.087945
0.000361 0.449152 0.418139 0.029698 0.102650
0.002648 0.938903 0.038893 0.018458 0.001098
0.015265 0.097759 0.747029 0.139946 0.000000
0.007333 0.022582 0.077633 0.885085 0.007368
0.002614 0.006686 0.966817 0.023882 0.000000
0.000068 0.195804 0.101613 0.702104 0.000410
0.000133 0.163079 0.148422 0.688012 0.000355
0.971819 0.000007 0.023222 0.004449 0.000503
0.030478 0.004427 0.207237 0.755335 0.002523
0.000010 0.018283 0.093054 0.023849 0.864804
0.124027 0.270805 0.161746 0.398319 0.045103
0.002742 0.000000 0.873457 0.036962 0.086839
0.001554 0.022213 0.119447 0.854615 0.002171
0.000000 0.278491 0.645363 0.016300 0.059846
0.003699 0.014351 0.201718 0.778704 0.001529
0.561217 0.001486 0.199187 0.228748 0.009362
0.004295 0.012165 0.224590 0.757599 0.001351
0.972812 0.000701 0.013612 0.012242 0.000632
0.000360 0.049089 0.311465 0.638925 0.000161
0.000068 0.195805 0.101613 0.702104 0.000410
0.000020 0.016773 0.138970 0.025154 0.819083
0.008000 0.340553 0.058636 0.591083 0.001728
0.069968 0.000000 0.912606 0.000000 0.017426
0.000244 0.321426 0.629828 0.046122 0.002380
0.810716 0.047704 0.039584 0.082764 0.019232
0.001509 0.022379 0.117713 0.856215 0.002185
0.000193 0.019221 0.092999 0.153292 0.734296
0.033322 0.002196 0.223164 0.739391 0.001927
0.000000 0.168157 0.712017 0.015766 0.104060
0.000402 0.338786 0.140067 0.518737 0.002008
0.033659 0.276115 0.358851 0.330916 0.000458
0.000546 0.015704 0.142969 0.779329 0.061452
0.000178 0.019378 0.089273 0.152743 0.738428
0.002648 0.938903 0.038893 0.018458 0.001098
0.003908 0.000000 0.952796 0.018626 0.024671
0.000264 0.097166 0.242699 0.659628 0.000243
0.000545 0.015712 0.142818 0.779445 0.061479
0.964405 0.000066 0.025507 0.008020 0.002003
0.005948 0.023668 0.069880 0.892847 0.007658
0.002648 0.938903 0.038893 0.018458 0.001098
0.000000 0.109769 0.245941 0.621980 0.022310
0.000000 0.043165 0.546021 0.392885 0.017930
0.012885 0.049929 0.090684 0.844095 0.002407
0.005807 0.023779 0.069088 0.893639 0.007687
0.964262 0.000067 0.025551 0.008089 0.002032
0.935550 0.001982 0.034008 0.026375 0.002085
0.008649 0.093706 0.344702 0.548793 0.004149
0.931324 0.003530 0.034197 0.028284 0.002666
0.004420 0.011706 0.229389 0.753171 0.001313
0.064912 0.052341 0.182031 0.380527 0.320188
0.006717 0.003686 0.069416 0.908678 0.011503
0.002648 0.938903 0.038893 0.018458 0.001098
0.977810 0.000195 0.012956 0.008759 0.000279
0.025918 0.008004 0.181705 0.780896 0.003477
0.000000 0.201318 0.062214 0.246700 0.489768
0.000070 0.194465 0.103530 0.701527 0.000408
0.122010 0.272426 0.160694 0.399527 0.045344
0.201695 0.030685 0.127047 0.565727 0.074845
0.011964 0.317241 0.073374 0.595782 0.001638
0.050353 0.328550 0.378020 0.154964 0.088114
0.005810 0.023776 0.069110 0.893618 0.007686
0.693858 0.090505 0.044804 0.135550 0.035282
0.001336 0.023015 0.111057 0.862356 0.002236
0.004447 0.921404 0.053258 0.019792 0.001099
0.022707 0.326625 0.427935 0.222698 0.000036
0.002085 0.034917 0.919532 0.043466 0.000000
0.002648 0.938902 0.038894 0.018458 0.001098
0.061915 0.298689 0.411125 0.147370 0.080901
0.043040 0.025446 0.188865 0.741231 0.001418
0.005811 0.023775 0.069113 0.893614 0.007686
0.000000 0.124583 0.401611 0.471777 0.002029
0.061115 0.017509 0.268335 0.651733 0.001308
0.197184 0.156294 0.216016 0.420914 0.009592
0.002651 0.004758 0.970047 0.022545 0.000000
0.002648 0.938903 0.038893 0.018458 0.001098
0.000069 0.195306 0.102326 0.701890 0.000409
0.000068 0.195805 0.101613 0.702104 0.000410
0.004240 0.012366 0.222481 0.759545 0.001367
0.006828 0.898248 0.072267 0.021556 0.001100
0.000000 0.138784 0.172761 0.661353 0.027101
0.078027 0.274511 0.342191 0.300640 0.004631
0.002643 0.005133 0.969419 0.022805 -0.000000
0.005226 0.178573 0.165296 0.639175 0.011729
0.021261 0.330521 0.571882 0.074345 0.001991
0.002659 0.938791 0.038986 0.018467 0.001098
0.013051 0.003399 0.096320 0.887129 0.000100
0.002801 0.937418 0.040113 0.018571 0.001098
0.000962 0.010872 0.290604 0.182431 0.515131
0.010323 0.864252 0.100176 0.024147 0.001102
0.000010 0.018309 0.092242 0.023826 0.865613
0.013541 0.001561 0.245834 0.720144 0.018920
0.003185 0.426996 0.403466 0.044540 0.121813
0.022035 0.496807 0.154601 0.319280 0.007278
0.976040 0.000374 0.013188 0.009993 0.000404
0.693858 0.090504 0.044804 0.135550 0.035282
0.008821 0.000000 0.153090 0.830660 0.007429
0.008172 0.100506 0.331002 0.555946 0.004374
0.001620 0.548505 0.172866 0.272487 0.004523
0.933308 0.002803 0.034108 0.027388 0.002393
0.000222 0.062585 0.059567 0.867611 0.010014
0.001946 0.526706 0.407653 0.063681 0.000014
0.000000 0.000000 0.193548 0.676286 0.130166
0.026017 0.245377 0.486774 0.241797 0.000034
0.002648 0.938903 0.038893 0.018458 0.001098
0.000000 0.467993 0.227633 0.267162 0.037212
0.000177 0.019392 0.088946 0.152695 0.738790
0.001994 0.000000 0.822520 0.048734 0.126752
0.977679 0.000208 0.012973 0.008851 0.000289
0.946089 0.000033 0.030991 0.022793 0.000093
0.000000 0.200768 0.062880 0.247288 0.489064
0.000396 0.210760 0.751163 0.036056 0.001625
0.000014 0.017815 0.107290 0.024253 0.850628
0.003281 0.418477 0.413266 0.044701 0.120274
0.002648 0.938898 0.038897 0.018458 0.001098
0.001501 0.022408 0.117409 0.856495 0.002187
0.822561 0.000992 0.047389 0.127615 0.001443
0.971820 0.000007 0.023221 0.004449 0.000503
0.027383 0.001004 0.572362 0.369638 0.029613
0.002648 0.938903 0.038893 0.018458 0.001098
0.002861 0.176256 0.178392 0.635614 0.006878
0.039629 0.003162 0.166695 0.772121 0.018394
0.002740 0.816686 0.073035 0.107494 0.000046
0.002709 0.105848 0.888723 0.002194 0.000526
0.009198 0.078015 0.293062 0.563139 0.056586
0.000774 0.698988 0.235415 0.064805 0.000018
0.006765 0.023027 0.074455 0.888267 0.007487
0.002108 0.049704 0.455669 0.491868 0.000650
0.017871 0.005413 0.098894 0.849895 0.027928
0.032147 0.001024 0.185923 0.780863 0.000044
0.971756 0.000008 0.023241 0.004479 0.000516
0.000701 0.106077 0.808978 -0.000000 0.084243
0.000000 0.278728 0.645071 0.016308 0.059893
0.962823 0.000078 0.025994 0.008782 0.002323
0.008682 0.504064 0.149548 0.336990 0.000715
0.002649 0.938896 0.038900 0.018459 0.001098
0.447497 0.010722 0.176369 0.335337 0.030075
0.029776 0.175825 0.681270 0.102603 0.010526
0.000000 0.273061 0.546663 0.020300 0.159977
0.965396 0.001451 0.014587 0.017411 0.001155
0.082527 0.256645 0.357267 0.299142 0.004418
0.946438 0.003369 0.017078 0.030622 0.002492
0.002478 0.136338 0.858060 0.002473 0.000652
0.193877 0.001152 0.344765 0.460162 0.000044
0.017081 0.266244 0.020913 0.391278 0.304483
0.000333 0.256584 0.700921 0.040224 0.001938
0.009921 0.174881 0.077371 0.732985 0.004842
0.970940 0.000014 0.023492 0.004872 0.000681
0.005920 0.023690 0.069720 0.893006 0.007664
0.016769 0.003576 0.413544 0.493224 0.072888
0.046381 0.039684 0.807783 0.106135 0.000017
0.000000 0.115621 0.846626 0.010194 0.027558
0.007719 0.005768 0.278117 0.598607 0.109788
0.000000 0.092984 0.907016 0.000000 0.000000
0.008672 0.504158 0.149462 0.336993 0.000715
0.914217 0.006629 0.021313 0.053076 0.004765
0.000068 0.195804 0.101614 0.702104 0.000410
0.000068 0.195528 0.102009 0.701985 0.000410
0.002578 0.008641 0.963542 0.025239 0.000000
0.022034 0.496811 0.154597 0.319280 0.007278
0.001408 0.277296 0.716298 0.003761 0.001236
0.693858 0.090505 0.044804 0.135550 0.035282
0.022971 0.002073 0.506347 0.421008 0.047601
0.020612 0.002645 0.471036 0.448485 0.057222
0.078225 0.010595 0.462006 0.422110 0.027065
0.008667 0.504206 0.149418 0.336994 0.000715
0.000068 0.195804 0.101615 0.702104 0.000410
0.028443 0.093775 0.117298 0.273633 0.486851
0.002648 0.938903 0.038893 0.018458 0.001098
0.000000 0.800048 0.029422 0.162274 0.008256
0.002648 0.938897 0.038899 0.018459 0.001098
0.202385 0.030629 0.127186 0.565081 0.074719
0.058014 0.005860 0.177220 0.758751 0.000155
0.971261 0.000011 0.023393 0.004717 0.000616
0.000069 0.195213 0.102460 0.701849 0.000409
0.000000 0.139303 0.171452 0.662057 0.027187
0.000000 0.245831 0.589584 0.019123 0.145462
0.006422 0.625656 0.099398 0.248588 0.019937
0.559079 0.001659 0.198758 0.230751 0.009752
0.000000 0.250539 0.723877 0.025522 0.000061
0.003012 0.000000 0.891858 0.032709 0.072420
0.000000 0.139242 0.171608 0.661974 0.027177
0.001578 0.845198 0.052387 0.100791 0.000046
0.001335 0.023015 0.111052 0.862361 0.002236
0.971815 0.000007 0.023223 0.004451 0.000504
0.000068 0.195805 0.101613 0.702104 0.000410
0.038576 0.152178 0.073264 0.590745 0.145237
0.914116 0.006639 0.021326 0.053147 0.004772
0.000000 0.176866 0.091847 0.272808 0.458479
0.022034 0.496811 0.154597 0.319280 0.007278
0.031186 0.035070 0.150270 0.781667 0.001807
0.000473 0.050382 0.091896 0.848813 0.008436
0.020491 0.396296 0.248501 0.334119 0.000594
0.002647 0.002112 0.394327 0.584500 0.016414
0.213057 0.076728 0.227833 0.412911 0.069471
0.892764 0.017653 0.035919 0.045702 0.007962
0.000528 0.139457 0.751535 0.000000 0.108480
0.032570 0.286054 0.349725 0.331181 0.000470
0.000000 0.012083 0.974572 0.006313 0.007032
0.012151 0.071656 0.309432 0.600483 0.006278
0.077920 0.270777 0.129915 0.506210 0.015178
0.000374 0.443811 0.424705 0.029537 0.101572
0.002908 0.473467 0.254961 0.263424 0.005240
0.976832 0.000294 0.013084 0.009441 0.000348
0.938239 0.000094 0.032033 0.029455 0.000179
0.926956 0.005340 0.019639 0.044199 0.003867
0.000389 0.034622 0.332158 0.632695 0.000137
0.000973 0.012941 0.194071 0.739719 0.052296
0.093671 0.255658 0.141286 0.494945 0.014441
0.972900 0.000692 0.013601 0.012181 0.000626
0.953797 0.000150 0.028776 0.013129 0.004148
0.009222 0.003409 0.081736 0.894846 0.010787
0.920396 0.000414 0.039071 0.029216 0.010903
0.005807 0.023778 0.069092 0.893636 0.007687
0.000178 0.019386 0.089091 0.152716 0.738630
0.003024 0.064442 0.930365 0.001816 0.000354
0.020853 0.000000 0.247217 0.726774 0.005156
0.000000 0.223621 0.035185 0.222887 0.518307
0.003073 0.000752 0.389593 0.588939 0.017643
0.000253 0.102581 0.234954 0.661960 0.000252
0.798562 0.052155 0.040127 0.088254 0.020901
0.000544 0.015714 0.142778 0.779477 0.061486
0.025352 0.033471 0.249017 0.623499 0.068660
0.007699 0.342321 0.057518 0.590726 0.001735
0.116668 0.003827 0.249551 0.629847 0.000107
0.000000 0.173181 0.298984 0.481758 0.046077
0.952493 0.000160 0.029178 0.013757 0.004412
0.004849 0.764920 0.110524 0.119663 0.000045
0.005939 0.132348 0.266852 0.589435 0.005426
0.002960 0.076247 0.629611 0.166074 0.125108
0.000000 0.031579 0.950480 0.007044 0.010897
0.000589 0.069636 0.905892 0.023220 0.000663
0.919750 0.000237 0.034488 0.045144 0.000381
0.003097 0.934538 0.042477 0.018791 0.001098
0.026595 0.000000 0.292139 0.677195 0.004071
0.032455 0.003904 0.144341 0.797762 0.021537
0.019138 0.013322 0.143737 0.818907 0.004897
0.002962 0.935849 0.041401 0.018691 0.001098
0.000000 0.273065 0.546657 0.020300 0.159979
0.003168 0.428480 0.401759 0.044512 0.122081
0.009447 0.594848 0.123259 0.253200 0.019246
0.022530 0.042098 0.122087 0.811194 0.002091
0.010492 0.144158 0.666878 0.178472 0.000000
0.026373 0.342612 0.297793 0.332688 0.000533
0.017223 0.266031 0.021002 0.391427 0.304317
0.008522 0.337481 0.060578 0.591702 0.001716
0.920432 0.000414 0.039060 0.029198 0.010896
0.001216 0.007054 0.979386 -0.000000 0.012344
0.002935 0.017150 0.172426 0.805731 0.001758
0.951160 0.002891 0.016458 0.027332 0.002159
0.969291 0.000027 0.024001 0.005667 0.001015
0.000000 0.015774 0.470094 0.202092 0.312040
0.050196 0.328956 0.377570 0.155067 0.088212
0.000071 0.193960 0.104251 0.701310 0.000407
0.002648 0.938898 0.038897 0.018458 0.001098
0.970262 0.000959 0.013948 0.014020 0.000812
0.946356 0.000031 0.030956 0.022567 0.000090
0.001335 0.023015 0.111051 0.862361 0.002236
0.000808 0.637016 0.161858 0.040563 0.159755
0.049596 0.020123 0.210211 0.718867 0.001203
0.970773 0.000015 0.023544 0.004953 0.000715
0.935106 0.002145 0.034028 0.026575 0.002146
0.006601 0.004202 0.066054 0.923024 0.000119
0.001521 0.262362 0.731317 0.003625 0.001174
0.000177 0.019392 0.088937 0.152693 0.738801
0.000000 0.278728 0.645070 0.016309 0.059893
0.927610 0.005274 0.019553 0.043743 0.003820
0.013468 0.049456 0.092580 0.842108 0.002388
0.881982 0.021602 0.036401 0.050572 0.009443
0.920396 0.000414 0.039071 0.029216 0.010903
0.026061 0.264191 0.640269 0.067832 0.001647
0.018895 0.002672 0.123740 0.854610 0.000083
0.003675 0.003665 0.109820 0.846287 0.036554
0.165066 0.077026 0.564597 0.179758 0.013553
0.031622 0.294706 0.341781 0.331412 0.000479
0.965105 0.000060 0.025291 0.007683 0.001861
0.001319 0.009214 0.200958 0.785399 0.003111
0.000998 0.049139 0.906962 -0.000000 0.042901
0.000334 0.350354 0.127438 0.519812 0.002063
0.007922 0.005719 0.281154 0.596244 0.108961
0.000418 0.053072 0.084770 0.852957 0.008784
0.870818 0.025691 0.036900 0.055615 0.010976
0.094610 0.003505 0.528014 0.359696 0.014174
0.006778 0.004180 0.066880 0.922044 0.000118
0.002648 0.938903 0.038893 0.018458 0.001098
0.010423 0.488180 0.164133 0.336567 0.000697
0.000000 0.259101 0.568667 0.019697 0.152536
0.013093 0.001657 0.239658 0.725872 0.019721
0.068979 0.004386 0.273321 0.652747 0.000567
0.914200 0.006631 0.021315 0.053088 0.004766
0.004100 0.000000 0.965870 0.015604 0.014426
0.000864 0.031369 0.142265 0.819526 0.005976
0.014997 0.003157 0.105448 0.876303 0.000094
0.002648 0.938900 0.038896 0.018458 0.001098
0.693858 0.090505 0.044804 0.135550 0.035282
0.002070 0.005841 0.325359 0.637958 0.028772
0.000000 0.111293 0.851976 0.010032 0.026699
0.912132 0.010559 0.035054 0.036953 0.005302
0.000000 0.273059 0.546666 0.020300 0.159975
0.031758 0.293468 0.342918 0.331379 0.000478
0.035606 0.029035 0.290324 0.584442 0.060593
0.000010 0.018336 0.091441 0.023803 0.866410
0.007696 0.005774 0.277769 0.598878 0.109883
0.006576 0.003804 0.312077 0.676875 0.000668
0.000265 0.096614 0.243488 0.659391 0.000242
0.115347 0.085009 0.149625 0.556582 0.093438
0.974527 0.000527 0.013387 0.011048 0.000511
0.001599 0.003953 0.454377 0.206581 0.333490
0.000000 0.223934 0.034805 0.222552 0.518709
0.374718 0.016633 0.161765 0.403553 0.043331
0.000068 0.195805 0.101613 0.702104 0.000410
0.002648 0.938903 0.038893 0.018458 0.001098
0.021275 0.139977 0.119725 0.714964 0.004058
0.000804 0.637314 0.161516 0.040557 0.159809
0.000011 0.018139 0.097415 0.023973 0.860461
0.027106 0.415702 0.050227 0.337340 0.169626
0.014160 0.002862 0.106016 0.867587 0.009375
0.155546 0.056880 0.679207 0.085877 0.022491
0.000575 0.080075 0.894447 0.024170 0.000734
0.010074 0.073377 0.385659 0.527413 0.003477
0.957807 0.000118 0.027540 0.011198 0.003337
0.000010 0.018342 0.091264 0.023798 0.866587
0.000167 0.145944 0.172930 0.680633 0.000326
0.972408 0.000742 0.013666 0.012524 0.000661
0.000578 0.045267 0.105446 0.840934 0.007774
0.024721 0.005845 0.905808 0.063626 0.000000
0.008890 0.502167 0.151290 0.336940 0.000713
0.013202 0.049672 0.091713 0.843016 0.002397
0.005807 0.023779 0.069088 0.893639 0.007687
0.022109 0.031234 0.861950 0.084708 0.000000
0.000756 0.013112 0.237600 0.174615 0.573918
0.945402 0.000216 0.031364 0.017172 0.005846
0.009147 0.118049 0.246889 0.617272 0.008644
0.027079 0.032724 0.255974 0.616922 0.067302
0.061689 0.000880 0.235437 0.693267 0.008728
0.000344 0.057117 0.299982 0.642382 0.000175
0.927676 0.000176 0.033436 0.038418 0.000294
0.000000 0.267774 0.554996 0.020071 0.157158
0.000527 0.114694 0.856490 0.027319 0.000970
0.001604 0.844556 0.052852 0.100942 0.000046
0.000000 0.162160 0.789117 0.011939 0.036784
0.000000 0.278681 0.645129 0.016307 0.059883
0.022218 0.496079 0.155215 0.319219 0.007269
0.971817 0.000802 0.013743 0.012936 0.000702
0.012406 0.040126 0.452648 0.492441 0.002378
0.005655 0.333668 0.400302 0.256353 0.004021
0.035657 0.095768 0.173372 0.692138 0.003065
0.002648 0.938903 0.038893 0.018458 0.001098
0.008577 0.000000 0.151178 0.832771 0.007475
0.959222 0.002076 0.015398 0.021713 0.001591
0.026712 0.007381 0.186147 0.776449 0.003311
0.781384 0.058447 0.040895 0.096014 0.023260
0.000068 0.195805 0.101613 0.702104 0.000410
0.000244 0.322011 0.629186 0.046175 0.002384
0.006011 0.023618 0.070235 0.892491 0.007644
0.008666 0.504214 0.149410 0.336994 0.000715
0.911946 0.010627 0.035062 0.037037 0.005327
0.082937 0.008556 0.480991 0.404159 0.023357
0.123213 0.271459 0.161321 0.398806 0.045200
0.007864 0.004045 0.071977 0.915999 0.000115
0.975060 0.000473 0.013317 0.010676 0.000473
0.041544 0.100124 0.743509 0.114796 0.000027
0.000389 0.034199 0.332763 0.632513 0.000136
0.000000 0.023972 0.959881 0.006759 0.009389
0.000000 0.177805 0.696808 0.016183 0.109203
0.001089 0.012190 0.207960 0.728954 0.049807
0.002851 0.087152 0.907526 0.002023 0.000448
0.008679 0.504092 0.149522 0.336991 0.000715
0.000805 0.637276 0.161559 0.040558 0.159802
0.560835 0.001517 0.199111 0.229106 0.009432
0.018561 0.005341 0.101044 0.847428 0.027626
0.010020 0.174574 0.077743 0.732827 0.004835
0.059549 0.054080 0.173505 0.383860 0.329005
0.000578 0.015041 0.191938 0.167882 0.624561
0.001035 0.010079 0.309386 0.185201 0.494299
0.025630 0.349392 0.291568 0.332869 0.000541
0.065889 0.015932 0.412315 0.469095 0.036769
0.179880 0.001637 0.327503 0.490925 0.000056
0.000000 0.174381 0.286176 0.536737 0.002705
0.001577 0.255072 0.738649 0.003558 0.001144
0.554105 0.002063 0.197760 0.235414 0.010658
0.000376 0.443245 0.425401 0.029520 0.101458
0.000230 0.062232 0.060504 0.867066 0.009968
0.000247 0.319222 0.632243 0.045922 0.002365
0.000334 0.350313 0.127482 0.519809 0.002063
0.005895 0.003191 0.140425 0.817903 0.032586
0.924678 0.000199 0.033833 0.040962 0.000327
0.026955 0.415977 0.050082 0.337278 0.169707
0.970764 0.000908 0.013882 0.013670 0.000776
0.953197 0.002685 0.016190 0.025912 0.002016
0.000010 0.018306 0.092361 0.023829 0.865494
0.000767 0.036098 0.129735 0.826811 0.006588
0.968151 0.001172 0.014225 0.015491 0.000961
0.003426 0.011440 0.983669 0.001331 0.000134
0.035965 0.000447 0.213237 0.747211 0.003139
0.010513 0.143957 0.667225 0.178305 0.000000
0.008913 0.054910 0.339054 0.358891 0.238231
0.002648 0.938897 0.038898 0.018459 0.001098
0.970279 0.000019 0.023696 0.005191 0.000815
0.007120 0.353386 0.226096 0.251591 0.161807
0.000068 0.009383 0.363758 0.031542 0.595248
0.000371 0.043354 0.319668 0.636456 0.000151
0.117033 0.058438 0.537000 0.225139 0.062390
0.010420 0.173346 0.079234 0.732193 0.004808
0.032359 0.002951 0.217772 0.744789 0.002129
0.822585 0.000992 0.047386 0.127595 0.001443
0.012752 0.402555 0.188489 0.384616 0.011588
0.001038 0.022886 0.164738 0.806459 0.004879
0.258679 0.026057 0.138481 0.512317 0.064466
0.000233 0.062059 0.060963 0.866799 0.009946
0.010214 0.173980 0.078465 0.732519 0.004822
0.015247 0.023859 0.373867 0.583185 0.003842
0.005477 0.409851 0.371215 0.213444 0.000013
0.008668 0.504191 0.149431 0.336994 0.000715
0.043798 0.130041 0.191725 0.633518 0.000918
0.000068 0.195805 0.101613 0.702104 0.000410
0.146647 0.002789 0.286522 0.563960 0.000083
0.000273 0.018354 0.113517 0.156318 0.711538
0.028992 0.000614 0.596443 0.350898 0.023051
0.002648 0.938898 0.038898 0.018458 0.001098
0.026025 0.417672 0.049194 0.336900 0.170208
0.000226 0.062421 0.060004 0.867357 0.009993
0.026671 0.416494 0.049811 0.337163 0.169860
0.971571 0.000009 0.023298 0.004568 0.000554
0.001084 0.165421 0.766955 0.021139 0.045402
0.000804 0.637312 0.161517 0.040557 0.159809
0.054123 0.089348 0.530340 0.325940 0.000248
0.001392 0.006198 0.401247 0.198746 0.392417
0.016016 0.002656 0.115144 0.857339 0.008844
0.402046 0.047458 0.306703 0.231925 0.011868
0.000059 0.010777 0.321353 0.030337 0.637474
0.012006 0.006019 0.080617 0.870860 0.030498
0.001336 0.023014 0.111068 0.862346 0.002236
0.023635 0.490454 0.159962 0.318747 0.007202
0.967867 0.000038 0.024440 0.006353 0.001303
0.971763 0.000007 0.023239 0.004476 0.000515
0.973558 0.000625 0.013514 0.011723 0.000579
0.000071 0.193928 0.104297 0.701296 0.000407
0.002750 0.408366 0.525963 0.062909 0.000012
0.035242 0.097042 0.171826 0.692796 0.003094
0.001139 0.017990 0.177707 0.798918 0.004246
0.001136 0.018119 0.177367 0.799116 0.004263
0.273084 0.083437 0.270811 0.366631 0.006038
0.014892 0.002781 0.109614 0.863548 0.009165
0.012943 0.049882 0.090872 0.843898 0.002405
0.027716 0.330355 0.309048 0.332362 0.000519
0.000000 0.063476 0.911065 0.008240 0.017220
0.971241 0.000860 0.013819 0.013338 0.000743
0.000000 0.013535 0.488653 0.491392 0.006420
0.001621 0.548455 0.172915 0.272487 0.004522
0.000000 0.800027 0.029433 0.162285 0.008255
0.000000 0.116515 0.793416 0.013535 0.076534
0.000000 0.799702 0.029597 0.162446 0.008255
0.004932 0.032939 0.607280 0.345238 0.009612
0.000000 0.150611 0.341276 0.505730 0.002383
0.008380 0.005608 0.288011 0.590908 0.107093
0.000000 0.066221 0.872691 0.011361 0.049727
0.931447 0.003485 0.034191 0.028228 0.002649
0.005816 0.023772 0.069139 0.893589 0.007685
0.003978 0.761376 0.071649 0.074267 0.088730
0.017103 0.266211 0.020927 0.391301 0.304458
0.969146 0.000028 0.024045 0.005736 0.001044
0.170612 0.017971 0.722343 0.075982 0.013092
0.072787 0.012948 0.440101 0.442822 0.031343
0.007668 0.005781 0.277350 0.599204 0.109997
0.443296 0.011063 0.175526 0.339275 0.030840
0.044538 0.062720 0.783285 0.109436 0.000021
0.933385 0.004690 0.018794 0.039718 0.003413
0.007655 0.005784 0.277157 0.599355 0.110050
0.009931 0.174849 0.077410 0.732969 0.004841
0.000170 0.144311 0.175266 0.679930 0.000323
0.000017 0.017359 0.121142 0.024647 0.836835
0.971207 0.000012 0.023410 0.004744 0.000627
0.001750 0.553777 0.257616 0.042139 0.144717
0.002648 0.938903 0.038893 0.018458 0.001098
0.003788 0.927817 0.047994 0.019303 0.001098
0.002648 0.938903 0.038893 0.018458 0.001098
0.743724 0.072240 0.042577 0.113025 0.028433
0.920405 0.000414 0.039068 0.029212 0.010902
0.013929 0.049082 0.094081 0.840536 0.002373
0.934349 0.002422 0.034062 0.026917 0.002250
0.025334 0.001871 0.153956 0.818775 0.000064
0.013501 0.049429 0.092689 0.841994 0.002387
0.002660 0.938781 0.038993 0.018467 0.001098
0.000069 0.195082 0.102647 0.701793 0.000409
0.976523 0.000325 0.013125 0.009656 0.000370
0.000000 0.126973 0.776932 0.013987 0.082108
0.001305 0.009915 0.199101 0.786479 0.003201
0.014676 0.821917 0.134929 0.027374 0.001105
0.000935 0.050118 0.495233 0.429619 0.024094
0.002490 0.220816 0.108349 0.654463 0.013883
0.978602 0.000115 0.012852 0.008208 0.000224
0.062018 0.131668 0.096581 0.580313 0.129421
0.150679 0.069449 0.665272 0.089073 0.025527
0.000591 0.068336 0.907317 0.023102 0.000654
0.000310 0.017952 0.123020 0.157719 0.700999
0.000659 0.114271 0.794878 0.000000 0.090192
0.096065 0.210493 0.508903 0.124941 0.059597
0.036826 0.247210 0.385392 0.330146 0.000426
0.013138 0.164990 0.089374 0.727878 0.004620
0.970556 0.000929 0.013909 0.013815 0.000791
0.016685 0.051857 0.276213 0.655245 0.000000
0.012007 0.006019 0.080623 0.870853 0.030497
0.001620 0.548505 0.172866 0.272487 0.004523
0.000343 0.348719 0.129222 0.519661 0.002055
0.003510 0.930514 0.045780 0.019097 0.001098
0.000000 0.278515 0.645334 0.016301 0.059850
0.000876 0.631001 0.168778 0.040677 0.158669
0.000010 0.018341 0.091294 0.023799 0.866557
0.971776 0.000007 0.023235 0.004470 0.000512
0.004813 0.010268 0.244440 0.739284 0.001196
0.012884 0.465718 0.184758 0.335969 0.000672
0.914116 0.006639 0.021326 0.053147 0.004772
0.000743 0.013249 0.234346 0.174135 0.577527
0.017066 0.005496 0.096385 0.852772 0.028281
0.004357 0.011937 0.226974 0.755399 0.001332
0.000023 0.016327 0.152537 0.025539 0.805574
0.002648 0.938903 0.038893 0.018458 0.001098
0.008666 0.504215 0.149410 0.336995 0.000715
0.000015 0.017647 0.112390 0.024398 0.845550
0.000221 0.062649 0.059400 0.867708 0.010022
0.012172 0.456101 0.442407 0.086677 0.002643
0.007669 0.005780 0.277364 0.599193 0.109994
0.920396 0.000414 0.039071 0.029216 0.010903
0.001621 0.548447 0.172923 0.272487 0.004522
0.005631 0.339583 0.381553 0.270071 0.003162
0.005873 0.006383 0.285093 0.701772 0.000879
0.969120 0.000028 0.024053 0.005749 0.001049
0.072162 0.111729 0.550457 0.262345 0.003308
0.017356 0.424906 0.222231 0.334881 0.000626
0.028055 0.006328 0.193667 0.768921 0.003030
0.000108 0.175537 0.130602 0.693377 0.000376
0.693862 0.090503 0.044804 0.135549 0.035282
0.976940 0.000283 0.013070 0.009366 0.000341
0.561829 0.001436 0.199310 0.228175 0.009251
0.004964 0.368842 0.363734 0.258132 0.004328
0.076841 0.011193 0.456432 0.427381 0.028153
0.036389 0.006926 0.800350 0.156213 0.000123
0.023450 0.000000 0.267532 0.704353 0.004665
0.002648 0.938903 0.038893 0.018458 0.001098
0.000023 0.016422 0.149641 0.025457 0.808457
0.000658 0.014979 0.156384 0.768931 0.059048
0.000288 0.085086 0.259977 0.654426 0.000222
0.122013 0.272423 0.160696 0.399524 0.045344
0.001602 0.008873 0.269301 0.681408 0.038816
0.037523 0.240848 0.391233 0.329977 0.000419
0.012408 0.843973 0.116822 0.025693 0.001103
0.011494 0.475563 0.344259 0.168599 0.000085
0.000137 0.161056 0.151316 0.687141 0.000351
0.012900 0.049917 0.090733 0.844044 0.002406
0.050196 0.328956 0.377570 0.155067 0.088212
0.009919 0.174885 0.077366 0.732987 0.004842
0.029605 0.005112 0.202346 0.760232 0.002705
0.000010 0.018341 0.091272 0.023798 0.866578
0.000181 0.019346 0.090036 0.152855 0.737582
0.000000 0.148741 0.805699 0.011436 0.034123
0.000068 0.195776 0.101655 0.702092 0.000410
0.000012 0.018100 0.098611 0.024007 0.859271
0.000068 0.195757 0.101681 0.702084 0.000410
0.006248 0.023550 0.833711 0.091332 0.045160
0.000068 0.195631 0.101862 0.702029 0.000410
0.010160 0.147384 0.661305 0.181151 0.000000
0.000239 0.109974 0.224380 0.665143 0.000265
0.901555 0.000379 0.036903 0.060583 0.000580
0.008876 0.090466 0.351229 0.545386 0.004042
0.029902 0.000394 0.610050 0.340310 0.019344
0.914377 0.006613 0.021292 0.052965 0.004754
0.930700 0.000152 0.033034 0.035852 0.000261
0.920783 0.000411 0.038951 0.029029 0.010825
0.071667 0.013432 0.435588 0.447089 0.032224
0.000016 0.017369 0.120848 0.024639 0.837128
0.002999 0.000761 0.385797 0.592615 0.017828
0.968520 0.000033 0.024238 0.006038 0.001171
0.008905 0.021349 0.086436 0.876272 0.007039
0.002787 0.095612 0.899017 0.002101 0.000483
0.925400 0.000194 0.033738 0.040349 0.000319
0.039310 0.084537 0.186999 0.686340 0.002813
0.000301 0.078729 0.269070 0.651689 0.000211
0.000000 0.037171 0.943570 0.007254 0.012005
0.000177 0.019392 0.088937 0.152693 0.738801
0.000634 0.036499 0.942224 0.020206 0.000437
0.256950 0.010965 0.466344 0.262080 0.003660
0.005811 0.023775 0.069115 0.893612 0.007686
0.000024 0.016215 0.155938 0.025636 0.802187
0.008666 0.504215 0.149410 0.336994 0.000715
0.037222 0.000392 0.209740 0.752616 0.000030
0.001578 0.845190 0.052393 0.100793 0.000046
0.001440 0.273139 0.720479 0.003723 0.001219
0.000544 0.015714 0.142783 0.779473 0.061485
0.015971 0.809320 0.145269 0.028334 0.001105
0.000026 0.015975 0.163240 0.025844 0.794916
0.000081 0.007370 0.424992 0.033283 0.534274
0.941705 0.000067 0.031573 0.026514 0.000141
0.000352 0.347207 0.130872 0.519520 0.002048
0.693858 0.090505 0.044804 0.135550 0.035282
0.005459 0.410265 0.370720 0.213543 0.000013
0.971442 0.000010 0.023338 0.004630 0.000580
0.401690 0.014442 0.167177 0.378273 0.038418
0.002903 0.077170 0.626035 0.167384 0.126509
0.001633 0.843855 0.053359 0.101107 0.000046
0.001359 0.022929 0.111959 0.861524 0.002229
0.002836 0.176607 0.177685 0.635983 0.006889
0.000000 0.021967 0.942446 0.009449 0.026138
0.010313 0.426829 0.165705 0.385030 0.012124
0.171447 0.001929 0.317105 0.509456 0.000063
0.013943 0.004260 0.371257 0.526130 0.084410
0.002648 0.938899 0.038897 0.018458 0.001098
0.954354 0.000145 0.028605 0.012861 0.004036
0.006417 0.625703 0.099361 0.248581 0.019938
0.825646 0.000968 0.046979 0.124997 0.001410
0.000000 0.132350 0.825955 0.010821 0.030874
0.007882 0.341246 0.058198 0.590943 0.001731
0.008667 0.504202 0.149422 0.336994 0.000715
0.152643 0.064376 0.670897 0.087783 0.024301
0.022968 0.134775 0.126038 0.712278 0.003941
0.000543 0.047001 0.100853 0.843605 0.007998
0.000221 0.062627 0.059457 0.867675 0.010020
0.000122 0.168380 0.140839 0.690295 0.000364
