0.309112 0.688990 0.001898
0.072154 0.916243 0.011602
0.011034 0.785466 0.203500
0.036831 0.953559 0.009610
0.054402 0.900943 0.044655
0.382548 0.617002 0.000450
0.345192 0.654765 0.000043
0.051060 0.947632 0.001308
0.998977 0.001023 0.000000
0.007061 0.604948 0.387991
0.000000 0.001690 0.998310
0.010686 0.971835 0.017480
0.000001 0.402335 0.597664
0.025698 0.961654 0.012648
0.000155 0.133335 0.866510
0.129537 0.864292 0.006171
0.000177 0.175381 0.824442
0.189275 0.802966 0.007759
0.251791 0.741216 0.006993
0.000015 0.510428 0.489557
0.000177 0.029004 0.970819
0.150944 0.813272 0.035784
0.000929 0.778321 0.220751
0.000173 0.594084 0.405743
0.378383 0.611886 0.009731
0.109293 0.880962 0.009744
0.000022 0.756925 0.243054
0.884552 0.115407 0.000041
0.009142 0.959072 0.031786
0.000000 0.045626 0.954374
0.983069 0.016925 0.000006
0.000018 0.233500 0.766482
0.093637 0.891301 0.015061
0.091698 0.863101 0.045202
0.000029 0.433541 0.566430
0.997854 0.002142 0.000004
0.160496 0.809528 0.029976
0.101271 0.888916 0.009813
0.007489 0.969109 0.023402
0.219427 0.761830 0.018743
0.000015 0.169314 0.830672
0.000269 0.499527 0.500204
0.865099 0.134900 0.000001
0.000397 0.752590 0.247013
0.643609 0.355955 0.000436
0.000000 0.000111 0.999889
0.012104 0.965093 0.022803
0.384432 0.613994 0.001574
0.034991 0.816865 0.148144
0.000000 0.096506 0.903493
0.069864 0.926006 0.004129
0.010579 0.963767 0.025654
0.983837 0.016160 0.000003
0.197280 0.777687 0.025033
0.108594 0.886290 0.005116
0.000000 0.000088 0.999912
0.882415 0.115960 0.001624
0.000188 0.018745 0.981066
0.099562 0.794492 0.105946
0.921659 0.078336 0.000004
0.013787 0.832064 0.154148
0.043453 0.949517 0.007030
0.007624 0.985634 0.006742
0.254153 0.735557 0.010290
0.000026 0.231115 0.768859
0.299570 0.698978 0.001452
0.002762 0.742743 0.254495
0.000073 0.621651 0.378276
0.008198 0.468770 0.523032
0.999883 0.000117 0.000000
0.213557 0.784182 0.002261
0.999470 0.000530 0.000000
0.092176 0.903099 0.004725
0.709527 0.290422 0.000051
0.911500 0.088456 0.000044
0.000000 0.040959 0.959041
0.000466 0.606639 0.392895
0.000346 0.945732 0.053921
0.001420 0.707649 0.290931
0.003409 0.856726 0.139865
0.000018 0.186092 0.813890
0.026795 0.961663 0.011543
0.000014 0.264079 0.735907
0.213239 0.782471 0.004290
0.005168 0.112123 0.882709
0.024393 0.968361 0.007246
0.189467 0.807924 0.002609
0.005199 0.983679 0.011122
0.000017 0.171824 0.828158
0.929351 0.070627 0.000022
0.006073 0.887715 0.106212
0.004159 0.958247 0.037594
0.149337 0.844131 0.006532
0.106782 0.856028 0.037190
0.000185 0.020566 0.979249
0.019051 0.965575 0.015375
0.000000 0.000003 0.999997
0.159018 0.837103 0.003879
0.505211 0.494079 0.000710
0.041146 0.937997 0.020856
0.107113 0.890771 0.002115
0.127515 0.871885 0.000600
0.111576 0.854432 0.033991
0.439284 0.560703 0.000013
0.000000 0.002076 0.997924
0.156599 0.795765 0.047636
0.044744 0.862585 0.092670
0.864193 0.135266 0.000541
0.223289 0.776235 0.000475
0.438861 0.561127 0.000012
0.000335 0.060779 0.938886
0.013298 0.950360 0.036342
0.000000 0.000757 0.999243
0.996834 0.003162 0.000004
0.969976 0.030017 0.000006
0.002505 0.455676 0.541818
0.122546 0.872610 0.004844
0.006447 0.983472 0.010081
0.795769 0.203869 0.000363
0.125999 0.872206 0.001795
0.000156 0.015522 0.984322
0.000000 0.000889 0.999111
0.300426 0.699077 0.000497
0.172374 0.825671 0.001955
0.005710 0.766215 0.228075
0.614002 0.385632 0.000367
0.451547 0.548235 0.000218
0.062412 0.894774 0.042814
0.981426 0.018556 0.000018
0.248732 0.734949 0.016319
0.121951 0.819585 0.058463
0.021589 0.881782 0.096629
0.096986 0.889685 0.013329
0.000114 0.443409 0.556478
0.804307 0.195541 0.000152
0.930838 0.069139 0.000023
0.968309 0.031687 0.000004
0.022120 0.816128 0.161752
0.080829 0.882659 0.036512
0.072772 0.799768 0.127460
0.698812 0.286427 0.014761
0.101360 0.895674 0.002966
0.878445 0.121505 0.000050
0.008029 0.986219 0.005752
0.216657 0.763513 0.019829
0.994079 0.005906 0.000016
0.388984 0.609570 0.001445
0.000908 0.902963 0.096129
0.058479 0.935638 0.005883
0.035242 0.937177 0.027582
0.000071 0.146837 0.853093
0.533726 0.465364 0.000909
0.101103 0.870019 0.028878
0.116107 0.882414 0.001479
0.356428 0.640812 0.002761
0.025213 0.903898 0.070889
0.002133 0.850546 0.147321
0.000087 0.656244 0.343668
0.032164 0.929778 0.038058
0.563916 0.434171 0.001913
0.997231 0.002769 0.000000
0.001274 0.393263 0.605463
0.277142 0.714592 0.008266
0.013459 0.948155 0.038386
0.426125 0.572812 0.001063
0.949070 0.050871 0.000060
0.182747 0.808168 0.009085
0.099997 0.889051 0.010952
0.059590 0.932923 0.007487
0.015037 0.863866 0.121097
0.036437 0.084821 0.878743
0.834873 0.164897 0.000230
0.607430 0.391793 0.000776
0.778972 0.220826 0.000202
0.116691 0.836180 0.047129
0.999803 0.000197 0.000000
0.028268 0.968396 0.003336
0.049559 0.933773 0.016668
0.228493 0.754624 0.016884
0.000060 0.092851 0.907089
0.998162 0.001838 0.000000
0.000003 0.006595 0.993402
0.970665 0.029096 0.000239
0.000014 0.052153 0.947833
0.000297 0.395897 0.603806
0.995514 0.004485 0.000001
0.092830 0.858764 0.048407
0.000122 0.937607 0.062271
0.000000 0.000138 0.999862
0.035721 0.888596 0.075683
0.000052 0.712769 0.287180
0.373722 0.625300 0.000977
0.002849 0.984116 0.013036
0.999956 0.000044 0.000000
0.103401 0.894002 0.002596
0.000001 0.103715 0.896284
0.869330 0.130601 0.000069
0.800973 0.198880 0.000147
0.001957 0.063996 0.934047
0.099199 0.899369 0.001433
0.632031 0.326505 0.041463
0.001091 0.716921 0.281989
0.628927 0.370950 0.000123
0.000000 0.024669 0.975331
0.021146 0.968788 0.010065
0.339906 0.653949 0.006145
0.003018 0.984563 0.012419
0.007499 0.969220 0.023281
0.015562 0.939566 0.044872
0.138760 0.861144 0.000096
0.997790 0.002206 0.000004
0.009475 0.826030 0.164495
0.002993 0.154212 0.842795
0.000000 0.000051 0.999949
0.000000 0.015228 0.984772
0.408057 0.589805 0.002138
0.131210 0.867754 0.001036
0.098023 0.891348 0.010629
0.345987 0.649836 0.004177
0.962516 0.036042 0.001442
0.350065 0.646596 0.003339
0.326634 0.667459 0.005908
0.000323 0.968247 0.031430
0.192267 0.725212 0.082521
0.013621 0.361770 0.624609
0.319314 0.679394 0.001292
0.313080 0.686269 0.000651
0.000002 0.304615 0.695383
0.268062 0.717292 0.014646
0.014009 0.981940 0.004052
0.119765 0.862754 0.017482
0.958768 0.040886 0.000346
0.036696 0.944537 0.018767
0.999507 0.000493 0.000000
0.002027 0.119675 0.878298
0.726932 0.272889 0.000179
0.000019 0.612028 0.387953
0.000000 0.010689 0.989311
0.710205 0.286428 0.003367
0.014782 0.862183 0.123035
0.965365 0.034633 0.000002
0.037232 0.953174 0.009594
0.000627 0.964124 0.035249
0.026035 0.963709 0.010256
0.998583 0.001417 0.000000
0.240718 0.750997 0.008285
0.000438 0.983685 0.015877
0.000524 0.857391 0.142084
0.839768 0.160127 0.000105
0.000259 0.970804 0.028937
0.479129 0.520813 0.000058
0.000645 0.870559 0.128796
0.008009 0.965430 0.026560
0.005005 0.988579 0.006416
0.462570 0.537405 0.000025
0.237254 0.746970 0.015776
0.347267 0.649107 0.003626
0.000004 0.129876 0.870120
0.022974 0.839296 0.137730
0.000025 0.809396 0.190579
0.004497 0.862685 0.132817
0.198199 0.800533 0.001267
0.000048 0.829103 0.170849
0.964602 0.035381 0.000017
0.742218 0.257380 0.000402
0.153314 0.846369 0.000317
0.179151 0.467909 0.352940
0.295307 0.696226 0.008466
0.031512 0.812611 0.155877
0.085870 0.895497 0.018634
0.000643 0.889705 0.109652
0.141910 0.853666 0.004424
0.789293 0.210643 0.000064
0.170837 0.756463 0.072701
0.062182 0.882706 0.055112
0.000148 0.303818 0.696034
0.225936 0.770142 0.003922
0.529396 0.470073 0.000531
0.000011 0.320425 0.679564
0.023586 0.973277 0.003137
0.089347 0.890192 0.020462
0.087807 0.907453 0.004740
0.102006 0.892943 0.005051
0.035294 0.962991 0.001714
0.113704 0.866934 0.019361
0.468052 0.531092 0.000856
0.000008 0.025361 0.974631
0.000378 0.955767 0.043855
0.000136 0.918424 0.081440
0.044479 0.929605 0.025916
0.209019 0.780956 0.010025
0.529333 0.470474 0.000193
0.980441 0.019559 0.000000
0.000594 0.811478 0.187927
0.324613 0.673471 0.001917
0.366311 0.632412 0.001277
0.000007 0.013148 0.986845
0.092281 0.844143 0.063576
0.973394 0.026602 0.000004
0.001083 0.377614 0.621302
0.775024 0.224666 0.000309
0.309518 0.682768 0.007714
0.467602 0.532173 0.000224
0.024615 0.965061 0.010325
0.043551 0.954238 0.002211
0.075701 0.850465 0.073835
0.193942 0.766522 0.039535
0.142107 0.856530 0.001364
0.000132 0.894498 0.105370
0.042542 0.948944 0.008515
0.999804 0.000196 0.000000
0.047984 0.941110 0.010906
0.079822 0.801605 0.118573
0.003397 0.982400 0.014203
0.000001 0.157221 0.842778
0.296959 0.694799 0.008242
0.000000 0.032623 0.967377
0.981291 0.018709 0.000000
0.224702 0.774464 0.000834
0.004793 0.899219 0.095988
0.174309 0.657891 0.167800
0.350006 0.649030 0.000964
0.000030 0.363384 0.636586
0.003370 0.911854 0.084775
0.002123 0.992633 0.005243
0.996416 0.003571 0.000013
0.020795 0.971874 0.007331
0.000038 0.113043 0.886919
0.012365 0.817274 0.170361
0.461141 0.537073 0.001785
0.070331 0.924088 0.005581
0.804972 0.147964 0.047064
0.001783 0.578284 0.419934
0.831254 0.168622 0.000124
0.256927 0.728574 0.014499
0.999984 0.000016 0.000000
0.986485 0.013514 0.000000
0.988151 0.011793 0.000055
0.039800 0.953514 0.006686
0.000495 0.969265 0.030240
0.005893 0.729135 0.264972
0.943186 0.056803 0.000011
0.846759 0.134010 0.019231
0.000459 0.720606 0.278935
0.000033 0.301120 0.698847
0.055628 0.929382 0.014990
0.952428 0.047553 0.000019
0.554379 0.445033 0.000588
0.095517 0.891073 0.013410
0.022853 0.847019 0.130129
0.980110 0.019889 0.000001
0.946785 0.053153 0.000062
0.039315 0.952108 0.008577
0.141461 0.845779 0.012760
0.997310 0.002690 0.000000
0.000454 0.543007 0.456539
0.993735 0.006264 0.000001
0.001090 0.888191 0.110719
0.008440 0.917056 0.074504
0.305459 0.694502 0.000039
0.000421 0.927743 0.071836
0.104867 0.795788 0.099345
0.412322 0.586423 0.001255
0.195799 0.800240 0.003960
0.041705 0.954627 0.003668
0.188126 0.811721 0.000153
0.142313 0.844401 0.013286
0.000469 0.891599 0.107932
0.285623 0.711326 0.003050
0.000093 0.530113 0.469794
0.995436 0.004564 0.000000
0.979678 0.019745 0.000577
0.000000 0.004116 0.995884
0.013739 0.969107 0.017154
0.000206 0.304988 0.694806
0.041158 0.906048 0.052794
0.004604 0.558423 0.436973
0.986653 0.013340 0.000007
0.067042 0.929316 0.003642
0.019475 0.861866 0.118659
0.000018 0.298216 0.701766
0.404993 0.594008 0.000999
0.031205 0.893898 0.074897
0.020708 0.839060 0.140232
0.000000 0.085225 0.914775
0.001293 0.989653 0.009054
0.060328 0.917625 0.022047
0.235313 0.764350 0.000336
0.100873 0.898577 0.000550
0.384213 0.615612 0.000175
0.416938 0.583044 0.000019
0.000000 0.021489 0.978511
0.003413 0.681066 0.315521
0.014568 0.954472 0.030960
0.988532 0.011234 0.000233
0.948121 0.051879 0.000000
0.961872 0.038120 0.000008
0.302203 0.680558 0.017239
0.277771 0.687988 0.034241
0.557279 0.442510 0.000210
0.005328 0.748877 0.245795
0.020583 0.447743 0.531673
0.006695 0.969125 0.024180
0.252237 0.732459 0.015305
0.261189 0.470843 0.267967
0.006640 0.581500 0.411860
0.139959 0.859119 0.000922
0.999209 0.000791 0.000000
0.000178 0.181984 0.817838
0.338754 0.657001 0.004245
0.025202 0.965070 0.009728
0.000923 0.906009 0.093068
0.002976 0.553932 0.443092
0.019124 0.968296 0.012580
0.080001 0.887234 0.032765
0.848375 0.151530 0.000095
0.074772 0.718405 0.206823
0.052254 0.947236 0.000510
0.000000 0.090223 0.909777
0.003640 0.853445 0.142914
0.075043 0.871051 0.053906
0.942613 0.057384 0.000003
0.111266 0.874544 0.014191
0.013673 0.843568 0.142758
0.161304 0.836330 0.002366
0.864399 0.135581 0.000021
0.008087 0.864631 0.127282
0.008422 0.730552 0.261025
0.115529 0.873005 0.011465
0.187438 0.812484 0.000078
0.966831 0.033168 0.000002
0.105599 0.889174 0.005226
0.000020 0.799977 0.200003
0.284610 0.710268 0.005121
0.107365 0.879118 0.013517
0.000067 0.737042 0.262891
0.995795 0.004189 0.000016
0.001969 0.963072 0.034959
0.132541 0.824023 0.043436
0.963861 0.036136 0.000004
0.293421 0.699809 0.006771
0.129648 0.850693 0.019658
0.000289 0.328369 0.671342
0.000000 0.002738 0.997262
0.147617 0.850645 0.001737
0.004918 0.899101 0.095981
0.412911 0.586621 0.000468
0.000197 0.680476 0.319327
0.987345 0.012649 0.000006
0.299311 0.696763 0.003926
0.006940 0.984799 0.008262
0.363495 0.634391 0.002114
0.262291 0.734801 0.002908
0.088131 0.889760 0.022109
0.000009 0.004415 0.995577
0.058137 0.882165 0.059698
0.003035 0.397513 0.599452
0.025814 0.789754 0.184432
0.999968 0.000032 0.000000
0.001537 0.872128 0.126335
0.196232 0.802519 0.001249
0.095258 0.727932 0.176810
0.000264 0.957370 0.042366
0.590483 0.408406 0.001112
0.174303 0.824613 0.001083
0.001127 0.566941 0.431931
0.014592 0.661940 0.323468
0.847060 0.134985 0.017955
0.959969 0.039061 0.000970
0.015113 0.710755 0.274132
0.000038 0.530218 0.469744
0.418278 0.580681 0.001041
0.371950 0.626837 0.001213
0.013077 0.970672 0.016251
0.104679 0.890866 0.004455
0.028623 0.970203 0.001174
0.740246 0.257343 0.002411
0.868712 0.131044 0.000244
0.004437 0.961170 0.034393
0.445479 0.552958 0.001563
0.060724 0.848301 0.090975
0.909193 0.090766 0.000041
0.701454 0.298001 0.000545
0.265079 0.728326 0.006595
0.763419 0.232700 0.003881
0.265782 0.733242 0.000975
0.088391 0.860055 0.051554
0.193514 0.779833 0.026653
0.001768 0.980857 0.017375
0.176307 0.821269 0.002424
0.046558 0.951085 0.002357
0.023941 0.768285 0.207773
0.766351 0.233418 0.000230
0.840506 0.159411 0.000083
0.008931 0.525502 0.465567
0.000102 0.437564 0.562335
0.000144 0.829688 0.170168
0.271713 0.721497 0.006790
0.713183 0.285307 0.001511
0.372603 0.626074 0.001323
0.604159 0.395808 0.000032
0.562828 0.434515 0.002657
0.000025 0.846024 0.153950
0.999294 0.000705 0.000001
0.001193 0.926879 0.071929
0.005051 0.959824 0.035125
0.099171 0.888735 0.012094
0.035044 0.407873 0.557082
0.110188 0.886465 0.003347
0.999890 0.000110 0.000000
0.151529 0.833907 0.014564
0.000349 0.215079 0.784572
0.870545 0.126298 0.003158
0.210430 0.782292 0.007278
0.122514 0.877106 0.000380
0.986412 0.013588 0.000000
0.707575 0.292375 0.000051
0.000587 0.317645 0.681769
0.980646 0.019349 0.000005
0.994829 0.005171 0.000001
0.985676 0.014316 0.000008
0.000088 0.915992 0.083920
0.515018 0.484353 0.000629
0.976701 0.023277 0.000022
0.000526 0.877827 0.121647
0.024299 0.744022 0.231679
0.732060 0.267934 0.000006
0.245020 0.744647 0.010333
0.998060 0.001940 0.000000
0.009650 0.989495 0.000854
0.416567 0.582726 0.000707
0.090427 0.872934 0.036639
0.990079 0.009919 0.000001
0.013666 0.964897 0.021437
0.996132 0.003867 0.000001
0.000285 0.966167 0.033548
0.003463 0.971229 0.025308
0.245195 0.749640 0.005165
0.644082 0.355441 0.000477
0.001185 0.501186 0.497629
0.002944 0.661832 0.335224
0.031737 0.955998 0.012265
0.170851 0.794518 0.034632
0.617767 0.349485 0.032748
0.001171 0.503451 0.495378
0.301885 0.687934 0.010181
0.930930 0.069036 0.000034
0.353629 0.643875 0.002496
0.404901 0.591490 0.003609
0.019561 0.384527 0.595912
0.006855 0.949133 0.044012
0.011268 0.954352 0.034380
0.013055 0.392684 0.594261
0.985227 0.014689 0.000084
0.213975 0.775363 0.010662
0.056642 0.905648 0.037710
0.008671 0.989696 0.001633
0.003268 0.855901 0.140831
0.075940 0.900034 0.024026
0.993314 0.006685 0.000000
0.000159 0.023020 0.976821
0.943195 0.056801 0.000005
0.861523 0.138456 0.000020
0.000006 0.058678 0.941316
0.242632 0.738316 0.019053
0.088525 0.898460 0.013014
0.060547 0.101250 0.838203
0.005581 0.937184 0.057235
0.582087 0.417467 0.000446
0.729501 0.269399 0.001100
0.000015 0.190382 0.809603
0.001136 0.738955 0.259909
0.241147 0.744373 0.014480
0.549984 0.449953 0.000063
0.061371 0.934716 0.003913
0.000775 0.975413 0.023812
0.193997 0.778557 0.027446
0.133786 0.862869 0.003345
0.050569 0.902582 0.046849
0.169130 0.790211 0.040659
0.017257 0.950729 0.032014
0.001387 0.971076 0.027536
0.023524 0.918421 0.058055
0.089718 0.892512 0.017770
0.000627 0.440264 0.559109
0.000000 0.005839 0.994161
0.001056 0.806022 0.192922
0.034343 0.848357 0.117300
0.047225 0.949665 0.003109
0.146811 0.852389 0.000800
0.026775 0.941287 0.031938
0.098202 0.890804 0.010994
0.053593 0.938530 0.007877
0.353211 0.642834 0.003955
0.987697 0.012262 0.000041
0.095533 0.891499 0.012968
0.068401 0.926807 0.004792
0.276952 0.713493 0.009554
0.000093 0.140719 0.859188
0.282841 0.714674 0.002485
0.955944 0.042269 0.001787
0.040066 0.925134 0.034800
0.025076 0.958018 0.016906
0.005405 0.961936 0.032658
0.000845 0.981167 0.017988
0.159149 0.837751 0.003101
0.000052 0.407926 0.592022
0.361779 0.635379 0.002842
0.274213 0.713030 0.012757
0.143200 0.853214 0.003586
0.016850 0.979627 0.003524
0.057202 0.884824 0.057974
0.952971 0.047023 0.000006
0.052478 0.940585 0.006937
0.282087 0.712519 0.005394
0.040344 0.956747 0.002909
0.993243 0.006756 0.000001
0.286627 0.706406 0.006967
0.006328 0.828177 0.165495
0.218683 0.777598 0.003719
0.081069 0.915380 0.003551
0.001156 0.911940 0.086904
0.054636 0.883417 0.061946
0.000199 0.552119 0.447681
0.479193 0.520033 0.000774
0.002593 0.901928 0.095480
0.000000 0.006571 0.993429
0.041616 0.949468 0.008916
0.157286 0.804681 0.038033
0.002465 0.478114 0.519422
0.007616 0.976699 0.015686
0.000000 0.038254 0.961746
0.000008 0.339642 0.660350
0.005602 0.827088 0.167310
0.107806 0.879464 0.012731
0.002748 0.989063 0.008189
0.999017 0.000983 0.000000
0.042884 0.949678 0.007438
0.293963 0.705825 0.000212
0.001381 0.997722 0.000898
0.911153 0.088832 0.000014
0.022904 0.841044 0.136052
0.389582 0.610207 0.000212
0.017028 0.929603 0.053369
0.602703 0.397273 0.000023
0.101947 0.888924 0.009129
0.006799 0.958281 0.034920
0.299603 0.693792 0.006605
0.019850 0.978140 0.002010
0.002742 0.890926 0.106332
0.998897 0.001103 0.000000
0.022425 0.951012 0.026564
0.003487 0.995297 0.001216
0.032366 0.932490 0.035143
0.000000 0.007354 0.992646
0.182111 0.776590 0.041299
0.092346 0.886609 0.021045
0.171078 0.828550 0.000372
0.156317 0.811055 0.032627
0.935490 0.064504 0.000006
0.143329 0.855833 0.000838
0.336513 0.662310 0.001176
0.000154 0.342157 0.657688
0.999902 0.000098 0.000000
0.992352 0.007448 0.000200
0.432666 0.567175 0.000159
0.388571 0.610377 0.001052
0.178237 0.815969 0.005794
0.174663 0.821813 0.003524
0.982878 0.017122 0.000000
0.920585 0.078134 0.001281
0.006514 0.975583 0.017903
0.996025 0.003975 0.000000
0.019793 0.935811 0.044396
0.999951 0.000049 0.000000
0.908243 0.091754 0.000003
0.005643 0.990075 0.004281
0.992119 0.007856 0.000025
0.021499 0.973759 0.004742
0.000726 0.944902 0.054373
0.978815 0.021173 0.000012
0.260879 0.737860 0.001261
0.007374 0.962032 0.030594
0.000167 0.213156 0.786676
0.773682 0.151231 0.075088
0.084604 0.911206 0.004190
0.954966 0.044582 0.000452
0.801908 0.197978 0.000114
0.999961 0.000039 0.000000
0.115217 0.861920 0.022863
0.166815 0.803965 0.029220
0.997619 0.002381 0.000000
0.982685 0.017311 0.000004
0.071545 0.926720 0.001735
0.182282 0.798940 0.018778
0.066523 0.888681 0.044796
0.003308 0.932862 0.063830
0.140948 0.855135 0.003917
0.018773 0.968026 0.013202
0.002976 0.517624 0.479400
0.987470 0.012529 0.000000
0.114916 0.854067 0.031017
0.000178 0.197129 0.802693
0.000116 0.949251 0.050633
0.046807 0.876574 0.076619
0.042780 0.938927 0.018293
0.009675 0.623557 0.366768
0.796812 0.202235 0.000953
0.228560 0.764273 0.007167
0.064653 0.879794 0.055553
0.073134 0.909441 0.017426
0.990694 0.009301 0.000005
0.015332 0.830579 0.154090
0.744037 0.255955 0.000007
0.316941 0.682939 0.000119
0.983709 0.016291 0.000000
0.026925 0.952129 0.020946
0.188434 0.809190 0.002375
0.000197 0.575399 0.424404
0.380210 0.618940 0.000850
0.009091 0.987987 0.002922
0.291317 0.706476 0.002207
0.010203 0.651612 0.338185
0.000011 0.064188 0.935801
0.058517 0.883037 0.058446
0.100706 0.870257 0.029037
0.038252 0.857456 0.104292
0.794045 0.205492 0.000463
0.936515 0.062783 0.000702
0.044925 0.946462 0.008613
0.002900 0.921604 0.075496
0.557992 0.441911 0.000096
0.143747 0.844278 0.011975
0.117723 0.879810 0.002466
0.057738 0.834387 0.107876
0.000000 0.000336 0.999664
0.758946 0.152673 0.088381
0.754299 0.245541 0.000160
0.001763 0.664634 0.333603
0.014119 0.701712 0.284169
0.261277 0.724120 0.014604
0.994015 0.005985 0.000000
0.940556 0.058748 0.000695
0.035872 0.697574 0.266554
0.024574 0.834122 0.141304
0.005785 0.969873 0.024343
0.331334 0.663013 0.005653
0.911627 0.088369 0.000004
0.999937 0.000063 0.000000
0.293199 0.699487 0.007314
0.190781 0.791676 0.017543
0.000002 0.165585 0.834414
0.402488 0.597486 0.000027
0.014438 0.616919 0.368644
0.106012 0.878310 0.015678
0.012849 0.939865 0.047286
0.990044 0.009956 0.000000
0.000713 0.677979 0.321308
0.000000 0.000677 0.999323
0.000146 0.929155 0.070699
0.088713 0.907376 0.003910
0.019702 0.957562 0.022736
0.000000 0.137359 0.862641
0.009642 0.954743 0.035615
0.080179 0.917361 0.002460
0.010226 0.966598 0.023176
0.071644 0.878057 0.050299
0.013670 0.983163 0.003167
0.004551 0.977766 0.017683
0.970842 0.029157 0.000001
0.000281 0.104583 0.895136
0.000000 0.000472 0.999528
0.004451 0.599033 0.396516
0.021405 0.896421 0.082175
0.000000 0.007332 0.992668
0.425035 0.574144 0.000821
0.106614 0.888046 0.005340
0.220545 0.760340 0.019115
0.016153 0.865275 0.118572
0.081146 0.890743 0.028111
0.094413 0.897782 0.007805
0.110543 0.606765 0.282692
0.043326 0.810213 0.146461
0.085285 0.908167 0.006548
0.011626 0.969568 0.018805
0.306049 0.692565 0.001386
0.225656 0.756665 0.017679
0.985184 0.014762 0.000055
0.067797 0.874234 0.057969
0.652324 0.347280 0.000395
0.188769 0.807840 0.003391
0.130032 0.868464 0.001504
0.097783 0.896602 0.005615
0.000132 0.670952 0.328916
0.002777 0.632084 0.365140
0.928714 0.071251 0.000035
0.000239 0.793979 0.205782
0.959938 0.039793 0.000269
0.089990 0.895134 0.014876
0.372765 0.625232 0.002003
0.000067 0.602744 0.397189
0.851412 0.147797 0.000791
0.899436 0.100502 0.000062
0.000001 0.002616 0.997383
0.379424 0.617381 0.003194
0.000373 0.472296 0.527331
0.812712 0.185227 0.002061
0.010733 0.945828 0.043439
0.017889 0.820135 0.161976
0.999395 0.000605 0.000000
0.001059 0.597550 0.401391
0.836239 0.163759 0.000003
0.002025 0.915440 0.082535
0.991594 0.008389 0.000017
0.021385 0.795878 0.182737
0.007201 0.967805 0.024994
0.990556 0.009412 0.000032
0.000009 0.116584 0.883407
0.004467 0.957323 0.038210
0.024707 0.974810 0.000483
0.522764 0.477164 0.000072
0.737704 0.260455 0.001841
0.106049 0.887426 0.006525
0.600170 0.399357 0.000473
0.001356 0.572836 0.425808
0.095206 0.857720 0.047074
0.030740 0.965744 0.003517
0.000000 0.015979 0.984021
0.202788 0.787284 0.009928
0.017878 0.876028 0.106093
0.033498 0.249725 0.716777
0.000026 0.915800 0.084174
0.347576 0.648689 0.003734
0.507305 0.491999 0.000696
0.028044 0.497210 0.474745
0.000489 0.084963 0.914548
0.790561 0.208551 0.000888
0.010101 0.946693 0.043206
0.114678 0.871394 0.013928
0.007833 0.963397 0.028769
0.004790 0.747401 0.247809
0.988529 0.011471 0.000001
0.004167 0.753100 0.242733
0.003264 0.921226 0.075510
0.507023 0.492825 0.000152
0.063560 0.935837 0.000603
0.252344 0.746773 0.000883
0.121552 0.871908 0.006540
0.999863 0.000137 0.000000
0.002600 0.916532 0.080868
0.812944 0.139670 0.047386
0.146113 0.802631 0.051256
0.646430 0.353211 0.000360
0.849831 0.150156 0.000013
0.000001 0.186689 0.813309
0.989833 0.010166 0.000002
0.000001 0.043014 0.956985
0.999778 0.000221 0.000001
0.374459 0.624070 0.001472
0.963903 0.036089 0.000009
0.659066 0.340569 0.000365
0.000001 0.080165 0.919834
0.040845 0.948970 0.010184
0.390830 0.608640 0.000530
0.570695 0.428651 0.000654
0.139939 0.855397 0.004664
0.057900 0.941052 0.001047
0.000000 0.002793 0.997207
0.000722 0.880295 0.118983
0.000002 0.067327 0.932671
0.003753 0.895385 0.100862
0.006215 0.584860 0.408925
0.723459 0.276307 0.000234
0.023997 0.962520 0.013483
0.285697 0.711696 0.002607
0.000010 0.303056 0.696934
0.908007 0.091986 0.000007
0.031133 0.776630 0.192237
0.646952 0.352779 0.000270
0.122570 0.877365 0.000065
0.994501 0.005499 0.000000
0.066904 0.931703 0.001393
0.000146 0.780968 0.218886
0.000028 0.125399 0.874573
0.846329 0.153650 0.000021
0.023620 0.930652 0.045728
0.950526 0.046869 0.002605
0.075335 0.871958 0.052708
0.004070 0.822151 0.173779
0.279129 0.715604 0.005267
0.009685 0.976949 0.013366
0.392680 0.604419 0.002901
0.000096 0.703850 0.296055
0.992059 0.007941 0.000001
0.002387 0.924350 0.073263
0.010264 0.920948 0.068788
0.081307 0.835770 0.082924
0.000776 0.984593 0.014631
0.000001 0.045898 0.954101
0.123934 0.875354 0.000712
0.992954 0.007045 0.000001
0.004640 0.986453 0.008906
0.327837 0.666481 0.005682
0.001531 0.917946 0.080523
0.999219 0.000781 0.000000
0.208328 0.771241 0.020431
0.469397 0.527867 0.002735
0.984787 0.015213 0.000000
0.090337 0.890316 0.019347
0.013967 0.876388 0.109645
0.000544 0.512282 0.487174
0.577778 0.422211 0.000012
0.135437 0.862966 0.001596
0.997539 0.002436 0.000025
0.002079 0.979406 0.018515
0.996242 0.003748 0.000011
0.000054 0.896413 0.103533
0.000058 0.871712 0.128231
0.450243 0.454903 0.094854
0.000000 0.001531 0.998469
0.302637 0.694896 0.002467
0.116804 0.876261 0.006936
0.355836 0.644052 0.000112
0.008894 0.865847 0.125259
0.093125 0.906309 0.000565
0.460636 0.538605 0.000758
0.160805 0.838994 0.000201
0.157185 0.827159 0.015656
0.942929 0.057055 0.000016
0.020707 0.869501 0.109792
0.352520 0.644520 0.002960
0.624989 0.374860 0.000151
0.001997 0.990310 0.007693
0.904766 0.095225 0.000009
0.003124 0.776502 0.220374
0.117009 0.875505 0.007486
0.310750 0.687489 0.001761
0.012864 0.941828 0.045308
0.439232 0.560445 0.000323
0.000371 0.456097 0.543532
0.297146 0.693977 0.008876
0.026355 0.895239 0.078406
0.120440 0.878603 0.000957
0.999991 0.000009 0.000000
0.084147 0.888987 0.026866
0.000001 0.045043 0.954955
0.774038 0.225935 0.000028
0.900421 0.099565 0.000015
0.364149 0.633789 0.002061
0.000052 0.325522 0.674426
0.035832 0.910958 0.053210
0.000410 0.705201 0.294389
0.246123 0.752864 0.001013
0.051349 0.947522 0.001129
0.002998 0.709027 0.287975
0.049605 0.931614 0.018781
0.000473 0.772954 0.226574
0.000413 0.775133 0.224454
0.507593 0.484784 0.007623
0.465376 0.534604 0.000020
0.828245 0.140689 0.031066
0.101658 0.890662 0.007680
0.825635 0.174264 0.000101
0.000063 0.520740 0.479198
0.013856 0.786555 0.199590
0.000000 0.000590 0.999410
0.301361 0.689831 0.008808
0.947258 0.052741 0.000002
0.340989 0.658919 0.000093
0.005185 0.986095 0.008720
0.109727 0.887851 0.002422
0.229668 0.770177 0.000155
0.025309 0.960711 0.013980
0.003381 0.953561 0.043058
0.931837 0.068106 0.000056
0.592880 0.317294 0.089826
0.286830 0.701858 0.011312
0.262653 0.729596 0.007750
0.015331 0.967894 0.016775
0.203555 0.792565 0.003880
0.999684 0.000316 0.000000
0.000000 0.026300 0.973700
0.007566 0.921332 0.071102
0.272918 0.715806 0.011276
0.372795 0.622427 0.004778
0.997303 0.002697 0.000000
0.000313 0.791701 0.207986
0.003897 0.989578 0.006525
0.000441 0.604440 0.395119
0.985284 0.014367 0.000349
0.063470 0.929909 0.006621
0.024874 0.963267 0.011859
0.024830 0.933254 0.041915
0.955632 0.044363 0.000005
0.011963 0.780057 0.207980
0.628632 0.370956 0.000413
0.000091 0.933048 0.066861
0.000214 0.957493 0.042293
0.000000 0.000246 0.999754
0.000000 0.014708 0.985292
0.132087 0.865268 0.002645
0.070481 0.926399 0.003120
0.996561 0.003439 0.000000
0.968825 0.031164 0.000010
0.013067 0.983886 0.003047
0.001212 0.931489 0.067300
0.003504 0.585508 0.410988
0.319178 0.673327 0.007495
0.341676 0.657207 0.001116
0.000827 0.911532 0.087641
0.042511 0.914532 0.042957
0.027340 0.964754 0.007906
0.132772 0.862833 0.004395
0.983675 0.016321 0.000004
0.137377 0.854736 0.007887
0.703696 0.288822 0.007482
0.001374 0.419168 0.579458
0.009492 0.812714 0.177794
0.235346 0.751301 0.013353
0.190915 0.747393 0.061692
0.006250 0.794470 0.199280
0.999900 0.000100 0.000000
0.008263 0.966932 0.024805
0.000002 0.059226 0.940772
0.017529 0.940834 0.041637
0.001877 0.708666 0.289457
0.838462 0.161399 0.000139
0.000000 0.000465 0.999535
0.000535 0.796524 0.202941
0.247066 0.750440 0.002494
0.105003 0.892560 0.002437
0.133288 0.859280 0.007432
0.002844 0.757484 0.239671
0.159963 0.837439 0.002598
0.034864 0.718129 0.247008
0.033681 0.956360 0.009959
0.000002 0.012393 0.987605
0.079825 0.920071 0.000104
0.999847 0.000153 0.000000
0.000097 0.651269 0.348634
0.208446 0.711954 0.079600
0.762293 0.237690 0.000017
0.806286 0.193565 0.000148
0.001874 0.666054 0.332072
0.929025 0.070934 0.000041
0.024265 0.954451 0.021285
0.146061 0.717751 0.136188
0.956342 0.043646 0.000012
0.033854 0.894124 0.072022
0.000158 0.950617 0.049225
0.008470 0.960597 0.030932
0.035961 0.838531 0.125507
0.000033 0.858581 0.141386
0.018653 0.968855 0.012492
0.067286 0.845228 0.087487
0.354999 0.642548 0.002453
0.001161 0.980988 0.017851
0.046989 0.867517 0.085494
0.942686 0.057310 0.000004
0.074542 0.862783 0.062675
0.679498 0.320400 0.000103
0.001239 0.939899 0.058862
0.451978 0.543771 0.004252
0.405938 0.443223 0.150839
0.108926 0.889065 0.002009
0.000237 0.411003 0.588760
0.011571 0.983598 0.004831
0.025866 0.944573 0.029561
0.291661 0.706290 0.002049
0.001355 0.146967 0.851677
0.000019 0.345796 0.654185
0.378186 0.620833 0.000981
0.672099 0.327890 0.000012
0.000000 0.000781 0.999219
0.000124 0.934651 0.065225
0.764817 0.148642 0.086541
0.996470 0.003530 0.000000
0.418763 0.438366 0.142871
0.001133 0.784257 0.214609
0.263859 0.727890 0.008251
0.403491 0.596433 0.000076
0.760594 0.230065 0.009340
0.683168 0.316534 0.000299
0.937418 0.062496 0.000086
0.105048 0.891829 0.003123
0.114659 0.797680 0.087661
0.841004 0.158666 0.000330
0.067484 0.929205 0.003311
0.000173 0.188995 0.810832
0.035359 0.956312 0.008329
0.087647 0.872139 0.040214
0.151592 0.844559 0.003849
0.659607 0.340306 0.000088
0.315482 0.679167 0.005350
0.885581 0.113588 0.000830
0.005644 0.635208 0.359148
0.000046 0.883413 0.116541
0.998443 0.001550 0.000008
0.001528 0.969222 0.029249
0.997259 0.002706 0.000035
0.982131 0.017866 0.000003
0.000004 0.345486 0.654510
0.542523 0.393368 0.064109
0.136451 0.823131 0.040418
0.229003 0.768314 0.002683
0.739040 0.260706 0.000254
0.160479 0.837411 0.002110
0.008615 0.202197 0.789188
0.007727 0.524259 0.468014
0.167082 0.832792 0.000125
0.390065 0.609868 0.000067
0.125813 0.872017 0.002169
0.050538 0.944697 0.004764
0.000192 0.901334 0.098474
0.466251 0.533599 0.000150
0.327985 0.670859 0.001156
0.553571 0.445880 0.000549
0.996457 0.003543 0.000000
0.175557 0.823502 0.000941
0.025395 0.842332 0.132273
0.200132 0.797276 0.002592
0.064373 0.923986 0.011641
0.000371 0.506649 0.492980
0.025635 0.963735 0.010630
0.003040 0.941027 0.055933
0.999587 0.000413 0.000000
0.009021 0.941720 0.049259
0.074645 0.920190 0.005165
0.000071 0.172951 0.826978
0.006759 0.951951 0.041291
0.060607 0.917329 0.022064
0.117883 0.793965 0.088151
0.004590 0.817139 0.178272
0.115487 0.884411 0.000102
0.028680 0.857560 0.113759
0.257327 0.729728 0.012944
0.733156 0.262067 0.004777
0.601246 0.398024 0.000730
0.344993 0.650732 0.004275
0.467013 0.532764 0.000223
0.073300 0.912636 0.014064
0.055026 0.938217 0.006758
0.144893 0.769280 0.085827
0.018053 0.617909 0.364038
0.230473 0.767260 0.002267
0.999829 0.000171 0.000000
0.710014 0.278294 0.011691
0.329022 0.670860 0.000118
0.335756 0.659508 0.004736
0.229031 0.765833 0.005137
0.384306 0.608368 0.007326
0.527961 0.471166 0.000873
0.088655 0.898215 0.013129
0.595973 0.404023 0.000004
0.000000 0.023608 0.976392
0.012404 0.965719 0.021878
0.002247 0.804421 0.193332
0.110295 0.821079 0.068626
0.000386 0.550691 0.448923
0.002332 0.625160 0.372508
0.292789 0.706934 0.000278
0.950873 0.049126 0.000001
0.000139 0.278573 0.721288
0.978243 0.020882 0.000875
0.105135 0.871121 0.023744
0.020881 0.976174 0.002945
0.182673 0.813115 0.004212
0.079287 0.894395 0.026318
0.965255 0.034743 0.000002
0.376791 0.622495 0.000714
0.001136 0.780955 0.217909
0.025211 0.914472 0.060317
0.031560 0.867660 0.100781
0.971148 0.028846 0.000006
0.154618 0.181150 0.664232
0.000001 0.025623 0.974377
0.017127 0.980203 0.002670
0.001065 0.901001 0.097934
0.041373 0.540447 0.418180
0.000002 0.003851 0.996147
0.000010 0.429022 0.570968
0.122923 0.871455 0.005622
0.059186 0.932179 0.008634
0.999188 0.000812 0.000001
0.000226 0.957589 0.042185
0.999992 0.000008 0.000000
0.307993 0.683381 0.008626
0.002791 0.519264 0.477945
0.003065 0.910463 0.086472
0.173973 0.825643 0.000383
0.028570 0.716271 0.255160
0.993303 0.006695 0.000002
0.302943 0.687496 0.009561
0.786039 0.213923 0.000038
0.142539 0.853754 0.003707
0.101158 0.888046 0.010796
0.000001 0.053886 0.946112
0.000011 0.005576 0.994413
0.073186 0.921324 0.005489
0.474491 0.525333 0.000176
0.001443 0.982246 0.016311
0.177026 0.811422 0.011552
0.036973 0.469641 0.493385
0.410520 0.589259 0.000220
0.245402 0.725159 0.029440
0.054647 0.881203 0.064150
0.148191 0.825415 0.026394
0.999931 0.000069 0.000000
0.238973 0.759878 0.001149
0.023027 0.764481 0.212492
0.000541 0.985114 0.014345
0.953774 0.046224 0.000001
0.050448 0.843129 0.106424
0.000129 0.940260 0.059611
0.089010 0.894940 0.016050
0.000528 0.950043 0.049429
0.000138 0.137471 0.862391
0.002938 0.938081 0.058980
0.000057 0.205770 0.794173
0.052456 0.941537 0.006007
0.087969 0.896848 0.015183
0.064202 0.929010 0.006788
0.021430 0.552505 0.426064
0.000000 0.000394 0.999606
0.011819 0.787433 0.200749
0.021605 0.825676 0.152719
0.365261 0.633091 0.001648
0.900559 0.099432 0.000009
0.004142 0.992557 0.003301
0.000115 0.707670 0.292215
0.000000 0.052698 0.947302
0.776571 0.223251 0.000178
0.068458 0.893408 0.038133
0.999685 0.000315 0.000000
0.006725 0.987639 0.005636
0.487503 0.511601 0.000896
0.032362 0.963542 0.004096
0.999970 0.000030 0.000000
0.041849 0.936741 0.021410
0.017342 0.966874 0.015784
0.009111 0.820068 0.170822
0.142826 0.794407 0.062766
0.995492 0.004503 0.000006
0.939651 0.060344 0.000005
0.863131 0.136824 0.000045
0.000000 0.000378 0.999622
0.646968 0.352638 0.000394
0.827586 0.166849 0.005565
0.999710 0.000290 0.000000
0.152825 0.736745 0.110431
0.154250 0.844353 0.001397
0.012935 0.964581 0.022484
0.000001 0.065133 0.934866
0.009379 0.700654 0.289966
0.189179 0.673610 0.137212
0.000004 0.225858 0.774138
0.994479 0.005521 0.000000
0.179121 0.820117 0.000763
0.000000 0.145206 0.854793
0.000001 0.314357 0.685643
0.996272 0.003728 0.000000
0.013575 0.923901 0.062524
0.277725 0.707002 0.015273
0.000268 0.510996 0.488736
0.028470 0.941252 0.030277
0.419320 0.580419 0.000261
0.126031 0.858257 0.015712
0.379933 0.619185 0.000882
0.325012 0.674277 0.000711
0.000000 0.028175 0.971825
0.000541 0.870638 0.128821
0.985809 0.014191 0.000000
0.163997 0.831043 0.004960
0.173850 0.822212 0.003938
0.000001 0.102859 0.897140
0.174902 0.823676 0.001422
0.323571 0.670442 0.005987
0.928435 0.066904 0.004661
0.279283 0.708029 0.012687
0.029287 0.939031 0.031682
0.398393 0.600943 0.000664
0.968349 0.031441 0.000210
0.021083 0.965647 0.013270
0.057978 0.887102 0.054920
0.999908 0.000092 0.000000
0.003931 0.989168 0.006901
0.058335 0.918483 0.023181
0.205427 0.792828 0.001745
0.004607 0.650483 0.344910
0.899425 0.100523 0.000051
0.000000 0.026929 0.973070
0.040659 0.919494 0.039847
0.182844 0.815040 0.002116
0.087824 0.907277 0.004899
0.208139 0.789906 0.001955
0.269115 0.693376 0.037509
0.088823 0.910190 0.000987
0.990075 0.009925 0.000000
0.065983 0.924102 0.009915
0.866096 0.133839 0.000065
0.010262 0.913848 0.075890
0.248218 0.750331 0.001451
0.027977 0.939094 0.032928
0.098565 0.897402 0.004033
0.192796 0.777024 0.030180
0.053148 0.934919 0.011933
0.630706 0.293594 0.075700
0.026109 0.908426 0.065465
0.426153 0.570650 0.003197
0.000054 0.680456 0.319490
0.000120 0.046914 0.952966
0.000027 0.096781 0.903192
0.155436 0.174490 0.670074
0.000279 0.873103 0.126618
0.000190 0.995643 0.004167
0.022950 0.877634 0.099416
0.000000 0.007764 0.992236
0.980320 0.019675 0.000005
0.015333 0.916195 0.068472
0.229333 0.766557 0.004109
0.001274 0.712966 0.285760
0.125267 0.859565 0.015168
0.321213 0.678704 0.000083
0.159708 0.839443 0.000850
0.000000 0.089928 0.910072
0.005594 0.808987 0.185419
0.002647 0.455244 0.542109
0.006683 0.835090 0.158227
0.012904 0.967036 0.020059
0.016233 0.972203 0.011564
0.000003 0.033383 0.966614
0.146670 0.849343 0.003987
0.994499 0.005472 0.000029
0.000102 0.373454 0.626444
0.007239 0.729215 0.263546
0.049459 0.940806 0.009734
0.218268 0.780312 0.001421
0.000001 0.118396 0.881603
0.000339 0.743202 0.256459
0.771129 0.228627 0.000245
0.088733 0.902683 0.008583
0.005337 0.877803 0.116861
0.017150 0.969702 0.013148
0.242566 0.711689 0.045746
0.353611 0.642815 0.003574
0.081243 0.910692 0.008065
0.976061 0.023939 0.000000
0.112733 0.863941 0.023326
0.126075 0.869066 0.004858
0.941743 0.058157 0.000100
0.235911 0.762031 0.002058
0.037099 0.748178 0.214724
0.117678 0.882161 0.000162
0.000312 0.485185 0.514503
0.000001 0.108105 0.891894
0.004303 0.987117 0.008580
0.013710 0.806756 0.179534
0.000843 0.870766 0.128391
0.992693 0.007307 0.000000
0.000005 0.329432 0.670563
0.190565 0.799826 0.009608
0.059538 0.903082 0.037379
0.999854 0.000146 0.000000
0.398637 0.600812 0.000551
0.044992 0.920303 0.034705
0.002318 0.955718 0.041964
0.375228 0.623648 0.001124
0.008451 0.969616 0.021933
0.000029 0.650261 0.349710
0.080660 0.741455 0.177886
0.000018 0.368493 0.631489
0.061819 0.933379 0.004802
0.076821 0.898166 0.025013
0.000233 0.643597 0.356170
0.987047 0.012953 0.000000
0.000000 0.093745 0.906255
0.000743 0.978699 0.020557
0.000027 0.480774 0.519199
0.152773 0.843557 0.003670
0.207696 0.712877 0.079426
0.139558 0.847071 0.013371
0.936946 0.062967 0.000087
0.046949 0.942941 0.010110
0.426979 0.572549 0.000471
0.045710 0.906432 0.047858
0.999879 0.000121 0.000000
0.997956 0.002044 0.000000
0.981725 0.018274 0.000001
0.424256 0.574790 0.000955
0.104677 0.893306 0.002016
0.003839 0.941771 0.054390
0.000019 0.673873 0.326108
0.002892 0.806682 0.190426
0.000000 0.030078 0.969921
0.024229 0.950984 0.024787
0.992941 0.006926 0.000133
0.018432 0.977227 0.004341
0.305397 0.692867 0.001736
0.030112 0.945306 0.024583
0.374477 0.624034 0.001489
0.088421 0.863216 0.048363
0.006592 0.989068 0.004339
0.026513 0.959410 0.014077
0.054603 0.883736 0.061661
0.995164 0.004834 0.000002
0.999485 0.000515 0.000000
0.974635 0.025364 0.000001
0.000039 0.075618 0.924343
0.000040 0.039353 0.960607
0.000036 0.026836 0.973128
0.976060 0.023940 0.000001
0.145718 0.816062 0.038220
0.301063 0.697800 0.001137
0.011432 0.958989 0.029579
0.991901 0.008097 0.000001
0.221183 0.774258 0.004559
0.115510 0.866773 0.017717
0.846349 0.151531 0.002120
0.999049 0.000950 0.000001
0.008559 0.967923 0.023518
0.101132 0.890481 0.008387
0.996099 0.003899 0.000002
0.000038 0.442256 0.557705
0.197985 0.769787 0.032227
0.004751 0.695098 0.300151
0.984506 0.015113 0.000381
0.178222 0.657675 0.164103
0.667480 0.319133 0.013387
0.000073 0.801887 0.198040
0.428348 0.571396 0.000256
0.038039 0.959301 0.002660
0.002228 0.988639 0.009132
0.197630 0.799427 0.002944
0.302656 0.695714 0.001630
0.027065 0.872746 0.100188
0.028559 0.858216 0.113225
0.391818 0.608041 0.000141
0.045249 0.769072 0.185679
0.020127 0.831416 0.148457
0.306559 0.551683 0.141758
0.410960 0.588807 0.000233
0.060286 0.934042 0.005672
0.330255 0.661552 0.008193
0.000453 0.245481 0.754066
0.135069 0.858321 0.006611
0.085763 0.894585 0.019652
0.964256 0.034327 0.001417
0.967298 0.032693 0.000009
0.230543 0.766813 0.002644
0.192877 0.807081 0.000042
0.024283 0.935409 0.040308
0.048766 0.950700 0.000533
0.059998 0.923473 0.016529
0.148004 0.849970 0.002026
0.988978 0.011020 0.000001
0.612754 0.384993 0.002253
0.502358 0.496618 0.001023
0.000036 0.298763 0.701201
0.139953 0.859829 0.000218
0.066350 0.801682 0.131968
0.981426 0.018574 0.000000
0.006847 0.988678 0.004475
0.000000 0.006510 0.993490
0.127725 0.864237 0.008038
0.021009 0.949854 0.029137
0.023567 0.726522 0.249911
0.001570 0.788678 0.209753
0.999031 0.000969 0.000000
0.028506 0.961852 0.009642
0.231998 0.765897 0.002105
0.094944 0.891289 0.013768
0.003171 0.596155 0.400674
0.105174 0.887928 0.006899
0.000000 0.055761 0.944239
0.000071 0.702277 0.297652
0.987704 0.011752 0.000545
0.427178 0.572803 0.000019
0.102042 0.857156 0.040802
0.001871 0.907953 0.090176
0.375401 0.621884 0.002714
0.012725 0.674244 0.313031
