0.628428 0.371508 0.000063
0.481411 0.516931 0.001658
0.022979 0.651190 0.325832
0.088189 0.806217 0.105594
0.605696 0.394081 0.000223
0.637222 0.362721 0.000058
0.813373 0.163464 0.023163
0.035211 0.902793 0.061997
0.982480 0.017520 0.000001
0.350761 0.094621 0.554619
0.950990 0.007451 0.041559
0.513014 0.270699 0.216287
0.018196 0.329993 0.651812
0.025226 0.850374 0.124399
0.318776 0.013286 0.667939
0.123169 0.800518 0.076313
0.318108 0.014462 0.667430
0.307532 0.656182 0.036286
0.627301 0.372563 0.000136
0.164822 0.531907 0.303271
0.948479 0.026299 0.025222
0.606853 0.392913 0.000233
0.404769 0.116064 0.479167
0.052515 0.503019 0.444466
0.630313 0.302406 0.067281
0.636555 0.185046 0.178399
0.019336 0.531949 0.448715
0.568926 0.425512 0.005563
0.627807 0.080541 0.291652
0.017538 0.100893 0.881569
0.879574 0.119933 0.000494
0.862530 0.136397 0.001073
0.131248 0.858924 0.009828
0.602673 0.397065 0.000262
0.242965 0.465651 0.291384
0.991359 0.008467 0.000174
0.607562 0.392207 0.000231
0.029653 0.833417 0.136930
0.575104 0.424701 0.000195
0.609822 0.389990 0.000188
0.020585 0.214758 0.764657
0.413063 0.032186 0.554751
0.606927 0.388409 0.004664
0.251545 0.459004 0.289451
0.674996 0.316717 0.008287
0.951276 0.001154 0.047570
0.506014 0.456972 0.037013
0.268610 0.685115 0.046276
0.545988 0.378556 0.075457
0.140699 0.206471 0.652829
0.584863 0.415046 0.000091
0.578730 0.421072 0.000198
0.929393 0.070600 0.000007
0.608951 0.390846 0.000203
0.583113 0.416791 0.000096
0.093808 0.001222 0.904969
0.877034 0.112149 0.010817
0.949025 0.022057 0.028919
0.098233 0.665255 0.236512
0.842797 0.157194 0.000010
0.639954 0.359613 0.000433
0.217778 0.760734 0.021489
0.065338 0.832775 0.101887
0.621016 0.378811 0.000173
0.017004 0.240229 0.742767
0.626572 0.373368 0.000060
0.018465 0.584931 0.396604
0.613140 0.377226 0.009634
0.400308 0.067715 0.531978
0.912825 0.086242 0.000933
0.311115 0.654932 0.033953
0.986363 0.013637 0.000000
0.124443 0.806202 0.069355
0.946675 0.033363 0.019963
0.523135 0.453013 0.023852
0.109302 0.078632 0.812066
0.018099 0.505142 0.476759
0.246105 0.589238 0.164658
0.448060 0.391254 0.160686
0.023385 0.693314 0.283300
0.879503 0.119314 0.001183
0.566072 0.433787 0.000141
0.113401 0.298102 0.588497
0.204608 0.758789 0.036603
0.739859 0.071333 0.188808
0.022710 0.967696 0.009594
0.601853 0.398073 0.000074
0.156578 0.744130 0.099292
0.332823 0.014969 0.652207
0.842978 0.157006 0.000016
0.555438 0.066753 0.377809
0.086164 0.783703 0.130133
0.202361 0.749764 0.047875
0.129826 0.697188 0.172986
0.948753 0.024927 0.026321
0.025623 0.850474 0.123902
0.853366 0.000284 0.146350
0.348927 0.646780 0.004293
0.673040 0.326915 0.000046
0.151037 0.766412 0.082551
0.095282 0.828728 0.075990
0.613257 0.386695 0.000048
0.105447 0.730832 0.163721
0.742695 0.257293 0.000012
0.663402 0.010968 0.325630
0.225375 0.752597 0.022028
0.615553 0.384102 0.000345
0.939118 0.024958 0.035924
0.113031 0.882781 0.004189
0.743548 0.256439 0.000012
0.945382 0.034166 0.020452
0.590783 0.408994 0.000223
0.947312 0.004744 0.047945
0.978682 0.019911 0.001408
0.899556 0.100434 0.000010
0.362387 0.033215 0.604398
0.120030 0.831744 0.048226
0.557434 0.442408 0.000158
0.872583 0.120254 0.007163
0.131374 0.867573 0.001053
0.950879 0.021396 0.027725
0.118379 0.000514 0.881107
0.178063 0.819108 0.002828
0.137945 0.797282 0.064773
0.673909 0.325578 0.000513
0.699720 0.300242 0.000038
0.424052 0.555511 0.020437
0.055152 0.768202 0.176646
0.933616 0.063628 0.002756
0.612569 0.387259 0.000172
0.264220 0.600367 0.135412
0.486508 0.155370 0.358122
0.028465 0.818382 0.153153
0.021892 0.397378 0.580731
0.443142 0.541165 0.015693
0.848348 0.151636 0.000016
0.783454 0.210415 0.006132
0.267317 0.583543 0.149140
0.027713 0.787715 0.184572
0.649587 0.350047 0.000366
0.778005 0.187186 0.034809
0.148100 0.810293 0.041607
0.802427 0.197552 0.000021
0.074887 0.879275 0.045838
0.613985 0.385819 0.000195
0.989661 0.010147 0.000193
0.636739 0.351766 0.011495
0.149923 0.621310 0.228767
0.569736 0.430158 0.000107
0.534714 0.238736 0.226551
0.102086 0.204216 0.693698
0.682531 0.317423 0.000047
0.111762 0.737349 0.150889
0.138921 0.857324 0.003755
0.627467 0.372441 0.000092
0.221349 0.711627 0.067024
0.021646 0.670714 0.307640
0.149432 0.696279 0.154289
0.104971 0.883036 0.011993
0.889553 0.044663 0.065784
0.979888 0.020110 0.000002
0.674442 0.190328 0.135230
0.717062 0.068343 0.214594
0.592784 0.406989 0.000228
0.452638 0.519353 0.028009
0.957328 0.018622 0.024050
0.706488 0.067991 0.225522
0.029401 0.829539 0.141060
0.442269 0.525833 0.031898
0.622423 0.377184 0.000393
0.937844 0.043397 0.018759
0.519427 0.454740 0.025834
0.705682 0.294275 0.000042
0.113943 0.826641 0.059416
0.607709 0.392042 0.000249
0.998667 0.001324 0.000010
0.095812 0.899996 0.004191
0.057665 0.839064 0.103271
0.610392 0.389425 0.000183
0.936574 0.040081 0.023344
0.983190 0.016284 0.000526
0.933047 0.016707 0.050247
0.974854 0.024489 0.000657
0.321506 0.003914 0.674579
0.326069 0.025250 0.648681
0.986484 0.013514 0.000002
0.403187 0.495098 0.101715
0.613109 0.386515 0.000376
0.088975 0.000592 0.910433
0.604905 0.394771 0.000324
0.175282 0.705926 0.118792
0.642816 0.357131 0.000053
0.026481 0.955259 0.018260
0.998445 0.001493 0.000061
0.094935 0.863449 0.041615
0.098286 0.179864 0.721850
0.289143 0.674340 0.036517
0.769135 0.230838 0.000027
0.933145 0.043034 0.023821
0.144657 0.850769 0.004574
0.765348 0.188119 0.046533
0.470734 0.046682 0.482584
0.439782 0.541335 0.018883
0.262050 0.004694 0.733256
0.212464 0.761249 0.026287
0.637478 0.362421 0.000102
0.090805 0.901574 0.007620
0.205431 0.759097 0.035472
0.261967 0.618869 0.119164
0.156173 0.829743 0.014084
0.986029 0.013043 0.000928
0.629759 0.369755 0.000486
0.939185 0.045560 0.015255
0.893120 0.001535 0.105345
0.017762 0.056268 0.925969
0.322503 0.650583 0.026914
0.110484 0.816158 0.073358
0.028882 0.807769 0.163349
0.618299 0.381598 0.000103
0.968325 0.030368 0.001307
0.625279 0.374623 0.000099
0.621991 0.377892 0.000118
0.582920 0.416798 0.000282
0.607160 0.060102 0.332738
0.379708 0.028033 0.592259
0.516707 0.481910 0.001383
0.393981 0.574747 0.031272
0.084724 0.755140 0.160135
0.609055 0.390786 0.000158
0.026340 0.879008 0.094652
0.108505 0.787064 0.104431
0.902608 0.090367 0.007025
0.513848 0.453985 0.032168
0.989141 0.010767 0.000091
0.940911 0.042444 0.016645
0.732506 0.267462 0.000031
0.045028 0.468529 0.486444
0.272962 0.002705 0.724334
0.838850 0.144123 0.017027
0.475472 0.224892 0.299636
0.903449 0.096545 0.000007
0.567134 0.432737 0.000129
0.021554 0.778435 0.200011
0.564033 0.435831 0.000136
0.985571 0.013795 0.000634
0.255976 0.705657 0.038367
0.019994 0.967575 0.012431
0.090639 0.622272 0.287089
0.755481 0.239002 0.005517
0.069931 0.829826 0.100244
0.291049 0.707618 0.001333
0.659157 0.340446 0.000397
0.240295 0.709738 0.049967
0.114100 0.798460 0.087440
0.326015 0.668795 0.005190
0.610954 0.388867 0.000178
0.624923 0.374976 0.000101
0.057854 0.223523 0.718623
0.151565 0.618679 0.229756
0.142252 0.688441 0.169307
0.021952 0.690028 0.288020
0.213361 0.726776 0.059863
0.106821 0.568742 0.324437
0.933606 0.066387 0.000007
0.757586 0.242381 0.000032
0.056675 0.938079 0.005246
0.547661 0.414252 0.038087
0.559593 0.411397 0.029010
0.257888 0.536726 0.205386
0.059767 0.791838 0.148395
0.151947 0.821552 0.026501
0.152918 0.769148 0.077933
0.761417 0.234790 0.003793
0.594833 0.059663 0.345503
0.053887 0.754289 0.191825
0.385313 0.176794 0.437894
0.216098 0.752473 0.031430
0.678062 0.321895 0.000043
0.309394 0.020418 0.670189
0.031505 0.967999 0.000496
0.027375 0.798877 0.173748
0.112328 0.797517 0.090155
0.032664 0.861074 0.106263
0.064066 0.878435 0.057499
0.154033 0.797252 0.048715
0.128418 0.821369 0.050213
0.713717 0.137746 0.148537
0.069343 0.924267 0.006389
0.068538 0.650312 0.281149
0.057681 0.823336 0.118983
0.618698 0.240979 0.140323
0.731294 0.268681 0.000025
0.929838 0.070159 0.000003
0.570621 0.340761 0.088618
0.204510 0.744699 0.050791
0.641113 0.358831 0.000056
0.951896 0.019236 0.028868
0.508022 0.488191 0.003787
0.975361 0.014387 0.010252
0.373449 0.028778 0.597774
0.687631 0.311922 0.000446
0.618332 0.381536 0.000132
0.714097 0.285874 0.000029
0.711359 0.086720 0.201921
0.276405 0.695754 0.027841
0.616530 0.383175 0.000295
0.615246 0.384537 0.000217
0.088173 0.833665 0.078163
0.277957 0.606564 0.115478
0.735342 0.084899 0.179759
0.999086 0.000439 0.000476
0.174894 0.741228 0.083879
0.092190 0.674236 0.233574
0.092077 0.899934 0.007989
0.021759 0.223846 0.754394
0.560022 0.411286 0.028691
0.226383 0.012002 0.761615
0.912331 0.087664 0.000005
0.177275 0.778399 0.044326
0.636196 0.363460 0.000343
0.510988 0.050564 0.438448
0.870568 0.057967 0.071465
0.320998 0.055297 0.623705
0.078055 0.886915 0.035029
0.153033 0.804330 0.042637
0.981838 0.018162 0.000000
0.564305 0.435568 0.000127
0.087599 0.155938 0.756463
0.020794 0.647759 0.331447
0.395422 0.566244 0.038334
0.118680 0.807959 0.073361
0.946992 0.047199 0.005809
0.020209 0.499937 0.479853
0.954621 0.015931 0.029448
0.612820 0.387012 0.000167
0.999340 0.000656 0.000004
0.941371 0.058078 0.000550
0.954360 0.042626 0.003014
0.219958 0.757924 0.022119
0.056502 0.756181 0.187317
0.486066 0.049448 0.464485
0.794260 0.205564 0.000176
0.949679 0.046743 0.003577
0.150047 0.503488 0.346465
0.305900 0.341402 0.352698
0.124507 0.846876 0.028617
0.894908 0.105081 0.000011
0.069099 0.865506 0.065395
0.142474 0.743069 0.114457
0.399584 0.510952 0.089464
0.922048 0.077947 0.000004
0.955737 0.019326 0.024937
0.057609 0.853802 0.088588
0.114153 0.746454 0.139393
0.978678 0.021321 0.000000
0.021764 0.457313 0.520924
0.980749 0.016176 0.003074
0.546566 0.382133 0.071301
0.510487 0.485687 0.003826
0.248686 0.734080 0.017234
0.100126 0.813050 0.086825
0.289960 0.619109 0.090931
0.178211 0.768862 0.052927
0.040111 0.873599 0.086290
0.034869 0.964537 0.000593
0.102984 0.864624 0.032392
0.115530 0.753357 0.131113
0.500186 0.060911 0.438903
0.180309 0.759952 0.059739
0.106683 0.442549 0.450768
0.962133 0.037865 0.000002
0.974730 0.024292 0.000978
0.213331 0.001472 0.785197
0.568973 0.430859 0.000169
0.023805 0.342366 0.633829
0.175141 0.731844 0.093015
0.330356 0.369835 0.299809
0.971926 0.017732 0.010342
0.115940 0.882741 0.001319
0.489486 0.502415 0.008099
0.115446 0.464542 0.420013
0.660991 0.338954 0.000056
0.234144 0.765856 0.000000
0.021586 0.670000 0.308415
0.015299 0.137132 0.847569
0.065426 0.857787 0.076786
0.523322 0.444061 0.032617
0.231806 0.739440 0.028754
0.100063 0.895459 0.004478
0.679500 0.320470 0.000030
0.725594 0.274392 0.000015
0.163278 0.013435 0.823287
0.145249 0.512465 0.342286
0.260010 0.634221 0.105769
0.979856 0.019403 0.000741
0.495599 0.503297 0.001103
0.880966 0.119022 0.000012
0.621941 0.377859 0.000200
0.622600 0.377127 0.000273
0.241354 0.743023 0.015623
0.020013 0.600961 0.379025
0.392575 0.036004 0.571421
0.069565 0.838573 0.091862
0.552262 0.412399 0.035340
0.936497 0.057247 0.006256
0.088193 0.511627 0.400180
0.083518 0.864319 0.052162
0.989536 0.010464 0.000000
0.337346 0.016645 0.646009
0.619989 0.379898 0.000113
0.714632 0.086887 0.198481
0.098863 0.747034 0.154104
0.406889 0.255831 0.337280
0.564649 0.435202 0.000149
0.149987 0.791203 0.058811
0.714767 0.277394 0.007839
0.516695 0.053943 0.429361
0.039246 0.960437 0.000317
0.071976 0.177376 0.750649
0.462566 0.146578 0.390855
0.026594 0.737617 0.235789
0.860586 0.139405 0.000008
0.300787 0.666424 0.032790
0.505086 0.473567 0.021346
0.819490 0.074649 0.105862
0.835776 0.164210 0.000013
0.022404 0.701115 0.276481
0.467072 0.391264 0.141663
0.590552 0.409324 0.000123
0.185377 0.790155 0.024468
0.277128 0.699100 0.023772
0.582416 0.417487 0.000097
0.275628 0.568375 0.155997
0.748989 0.070540 0.180472
0.192760 0.724223 0.083017
0.020805 0.541782 0.437413
0.989053 0.010711 0.000236
0.248587 0.620115 0.131298
0.456583 0.474791 0.068627
0.907290 0.092704 0.000006
0.622434 0.377422 0.000144
0.601545 0.398307 0.000148
0.020814 0.318914 0.660272
0.141514 0.001127 0.857359
0.132357 0.801567 0.066077
0.262629 0.572412 0.164959
0.680464 0.319495 0.000041
0.127843 0.609126 0.263031
0.975391 0.015362 0.009247
0.783769 0.127091 0.089140
0.139266 0.789211 0.071524
0.629473 0.370442 0.000085
0.324806 0.653306 0.021888
0.027397 0.797731 0.174872
0.956393 0.011011 0.032596
0.095383 0.737844 0.166772
0.322935 0.100717 0.576348
0.436612 0.190990 0.372398
0.999299 0.000686 0.000014
0.655939 0.343668 0.000392
0.175433 0.791059 0.033508
0.526663 0.054964 0.418373
0.019927 0.746393 0.233680
0.270215 0.686139 0.043647
0.621587 0.378360 0.000053
0.767595 0.231659 0.000747
0.600367 0.392239 0.007393
0.949199 0.046733 0.004069
0.973146 0.022002 0.004852
0.158239 0.536590 0.305171
0.107581 0.443662 0.448757
0.652771 0.347176 0.000052
0.630045 0.369866 0.000088
0.567486 0.432347 0.000166
0.065767 0.844265 0.089968
0.033748 0.958969 0.007283
0.812213 0.170847 0.016939
0.926217 0.031540 0.042244
0.021636 0.960589 0.017774
0.660889 0.339056 0.000056
0.612822 0.068431 0.318747
0.835424 0.164559 0.000018
0.741502 0.258462 0.000036
0.320367 0.597310 0.082323
0.812766 0.170453 0.016782
0.461731 0.537586 0.000683
0.604231 0.395496 0.000273
0.544201 0.413328 0.042471
0.066623 0.917002 0.016374
0.186727 0.762074 0.051200
0.139455 0.828979 0.031565
0.022387 0.643306 0.334306
0.931885 0.032601 0.035514
0.782723 0.217253 0.000024
0.408488 0.037765 0.553747
0.400013 0.028752 0.571235
0.106403 0.577427 0.316170
0.491058 0.468420 0.040522
0.843637 0.142323 0.014040
0.632603 0.367324 0.000074
0.683547 0.316115 0.000338
0.880370 0.027152 0.092478
0.019519 0.598088 0.382393
0.989629 0.009653 0.000718
0.257479 0.649665 0.092856
0.588348 0.411423 0.000230
0.029613 0.828686 0.141701
0.713206 0.169704 0.117091
0.200038 0.772097 0.027866
0.996333 0.003667 0.000000
0.738403 0.077471 0.184126
0.359784 0.019533 0.620683
0.958577 0.039825 0.001598
0.292481 0.620443 0.087076
0.278106 0.710458 0.011436
0.686159 0.310609 0.003232
0.492088 0.501304 0.006608
0.751566 0.114439 0.133995
0.951177 0.048817 0.000005
0.974448 0.025549 0.000003
0.936924 0.060613 0.002462
0.628525 0.371049 0.000426
0.675069 0.324886 0.000045
0.977403 0.009750 0.012848
0.022772 0.693936 0.283292
0.456971 0.129490 0.413540
0.962736 0.027216 0.010047
0.655658 0.208189 0.136153
0.974001 0.025998 0.000001
0.092953 0.904031 0.003016
0.669908 0.330043 0.000049
0.582082 0.172382 0.245536
0.948551 0.051444 0.000005
0.023385 0.828167 0.148447
0.910135 0.083667 0.006198
0.585516 0.414193 0.000291
0.377155 0.620193 0.002652
0.596563 0.234049 0.169388
0.367594 0.612942 0.019463
0.020181 0.470475 0.509344
0.094879 0.541618 0.363504
0.568729 0.431129 0.000142
0.609055 0.390720 0.000225
0.791433 0.164815 0.043752
0.020523 0.455058 0.524418
0.613966 0.385899 0.000135
0.514786 0.464593 0.020621
0.629553 0.370343 0.000104
0.822954 0.064913 0.112133
0.752098 0.133368 0.114535
0.388371 0.556327 0.055301
0.588457 0.411323 0.000220
0.398279 0.030273 0.571448
0.949278 0.047313 0.003408
0.644144 0.214083 0.141773
0.394042 0.602738 0.003220
0.002915 0.988466 0.008619
0.021797 0.680076 0.298126
0.080972 0.813954 0.105075
0.948192 0.051805 0.000003
0.934499 0.028124 0.037376
0.754811 0.239314 0.005874
0.370763 0.605252 0.023985
0.171854 0.118628 0.709518
0.613463 0.386360 0.000176
0.158206 0.826394 0.015400
0.939507 0.044267 0.016226
0.090222 0.733242 0.176537
0.691592 0.308367 0.000040
0.841054 0.145772 0.013174
0.022186 0.261816 0.715998
0.127848 0.677320 0.194832
0.617040 0.382781 0.000179
0.726615 0.269280 0.004105
0.581571 0.418338 0.000091
0.069926 0.842045 0.088029
0.609389 0.390404 0.000208
0.145031 0.832454 0.022516
0.606636 0.393136 0.000229
0.539355 0.415048 0.045597
0.023682 0.811809 0.164510
0.576292 0.423455 0.000253
0.109365 0.876141 0.014494
0.062332 0.813287 0.124381
0.020781 0.417394 0.561825
0.214452 0.001703 0.783845
0.021625 0.629758 0.348617
0.514151 0.480964 0.004885
0.101887 0.875732 0.022381
0.163327 0.823151 0.013522
0.096890 0.770118 0.132993
0.085393 0.834442 0.080165
0.028413 0.865077 0.106510
0.637909 0.362000 0.000090
0.943444 0.052915 0.003641
0.102180 0.792231 0.105589
0.107329 0.868457 0.024213
0.740303 0.070176 0.189521
0.229286 0.256253 0.514460
0.338008 0.606674 0.055319
0.966489 0.032106 0.001405
0.129303 0.814236 0.056461
0.592669 0.194705 0.212626
0.452222 0.543218 0.004560
0.020704 0.809502 0.169794
0.203114 0.770231 0.026655
0.812331 0.186817 0.000852
0.627197 0.372717 0.000087
0.615194 0.384650 0.000155
0.152900 0.772010 0.075091
0.170981 0.795711 0.033308
0.262782 0.637095 0.100123
0.897478 0.102515 0.000007
0.028433 0.867770 0.103797
0.496205 0.501508 0.002287
0.034042 0.965304 0.000654
0.958765 0.041231 0.000004
0.623704 0.376157 0.000138
0.020718 0.652576 0.326706
0.325738 0.642064 0.032198
0.093864 0.844828 0.061308
0.111921 0.680371 0.207709
0.024322 0.735783 0.239895
0.773119 0.226156 0.000725
0.666737 0.333216 0.000047
0.158219 0.651620 0.190161
0.186766 0.004240 0.808994
0.567745 0.432129 0.000125
0.539199 0.413496 0.047305
0.392278 0.034836 0.572886
0.662558 0.087047 0.250395
0.050366 0.107494 0.842141
0.022382 0.343250 0.634368
0.043754 0.659030 0.297216
0.164842 0.816892 0.018266
0.550388 0.449455 0.000157
0.990179 0.009418 0.000402
0.080317 0.863177 0.056505
0.386524 0.589501 0.023975
0.002588 0.989334 0.008078
0.790687 0.209149 0.000164
0.227931 0.694778 0.077291
0.063139 0.892092 0.044768
0.613766 0.076763 0.309471
0.276947 0.722347 0.000707
0.029670 0.835010 0.135320
0.095675 0.762222 0.142103
0.589381 0.336596 0.074022
0.559900 0.440016 0.000084
0.021609 0.708718 0.269674
0.984990 0.015010 0.000001
0.101851 0.777024 0.121125
0.089664 0.907773 0.002563
0.124640 0.860441 0.014919
0.300446 0.001911 0.697644
0.705548 0.069750 0.224702
0.133523 0.827859 0.038618
0.141920 0.814041 0.044038
0.221129 0.696374 0.082498
0.463711 0.519662 0.016626
0.575051 0.414325 0.010625
0.456872 0.542449 0.000679
0.375381 0.023844 0.600775
0.998457 0.001533 0.000010
0.985892 0.013582 0.000526
0.701102 0.298868 0.000029
0.646028 0.353919 0.000053
0.255835 0.713712 0.030453
0.551897 0.431384 0.016719
0.935375 0.064622 0.000003
0.899135 0.091323 0.009543
0.068938 0.847901 0.083161
0.970168 0.029831 0.000002
0.489842 0.251292 0.258866
0.999747 0.000179 0.000075
0.866425 0.133568 0.000007
0.108042 0.885623 0.006335
0.984266 0.015389 0.000345
0.112245 0.854785 0.032970
0.110940 0.873446 0.015614
0.940171 0.057046 0.002783
0.269947 0.702694 0.027360
0.427681 0.514496 0.057823
0.577620 0.347378 0.075002
0.944650 0.049335 0.006015
0.576196 0.423711 0.000093
0.971024 0.028173 0.000803
0.763082 0.236891 0.000027
0.996176 0.003824 0.000000
0.294984 0.622434 0.082583
0.606845 0.392936 0.000219
0.975468 0.024531 0.000001
0.989892 0.006328 0.003780
0.151136 0.820328 0.028535
0.612014 0.387779 0.000208
0.025211 0.754916 0.219873
0.060137 0.735093 0.204770
0.148749 0.763993 0.087258
0.565392 0.434456 0.000151
0.780322 0.218922 0.000756
0.943148 0.056849 0.000002
0.105914 0.733157 0.160930
0.650027 0.124365 0.225607
0.066820 0.774441 0.158739
0.116178 0.764663 0.119159
0.114506 0.832906 0.052588
0.429283 0.043944 0.526773
0.915752 0.033761 0.050486
0.777907 0.074436 0.147657
0.025346 0.753474 0.221181
0.553929 0.261385 0.184685
0.984708 0.006497 0.008795
0.170543 0.691201 0.138256
0.800267 0.199723 0.000010
0.414199 0.577354 0.008447
0.919961 0.080035 0.000004
0.577820 0.422006 0.000174
0.234832 0.714867 0.050301
0.357609 0.081056 0.561335
0.365867 0.614057 0.020075
0.123601 0.842108 0.034291
0.784300 0.072812 0.142888
0.051914 0.579769 0.368318
0.307714 0.008355 0.683931
0.129990 0.791756 0.078254
0.114925 0.732521 0.152555
0.062989 0.681632 0.255378
0.904969 0.039876 0.055155
0.967809 0.031263 0.000928
0.286817 0.647342 0.065842
0.021516 0.740374 0.238110
0.750319 0.249660 0.000021
0.253327 0.713898 0.032775
0.037485 0.878399 0.084116
0.448110 0.456661 0.095228
0.145759 0.004444 0.849798
0.944751 0.049178 0.006072
0.743394 0.256576 0.000030
0.574327 0.311942 0.113731
0.726647 0.196054 0.077299
0.613841 0.385995 0.000164
0.501547 0.485113 0.013340
0.910722 0.081356 0.007922
0.340621 0.415329 0.244050
0.646006 0.353605 0.000389
0.633168 0.083419 0.283412
0.625295 0.374593 0.000112
0.817061 0.182784 0.000155
0.997192 0.002735 0.000073
0.774242 0.068755 0.157003
0.277936 0.630925 0.091139
0.109845 0.231601 0.658553
0.689316 0.310664 0.000020
0.359832 0.146781 0.493387
0.592974 0.232007 0.175019
0.272504 0.666405 0.061091
0.905676 0.093122 0.001202
0.458226 0.043498 0.498276
0.909256 0.005527 0.085218
0.083839 0.677041 0.239120
0.137684 0.836854 0.025462
0.216042 0.749800 0.034158
0.261924 0.011838 0.726238
0.022625 0.801609 0.175766
0.097570 0.853944 0.048486
0.575629 0.424180 0.000191
0.027572 0.763911 0.208518
0.070819 0.848726 0.080454
0.111452 0.768693 0.119854
0.917649 0.082347 0.000004
0.305107 0.009947 0.684946
0.007237 0.005087 0.987676
0.329819 0.127986 0.542194
0.594148 0.405491 0.000361
0.228313 0.002182 0.769504
0.654063 0.345887 0.000050
0.127458 0.802183 0.070360
0.747301 0.071854 0.180845
0.057885 0.657384 0.284731
0.026393 0.780138 0.193469
0.110975 0.882755 0.006270
0.481148 0.093988 0.424863
0.626655 0.372922 0.000423
0.578100 0.421794 0.000106
0.570445 0.429379 0.000176
0.628019 0.371921 0.000059
0.610214 0.389602 0.000185
0.953854 0.042651 0.003495
0.150838 0.704346 0.144816
0.334816 0.647473 0.017711
0.135598 0.798527 0.065875
0.075937 0.864153 0.059910
0.032368 0.871860 0.095773
0.508353 0.333426 0.158221
0.078689 0.595533 0.325777
0.864920 0.135065 0.000014
0.021594 0.611367 0.367039
0.977696 0.021753 0.000551
0.107442 0.840580 0.051978
0.643270 0.356668 0.000062
0.086643 0.618562 0.294795
0.730200 0.266342 0.003458
0.916629 0.079415 0.003956
0.951175 0.009066 0.039759
0.657566 0.342359 0.000074
0.021613 0.413738 0.564649
0.850764 0.135032 0.014205
0.091859 0.752698 0.155443
0.113205 0.737132 0.149663
0.997403 0.001724 0.000872
0.437734 0.076142 0.486124
0.821928 0.176649 0.001422
0.534924 0.402071 0.063004
0.960336 0.036768 0.002897
0.023247 0.663096 0.313658
0.095519 0.777280 0.127202
0.983099 0.016524 0.000376
0.057905 0.208366 0.733730
0.021730 0.791494 0.186776
0.103434 0.894153 0.002413
0.278115 0.698040 0.023844
0.808076 0.174983 0.016941
0.138207 0.856175 0.005618
0.697626 0.302334 0.000040
0.754444 0.244923 0.000633
0.114499 0.731158 0.154343
0.115810 0.878992 0.005199
0.966932 0.031123 0.001945
0.627594 0.167107 0.205298
0.615340 0.384287 0.000373
0.935985 0.052156 0.011859
0.119163 0.855784 0.025053
0.627352 0.372550 0.000099
0.673505 0.326449 0.000046
0.695677 0.188596 0.115727
0.943462 0.037985 0.018553
0.748677 0.216942 0.034381
0.065600 0.928326 0.006074
0.729188 0.080120 0.190692
0.049695 0.808748 0.141557
0.318935 0.540378 0.140687
0.968593 0.030843 0.000565
0.019837 0.601511 0.378652
0.076030 0.890852 0.033118
0.704958 0.295016 0.000027
0.128368 0.870852 0.000780
0.771067 0.148249 0.080684
0.102167 0.777236 0.120597
0.994880 0.005120 0.000000
0.020892 0.718855 0.260253
0.946712 0.048701 0.004586
0.278339 0.616434 0.105226
0.710386 0.289577 0.000037
0.803863 0.196124 0.000013
0.318012 0.125143 0.556846
0.960971 0.039024 0.000004
0.017267 0.094685 0.888048
0.998297 0.001634 0.000069
0.641645 0.358286 0.000069
0.890271 0.109717 0.000011
0.678684 0.313299 0.008017
0.918404 0.080233 0.001363
0.569069 0.430800 0.000131
0.890382 0.053074 0.056543
0.691184 0.308773 0.000043
0.135282 0.797839 0.066880
0.036413 0.904690 0.058897
0.035491 0.015203 0.949306
0.653655 0.345961 0.000384
0.273013 0.009023 0.717964
0.639626 0.360022 0.000352
0.417069 0.041443 0.541488
0.735462 0.264506 0.000032
0.505636 0.464564 0.029800
0.579842 0.405728 0.014430
0.109870 0.319486 0.570644
0.321129 0.658996 0.019875
0.475746 0.053224 0.471030
0.356204 0.639876 0.003921
0.103978 0.871438 0.024585
0.900398 0.097621 0.001980
0.470979 0.510294 0.018727
0.019345 0.564155 0.416499
0.024617 0.189345 0.786038
0.140046 0.826096 0.033858
0.105726 0.881145 0.013130
0.965674 0.032823 0.001502
0.602759 0.396963 0.000278
0.650959 0.348495 0.000546
0.707123 0.161547 0.131329
0.130997 0.831655 0.037348
0.649978 0.349955 0.000066
0.010428 0.578393 0.411180
0.989496 0.006187 0.004317
0.047939 0.752957 0.199104
0.262110 0.596378 0.141512
0.535933 0.404359 0.059709
0.109259 0.879176 0.011565
0.024967 0.111647 0.863385
0.104409 0.869105 0.026485
0.965246 0.034750 0.000004
0.089371 0.904071 0.006558
0.621469 0.378413 0.000117
0.249890 0.571575 0.178535
0.986825 0.013174 0.000001
0.609123 0.390683 0.000194
0.797560 0.188220 0.014220
0.863950 0.135820 0.000229
0.455010 0.503794 0.041196
0.541691 0.128748 0.329562
0.167527 0.435095 0.397377
0.934661 0.046083 0.019255
0.022290 0.917031 0.060679
0.990797 0.008881 0.000322
0.565584 0.434203 0.000213
0.989143 0.010628 0.000229
0.019588 0.650981 0.329431
0.055826 0.617684 0.326490
0.770789 0.163483 0.065728
0.042294 0.012083 0.945622
0.509878 0.488323 0.001799
0.117859 0.827980 0.054161
0.917122 0.050521 0.032357
0.131782 0.664893 0.203325
0.092494 0.902624 0.004882
0.662170 0.337782 0.000048
0.156008 0.842214 0.001778
0.781643 0.037279 0.181078
0.858411 0.141575 0.000015
0.572684 0.066765 0.360551
0.622003 0.377896 0.000101
0.092229 0.866238 0.041532
0.047303 0.848884 0.103813
0.838246 0.161743 0.000011
0.118127 0.584310 0.297563
0.317146 0.626144 0.056710
0.500532 0.497773 0.001696
0.101996 0.883955 0.014050
0.667973 0.325200 0.006827
0.092943 0.430715 0.476342
0.625003 0.374857 0.000140
0.508564 0.423045 0.068391
0.043498 0.895435 0.061067
0.998555 0.001430 0.000015
0.027079 0.790340 0.182581
0.021831 0.102095 0.876074
0.775326 0.224658 0.000016
0.842270 0.157719 0.000011
0.629880 0.370037 0.000084
0.374841 0.023059 0.602100
0.630592 0.075992 0.293416
0.076204 0.524064 0.399731
0.201417 0.758114 0.040468
0.151592 0.801411 0.046997
0.085812 0.568344 0.345844
0.112701 0.840776 0.046523
0.580196 0.323797 0.096008
0.256103 0.498664 0.245233
0.645326 0.293863 0.060811
0.257994 0.741076 0.000930
0.948024 0.047033 0.004942
0.032499 0.865817 0.101684
0.068338 0.877842 0.053820
0.626860 0.237239 0.135901
0.088628 0.655835 0.255537
0.139128 0.007231 0.853641
0.617661 0.382201 0.000137
0.878866 0.119899 0.001234
0.209624 0.789043 0.001332
0.155132 0.758741 0.086127
0.032263 0.867774 0.099964
0.215942 0.776213 0.007845
0.026483 0.854805 0.118712
0.021503 0.782115 0.196382
0.698860 0.286305 0.014835
0.756623 0.180788 0.062589
0.619417 0.380428 0.000155
0.574110 0.406510 0.019379
0.030940 0.967827 0.001233
0.157803 0.777305 0.064892
0.996915 0.003026 0.000059
0.169953 0.078091 0.751956
0.091497 0.720377 0.188126
0.724887 0.070086 0.205028
0.665468 0.327175 0.007357
0.978897 0.021101 0.000002
0.093468 0.594818 0.311714
0.071600 0.877960 0.050440
0.710034 0.176325 0.113641
0.977763 0.021402 0.000835
0.029438 0.868948 0.101614
0.053369 0.847872 0.098759
0.496430 0.252334 0.251236
0.896128 0.103865 0.000007
0.511919 0.460771 0.027310
0.668782 0.322852 0.008367
0.039763 0.957611 0.002626
0.594964 0.404716 0.000320
0.916817 0.003823 0.079360
0.243978 0.003310 0.752711
0.155710 0.815488 0.028802
0.099346 0.864503 0.036152
0.971328 0.028670 0.000002
0.863023 0.136813 0.000164
0.026512 0.884567 0.088920
0.047265 0.751622 0.201113
0.753448 0.245864 0.000688
0.614750 0.385127 0.000123
0.574702 0.396617 0.028681
0.237821 0.691984 0.070195
0.545079 0.176148 0.278773
0.031611 0.967447 0.000942
0.116514 0.795295 0.088191
0.900354 0.099527 0.000119
0.124200 0.777478 0.098322
0.818571 0.153588 0.027841
0.025895 0.435186 0.538919
0.133621 0.637410 0.228968
0.617507 0.382311 0.000182
0.613501 0.062655 0.323844
0.021647 0.641993 0.336360
0.999163 0.000800 0.000038
0.577085 0.422717 0.000198
0.047265 0.113553 0.839182
0.102360 0.884203 0.013437
0.698083 0.301350 0.000567
0.596982 0.401329 0.001689
0.942125 0.003332 0.054543
0.172724 0.693054 0.134221
0.522482 0.476576 0.000942
0.032716 0.867164 0.100120
0.084582 0.807104 0.108314
0.676606 0.322871 0.000523
0.613748 0.386183 0.000069
0.391688 0.170327 0.437985
0.566392 0.433476 0.000132
0.596611 0.030601 0.372788
0.176507 0.808930 0.014562
0.995392 0.004607 0.000000
0.744699 0.254685 0.000616
0.524773 0.470834 0.004393
0.288683 0.689417 0.021900
0.773158 0.226816 0.000027
0.018372 0.540379 0.441249
0.910468 0.086017 0.003515
0.024707 0.832193 0.143100
0.576677 0.058988 0.364334
0.883391 0.116597 0.000012
0.124277 0.813607 0.062116
0.104184 0.694366 0.201450
0.584272 0.415514 0.000214
0.022835 0.690803 0.286362
0.660816 0.338651 0.000533
0.052426 0.845041 0.102534
0.024361 0.719270 0.256369
0.630900 0.369002 0.000099
0.020946 0.812503 0.166552
0.051894 0.739073 0.209034
0.927983 0.062163 0.009854
0.168865 0.666075 0.165059
0.280986 0.716925 0.002088
0.552919 0.071696 0.375384
0.624156 0.316807 0.059037
0.936699 0.058261 0.005040
0.292439 0.694466 0.013095
0.603700 0.225865 0.170436
0.500082 0.476540 0.023378
0.586749 0.413053 0.000198
0.786442 0.072995 0.140563
0.829197 0.046998 0.123805
0.828243 0.170859 0.000898
0.640094 0.359842 0.000064
0.810006 0.189986 0.000008
0.922279 0.006382 0.071339
0.019708 0.704129 0.276162
0.944067 0.050162 0.005771
0.898793 0.100665 0.000542
0.742021 0.189414 0.068565
0.165234 0.552020 0.282745
0.320567 0.604255 0.075178
0.698554 0.301424 0.000023
0.812182 0.167703 0.020116
0.721905 0.278061 0.000035
0.894901 0.079850 0.025249
0.034494 0.874133 0.091373
0.494888 0.144928 0.360184
0.918115 0.034708 0.047177
0.033931 0.886127 0.079942
0.024077 0.233691 0.742232
0.028055 0.869537 0.102409
0.100428 0.759019 0.140554
0.036647 0.876170 0.087183
0.189682 0.782584 0.027734
0.626032 0.373831 0.000137
0.874606 0.115391 0.010003
0.109797 0.528122 0.362081
0.019569 0.636519 0.343912
0.995385 0.004499 0.000116
0.119091 0.867476 0.013434
0.991458 0.008239 0.000303
0.930824 0.069168 0.000007
0.273157 0.074128 0.652715
0.788695 0.160678 0.050627
0.605896 0.393849 0.000255
0.253603 0.738999 0.007398
0.605824 0.385246 0.008931
0.431178 0.567948 0.000874
0.729543 0.112847 0.157611
0.020586 0.488233 0.491181
0.060717 0.906716 0.032567
0.677330 0.322645 0.000026
0.084155 0.853674 0.062171
0.368889 0.629877 0.001235
0.633686 0.365866 0.000448
0.133978 0.834513 0.031509
0.632941 0.367003 0.000056
0.905278 0.045566 0.049156
0.994338 0.004609 0.001054
0.622805 0.377144 0.000051
0.021962 0.677772 0.300266
0.226885 0.713863 0.059251
0.395805 0.574030 0.030165
0.020272 0.460957 0.518771
0.564402 0.435461 0.000138
0.608413 0.391308 0.000278
0.992737 0.007045 0.000218
0.141282 0.735638 0.123081
0.119991 0.808196 0.071813
0.337823 0.478243 0.183934
0.022147 0.790294 0.187559
0.689634 0.081824 0.228542
0.277565 0.562844 0.159590
0.018936 0.628483 0.352581
0.094149 0.877166 0.028685
0.022295 0.689481 0.288224
0.612266 0.387566 0.000168
0.805751 0.173754 0.020495
0.903787 0.042603 0.053610
0.617950 0.381946 0.000104
0.697514 0.302452 0.000034
0.012894 0.819596 0.167510
0.028686 0.868379 0.102935
0.618435 0.381218 0.000347
0.423165 0.283116 0.293719
0.021109 0.908317 0.070574
0.993571 0.006266 0.000163
0.788570 0.182324 0.029106
0.208469 0.789760 0.001771
0.621871 0.378017 0.000112
0.411423 0.587061 0.001516
0.377898 0.570395 0.051707
0.642148 0.347842 0.010010
0.116140 0.818239 0.065621
0.125470 0.858515 0.016016
0.232090 0.088858 0.679052
0.030992 0.967645 0.001363
0.638879 0.360595 0.000526
0.105344 0.663729 0.230927
0.044327 0.502615 0.453058
0.021921 0.540327 0.437752
0.393183 0.604401 0.002416
0.569911 0.420550 0.009540
0.290534 0.019258 0.690209
0.975394 0.023614 0.000992
0.612213 0.182794 0.204993
0.080353 0.874823 0.044825
0.039084 0.873373 0.087543
0.026965 0.768910 0.204125
0.892083 0.107910 0.000006
0.872551 0.060738 0.066711
0.075516 0.577827 0.346656
0.612407 0.387328 0.000266
0.022585 0.697848 0.279568
0.903148 0.096842 0.000010
0.934841 0.051659 0.013500
0.219313 0.014629 0.766057
0.557573 0.442334 0.000093
0.640555 0.359091 0.000354
0.363674 0.137474 0.498851
0.947531 0.012062 0.040406
0.252830 0.669024 0.078146
0.080792 0.843444 0.075765
0.517411 0.458476 0.024113
0.992131 0.007228 0.000642
0.088746 0.720218 0.191036
0.999502 0.000495 0.000003
0.611503 0.388364 0.000133
0.768935 0.135446 0.095619
0.631053 0.368616 0.000331
0.101909 0.858610 0.039481
0.022789 0.616723 0.360489
0.983532 0.010068 0.006399
0.612145 0.387720 0.000135
0.820139 0.179848 0.000013
0.590893 0.409022 0.000085
0.586360 0.413517 0.000123
0.278369 0.099163 0.622468
0.802392 0.007879 0.189729
0.107755 0.829760 0.062485
0.718794 0.281178 0.000027
0.562270 0.437522 0.000208
0.198010 0.708517 0.093473
0.769372 0.134804 0.095824
0.684011 0.315954 0.000035
0.677909 0.068720 0.253370
0.024329 0.735553 0.240118
0.435142 0.562347 0.002511
0.999171 0.000806 0.000023
0.754193 0.154404 0.091403
0.552365 0.441254 0.006382
0.084344 0.865576 0.050079
0.900486 0.099509 0.000005
0.245481 0.577542 0.176977
0.104514 0.678784 0.216703
0.029531 0.820814 0.149655
0.129474 0.852877 0.017648
0.348501 0.058358 0.593142
0.097170 0.885969 0.016862
0.050403 0.293659 0.655938
0.567944 0.431948 0.000108
0.186078 0.768654 0.045268
0.518934 0.458767 0.022299
0.398060 0.041839 0.560100
0.938825 0.002852 0.058323
0.663772 0.335743 0.000485
0.365353 0.463656 0.170991
0.629708 0.370195 0.000097
0.165572 0.802848 0.031580
0.093847 0.865021 0.041131
0.021909 0.552291 0.425800
0.913697 0.084103 0.002200
0.722918 0.270602 0.006480
0.594661 0.405069 0.000270
0.992853 0.006890 0.000258
0.091930 0.904146 0.003924
0.630568 0.359085 0.010347
0.116461 0.878125 0.005414
0.998841 0.001159 0.000000
0.692517 0.080691 0.226792
0.031088 0.967722 0.001190
0.058118 0.689244 0.252638
0.293586 0.624930 0.081484
0.970531 0.027556 0.001913
0.867502 0.132490 0.000008
0.944329 0.030789 0.024882
0.112952 0.000334 0.886713
0.434104 0.553703 0.012194
0.888940 0.111060 0.000000
0.991397 0.008602 0.000000
0.582402 0.060810 0.356789
0.149073 0.835905 0.015022
0.023260 0.825813 0.150926
0.050165 0.135111 0.814724
0.481835 0.047835 0.470330
0.530792 0.052450 0.416758
0.024366 0.279197 0.696437
0.956789 0.043209 0.000002
0.213789 0.738969 0.047242
0.240519 0.170407 0.589074
0.017693 0.283810 0.698498
0.959097 0.040748 0.000155
0.125957 0.855031 0.019012
0.520589 0.477189 0.002221
0.319657 0.416610 0.263733
0.588059 0.411742 0.000199
0.688886 0.311079 0.000035
0.728249 0.078882 0.192870
0.642465 0.357474 0.000061
0.751137 0.186341 0.062522
0.006085 0.071671 0.922244
0.643610 0.355896 0.000494
0.934593 0.064803 0.000604
0.744133 0.070539 0.185327
0.324939 0.604144 0.070917
0.021009 0.174207 0.804784
0.436073 0.563142 0.000786
0.619572 0.380306 0.000122
0.961419 0.036791 0.001789
0.616985 0.382864 0.000151
0.058230 0.890307 0.051463
0.667340 0.332612 0.000048
0.974057 0.025278 0.000665
0.566354 0.433495 0.000151
0.024567 0.741181 0.234252
0.999210 0.000637 0.000153
0.077581 0.811623 0.110796
0.392932 0.520307 0.086760
0.147322 0.824989 0.027689
0.726934 0.272440 0.000626
0.797413 0.198186 0.004401
0.664470 0.042924 0.292606
0.128933 0.811299 0.059769
0.309411 0.664511 0.026077
0.143352 0.752399 0.104249
0.606501 0.393431 0.000068
0.696388 0.031141 0.272470
0.037901 0.900511 0.061588
0.942505 0.057493 0.000002
0.743351 0.081722 0.174927
0.798620 0.201358 0.000022
0.584081 0.072183 0.343736
0.628503 0.371404 0.000092
0.074533 0.904125 0.021342
0.035617 0.866685 0.097698
0.610483 0.389305 0.000211
0.516389 0.456714 0.026898
0.752942 0.177684 0.069374
0.078713 0.802332 0.118955
0.828069 0.063834 0.108097
0.401354 0.038665 0.559981
0.947035 0.031179 0.021787
0.736172 0.075234 0.188594
0.935014 0.051373 0.013614
0.109903 0.727234 0.162863
0.023156 0.961853 0.014991
0.613442 0.386197 0.000362
0.654187 0.020622 0.325191
0.888425 0.111442 0.000133
0.496954 0.166416 0.336630
0.219381 0.749492 0.031127
0.010327 0.596583 0.393090
0.145588 0.748561 0.105851
0.236483 0.762676 0.000841
0.619389 0.380561 0.000050
0.220166 0.023625 0.756209
0.270751 0.514875 0.214374
0.339193 0.104597 0.556209
0.558757 0.360816 0.080427
0.572526 0.427295 0.000179
0.582541 0.198556 0.218903
0.251228 0.063031 0.685742
0.036271 0.875859 0.087870
0.987982 0.011748 0.000270
0.052513 0.400559 0.546928
0.276570 0.583403 0.140027
0.098693 0.887410 0.013897
0.310201 0.658499 0.031300
0.021193 0.188289 0.790519
0.156160 0.807341 0.036499
0.945169 0.028997 0.025834
0.066806 0.849807 0.083387
0.547584 0.065065 0.387351
0.564686 0.435162 0.000152
0.620244 0.379490 0.000266
0.623203 0.376702 0.000095
0.578465 0.421421 0.000114
0.937413 0.062585 0.000002
0.708209 0.077891 0.213900
0.587354 0.412553 0.000093
0.962050 0.010143 0.027807
0.110712 0.838299 0.050989
0.094166 0.609309 0.296525
0.049824 0.914162 0.036014
0.020389 0.448883 0.530727
0.383026 0.231474 0.385501
0.090850 0.806209 0.102941
0.153408 0.587951 0.258641
0.658383 0.341221 0.000396
0.747878 0.249615 0.002507
0.017271 0.292192 0.690537
0.788096 0.189119 0.022786
0.129984 0.856070 0.013946
0.995033 0.004907 0.000061
0.891434 0.052495 0.056072
0.100229 0.835876 0.063895
0.214514 0.730309 0.055177
0.634834 0.365097 0.000069
0.573506 0.426304 0.000189
0.194804 0.755762 0.049434
0.768789 0.174059 0.057152
0.109451 0.356725 0.533824
0.532275 0.448273 0.019452
0.109777 0.806319 0.083905
0.251019 0.405216 0.343766
0.937324 0.062360 0.000316
0.205066 0.284284 0.510650
0.020569 0.801502 0.177928
0.791863 0.207380 0.000757
0.593322 0.406594 0.000084
0.638908 0.029199 0.331893
0.113603 0.742995 0.143402
0.952955 0.020432 0.026613
0.090818 0.804090 0.105092
0.689269 0.310692 0.000039
0.172621 0.694188 0.133191
0.997979 0.002009 0.000012
0.974053 0.025945 0.000001
0.354564 0.624294 0.021142
0.654039 0.345910 0.000051
0.018831 0.912065 0.069104
0.606844 0.392883 0.000274
0.722161 0.277052 0.000787
0.638180 0.361298 0.000522
0.306192 0.079194 0.614613
0.026038 0.834450 0.139512
0.984772 0.014676 0.000552
0.559714 0.440178 0.000108
0.833203 0.066001 0.100796
0.058010 0.892986 0.049004
0.641968 0.357963 0.000069
0.603167 0.396565 0.000268
0.548738 0.451143 0.000119
0.569333 0.430515 0.000151
0.602698 0.397005 0.000297
0.958741 0.040072 0.001187
0.993013 0.006774 0.000213
0.904499 0.095495 0.000005
0.937252 0.037838 0.024910
0.937549 0.031880 0.030572
0.801301 0.024463 0.174236
0.901626 0.098368 0.000006
0.607030 0.392732 0.000238
0.394750 0.586642 0.018608
0.022938 0.812482 0.164580
0.973588 0.026409 0.000003
0.419342 0.578910 0.001749
0.118653 0.781695 0.099653
0.834775 0.151347 0.013877
0.990129 0.009190 0.000681
0.023850 0.829880 0.146270
0.029164 0.814440 0.156395
0.992458 0.007457 0.000085
0.177905 0.366547 0.455548
0.526189 0.219365 0.254447
0.517035 0.023772 0.459193
0.977320 0.021824 0.000856
0.460203 0.309201 0.230596
0.802022 0.163997 0.033981
0.364423 0.146320 0.489257
0.469558 0.509690 0.020752
0.292535 0.658941 0.048524
0.021972 0.845823 0.132205
0.222592 0.714978 0.062430
0.047447 0.878235 0.074318
0.023834 0.710910 0.265256
0.525317 0.402190 0.072492
0.235990 0.762705 0.001305
0.021063 0.617802 0.361136
0.021505 0.665320 0.313175
0.937198 0.058026 0.004776
0.683899 0.316066 0.000035
0.062001 0.908779 0.029220
0.588245 0.340517 0.071238
0.344281 0.011031 0.644688
0.124143 0.798669 0.077189
0.029311 0.814898 0.155790
0.968999 0.029720 0.001281
0.905561 0.094429 0.000010
0.610987 0.388941 0.000072
0.171012 0.805437 0.023551
0.150726 0.824644 0.024630
0.034838 0.964760 0.000402
0.444002 0.515335 0.040663
0.099219 0.829333 0.071448
0.987083 0.007589 0.005329
0.673468 0.278672 0.047860
0.705165 0.294790 0.000045
0.369246 0.021738 0.609017
0.052987 0.908384 0.038629
0.753036 0.190056 0.056908
0.676421 0.320495 0.003084
0.549269 0.450612 0.000119
0.158595 0.001912 0.839493
0.038820 0.857999 0.103180
0.585180 0.414620 0.000200
0.021914 0.614632 0.363454
0.495861 0.053155 0.450984
0.985801 0.014199 0.000000
0.032077 0.967001 0.000923
0.581577 0.400514 0.017910
0.772797 0.199788 0.027415
0.148170 0.465418 0.386412
0.583636 0.416258 0.000106
0.014128 0.105330 0.880542
0.281364 0.500875 0.217761
0.983496 0.015848 0.000656
0.731952 0.268034 0.000014
0.600487 0.399247 0.000266
0.021370 0.721063 0.257566
0.652726 0.347200 0.000073
0.019621 0.568914 0.411465
