0.918702 0.081296 0.000001
0.999918 0.000082 0.000000
0.476766 0.508767 0.014467
1.000000 0.000000 -0.000000
0.999461 0.000539 0.000000
0.944416 0.055072 0.000512
0.058904 0.928613 0.012482
0.000754 0.409301 0.589946
0.988935 0.011061 0.000005
0.815995 0.142610 0.041394
0.000003 0.265842 0.734155
0.000000 0.000106 0.999894
0.000000 0.000194 0.999806
0.379111 0.620715 0.000175
0.000000 0.000199 0.999801
0.000015 0.153944 0.846041
0.977520 0.022434 0.000047
0.999962 0.000038 0.000000
0.000000 0.993412 0.006587
0.211352 0.786745 0.001903
0.008621 0.899196 0.092183
0.000002 0.025543 0.974455
0.920059 0.070056 0.009885
0.226463 0.713569 0.059968
0.503229 0.489420 0.007351
0.999015 0.000985 0.000000
0.000885 0.999098 0.000018
0.000125 0.592578 0.407297
0.041203 0.604937 0.353860
0.006195 0.957229 0.036575
0.000006 0.167534 0.832459
0.061361 0.874866 0.063773
0.000035 0.999910 0.000055
0.140681 0.664819 0.194500
0.000010 0.999877 0.000113
0.000048 0.275910 0.724042
0.001845 0.498086 0.500069
0.001198 0.349040 0.649762
0.373571 0.614997 0.011432
0.999979 0.000021 0.000000
0.092762 0.899439 0.007799
0.866745 0.124579 0.008677
0.982465 0.017297 0.000238
0.608961 0.372095 0.018944
0.176358 0.730148 0.093494
0.085000 0.354615 0.560385
0.000005 0.990288 0.009707
0.000243 0.649732 0.350025
0.998550 0.001450 0.000000
0.000065 0.155144 0.844791
0.997183 0.002817 0.000000
0.192720 0.659930 0.147350
0.000000 0.997653 0.002347
0.001815 0.997931 0.000254
0.339360 0.654066 0.006574
0.000991 0.999009 0.000001
0.000147 0.999849 0.000004
0.002168 0.697362 0.300470
0.788454 0.206728 0.004818
0.363577 0.560943 0.075480
0.581704 0.362121 0.056175
0.000000 0.028023 0.971977
0.405563 0.582725 0.011712
0.999998 0.000002 0.000000
0.010923 0.971967 0.017110
0.000125 0.994502 0.005374
0.408229 0.527267 0.064504
0.953589 0.046408 0.000003
0.671071 0.322652 0.006277
0.379298 0.473724 0.146979
0.074268 0.922936 0.002797
0.870257 0.128232 0.001512
0.000029 0.960083 0.039888
0.399318 0.504974 0.095708
0.000000 0.000036 0.999964
0.919376 0.079618 0.001006
0.000041 0.998075 0.001884
0.999922 0.000078 0.000000
0.908916 0.090588 0.000497
0.161721 0.751570 0.086709
0.999980 0.000020 0.000000
0.887517 0.106882 0.005600
0.000003 0.398020 0.601978
0.000114 0.944446 0.055440
0.934754 0.064826 0.000420
0.001142 0.798487 0.200371
0.000354 0.420595 0.579051
0.999995 0.000005 -0.000000
0.000000 0.066419 0.933581
0.259098 0.706122 0.034779
0.000001 0.040431 0.959569
0.024006 0.958868 0.017126
0.001753 0.933829 0.064418
0.065546 0.586213 0.348241
0.968713 0.031241 0.000046
0.974775 0.025225 0.000000
0.339662 0.559460 0.100878
0.074159 0.132609 0.793233
0.862336 0.104331 0.033332
0.000543 0.498129 0.501328
0.000376 0.352367 0.647258
0.994746 0.005254 0.000000
0.986441 0.013559 0.000000
0.000020 0.087497 0.912483
0.999986 0.000014 0.000000
0.962575 0.037409 0.000016
0.000065 0.372705 0.627230
0.154341 0.632139 0.213520
0.226032 0.629482 0.144486
0.000000 0.002312 0.997688
0.277743 0.686776 0.035481
0.000667 0.558731 0.440602
0.000000 0.001766 0.998234
0.005018 0.950685 0.044298
0.040226 0.942430 0.017345
0.002435 0.857338 0.140228
0.493528 0.505637 0.000835
0.111922 0.433870 0.454208
0.949931 0.049916 0.000153
0.000000 0.000093 0.999907
0.996519 0.003471 0.000010
0.000007 0.019514 0.980479
0.000399 0.760131 0.239470
0.002491 0.937942 0.059567
0.774176 0.220696 0.005128
0.246790 0.743819 0.009390
0.010280 0.878459 0.111261
0.112870 0.609446 0.277684
0.474317 0.510578 0.015105
0.645219 0.352666 0.002114
0.691289 0.308161 0.000550
0.921090 0.078894 0.000016
0.973610 0.025445 0.000945
0.000051 0.435451 0.564498
0.999978 0.000022 0.000000
0.033048 0.954676 0.012275
0.978968 0.021028 0.000004
0.231128 0.653110 0.115762
0.380815 0.566041 0.053144
0.699470 0.300517 0.000013
0.000010 0.270583 0.729407
0.480978 0.153208 0.365814
0.007710 0.459577 0.532713
0.431486 0.489458 0.079056
0.010764 0.725941 0.263295
0.269177 0.668955 0.061868
0.000000 0.014665 0.985335
0.014192 0.126274 0.859534
0.951534 0.048461 0.000005
0.530798 0.422845 0.046357
0.745987 0.252045 0.001968
0.000629 0.517059 0.482311
0.413167 0.436231 0.150602
0.000035 0.806970 0.192994
0.996735 0.003240 0.000026
0.005452 0.967924 0.026623
0.988467 0.011533 0.000000
0.226378 0.641239 0.132382
0.885501 0.063751 0.050748
0.000003 0.151141 0.848855
0.000175 0.387463 0.612362
0.316972 0.601646 0.081382
0.311071 0.687259 0.001671
0.000000 0.000043 0.999957
0.441324 0.555647 0.003029
0.009882 0.564713 0.425405
0.999058 0.000942 0.000000
0.006762 0.957936 0.035302
0.010548 0.967366 0.022086
0.007304 0.972315 0.020380
0.000020 0.999733 0.000247
0.982015 0.017959 0.000026
0.986572 0.013428 0.000000
0.002481 0.997519 0.000000
0.999627 0.000372 0.000000
0.604813 0.393931 0.001256
0.000353 0.570952 0.428695
0.005986 0.383850 0.610164
0.997965 0.002035 0.000000
0.000163 0.125880 0.873957
0.000013 0.158696 0.841291
0.683377 0.309119 0.007504
0.034353 0.808989 0.156659
0.400969 0.326404 0.272627
0.814412 0.185456 0.000132
0.980254 0.019743 0.000003
0.302999 0.159332 0.537669
0.505989 0.415831 0.078180
0.000138 0.914403 0.085459
0.986903 0.013096 0.000002
0.000000 0.941675 0.058325
0.000023 0.218953 0.781023
0.844089 0.101335 0.054576
0.000174 0.999765 0.000061
0.999585 0.000415 0.000000
0.037366 0.830126 0.132507
0.352527 0.165353 0.482119
0.999999 0.000001 -0.000000
0.999993 0.000007 0.000000
0.215467 0.471382 0.313151
0.928713 0.065684 0.005603
0.001437 0.848082 0.150480
0.002170 0.887363 0.110467
0.996684 0.003315 0.000001
0.000018 0.770842 0.229140
0.308319 0.678377 0.013304
0.008970 0.875842 0.115188
0.646561 0.342423 0.011016
0.999468 0.000532 0.000000
0.196450 0.508555 0.294996
0.999753 0.000247 0.000000
0.999999 0.000001 0.000000
0.998400 0.001600 0.000000
0.012411 0.977504 0.010085
0.380171 0.506896 0.112933
0.742075 0.257286 0.000639
0.000032 0.960234 0.039734
0.000069 0.492621 0.507311
0.999450 0.000550 0.000000
0.710204 0.283338 0.006458
0.990774 0.009225 0.000000
0.000699 0.894326 0.104975
0.000009 0.058742 0.941249
0.000014 0.026831 0.973156
0.998725 0.001275 0.000000
0.000113 0.543690 0.456197
0.000000 0.016417 0.983583
0.000005 0.999858 0.000137
0.813990 0.182213 0.003797
0.031470 0.827288 0.141242
0.202947 0.720002 0.077052
0.000544 0.999404 0.000051
0.314219 0.643994 0.041787
0.005961 0.909813 0.084226
0.293328 0.684169 0.022503
0.002364 0.544437 0.453199
0.000479 0.919591 0.079931
0.025824 0.736756 0.237420
0.015296 0.631998 0.352706
0.314409 0.678995 0.006596
0.000029 0.119388 0.880583
0.000031 0.420514 0.579455
0.000000 0.000260 0.999740
0.010327 0.959839 0.029835
0.002457 0.941383 0.056160
0.963776 0.036223 0.000001
0.011199 0.880790 0.108011
0.999088 0.000912 0.000000
0.008029 0.800641 0.191330
0.035513 0.713431 0.251055
0.041547 0.174566 0.783887
0.625636 0.374301 0.000063
0.127971 0.724655 0.147374
0.000000 0.016571 0.983429
0.001718 0.808623 0.189659
0.000399 0.689280 0.310321
0.000022 0.999940 0.000038
0.046422 0.945117 0.008460
1.000000 0.000000 0.000000
0.004505 0.964254 0.031240
0.072081 0.923846 0.004073
0.999899 0.000101 -0.000000
0.999988 0.000012 0.000000
0.000000 0.000012 0.999988
0.000091 0.979477 0.020432
0.150836 0.514350 0.334814
0.509875 0.359647 0.130478
0.015455 0.953108 0.031437
0.366643 0.479378 0.153979
0.010044 0.974012 0.015944
0.002311 0.632610 0.365078
0.000068 0.159765 0.840167
0.000000 0.001924 0.998076
0.335686 0.424100 0.240215
0.031764 0.959690 0.008546
0.988335 0.011638 0.000026
0.000001 0.972455 0.027544
0.165868 0.638863 0.195269
1.000000 0.000000 0.000000
0.987777 0.012222 0.000000
0.002177 0.937161 0.060662
0.004170 0.766739 0.229090
0.333943 0.475128 0.190929
0.027841 0.865032 0.107127
0.000581 0.859159 0.140259
0.333250 0.647039 0.019712
0.999944 0.000056 0.000000
0.452051 0.520846 0.027103
0.987341 0.012655 0.000004
0.994910 0.005090 0.000000
0.000000 0.010408 0.989592
0.090842 0.776955 0.132203
0.004266 0.840423 0.155311
0.999606 0.000394 0.000000
0.001303 0.378015 0.620682
0.447971 0.212563 0.339465
0.015859 0.971333 0.012808
0.006123 0.951606 0.042271
1.000000 0.000000 -0.000000
0.395939 0.390013 0.214048
0.027538 0.949679 0.022782
0.650715 0.342779 0.006507
0.000433 0.777385 0.222182
0.000410 0.912784 0.086806
0.000000 0.002219 0.997781
0.979312 0.020687 0.000001
0.612657 0.387091 0.000252
0.000043 0.975494 0.024462
0.955675 0.043540 0.000785
0.003216 0.877642 0.119142
0.000000 0.011760 0.988240
0.216968 0.781989 0.001042
0.982421 0.017577 0.000002
0.000001 0.090916 0.909083
0.000000 0.685849 0.314151
0.934904 0.060724 0.004372
1.000000 0.000000 0.000000
0.535330 0.433845 0.030825
0.999851 0.000149 0.000000
0.512412 0.484680 0.002909
0.123913 0.743908 0.132180
0.003183 0.943639 0.053178
-0.000000 0.000002 0.999998
0.999935 0.000065 0.000000
0.906275 0.093723 0.000002
0.142009 0.856082 0.001908
0.004993 0.851058 0.143950
0.000000 0.017655 0.982345
0.000000 0.010505 0.989495
0.073133 0.919402 0.007465
0.000604 0.999345 0.000050
0.000052 0.999228 0.000720
-0.000000 0.000008 0.999992
0.000036 0.865804 0.134160
0.041571 0.291719 0.666709
0.990567 0.009433 0.000000
0.541310 0.276855 0.181835
0.000001 0.021283 0.978716
0.093906 0.815578 0.090516
0.639822 0.360072 0.000107
0.000112 0.616783 0.383105
0.279008 0.568342 0.152650
0.999997 0.000003 0.000000
0.437500 0.507006 0.055493
0.999066 0.000934 0.000000
0.000000 0.001328 0.998672
0.001716 0.905874 0.092410
0.000000 0.001868 0.998132
0.429019 0.569808 0.001173
0.102010 0.314669 0.583320
0.002473 0.857958 0.139570
0.665500 0.328183 0.006317
0.998725 0.001275 0.000000
0.197100 0.802900 0.000000
0.389856 0.605423 0.004721
0.000146 0.181406 0.818448
0.176426 0.734746 0.088827
0.001867 0.122165 0.875968
0.660228 0.338395 0.001377
0.172900 0.231775 0.595325
0.001292 0.917427 0.081282
0.739915 0.259450 0.000635
0.514620 0.477366 0.008015
0.000003 0.055422 0.944575
0.999246 0.000754 0.000000
0.000001 0.934822 0.065177
0.004469 0.922812 0.072719
0.436795 0.544095 0.019110
0.000000 0.000274 0.999726
0.999987 0.000013 0.000000
0.000666 0.833004 0.166330
0.350359 0.508968 0.140673
0.999968 0.000032 0.000000
0.999876 0.000124 -0.000000
0.000000 0.000163 0.999837
0.000232 0.338243 0.661525
0.000008 0.999679 0.000314
0.004106 0.866471 0.129423
0.999798 0.000202 0.000000
0.999602 0.000398 0.000000
0.145098 0.852475 0.002427
0.340158 0.354644 0.305198
0.020756 0.979244 0.000000
0.484539 0.396986 0.118475
0.000004 0.044243 0.955754
0.023098 0.863630 0.113272
0.000141 0.997878 0.001981
1.000000 0.000000 0.000000
0.981746 0.018254 0.000000
0.000000 0.000082 0.999918
0.003553 0.880886 0.115561
0.505773 0.488838 0.005390
0.050990 0.308086 0.640924
0.692235 0.276211 0.031555
0.000000 0.026533 0.973467
0.000000 0.086917 0.913083
0.018903 0.967979 0.013119
0.997587 0.002413 0.000000
0.071894 0.922561 0.005544
0.969804 0.030196 0.000000
0.999995 0.000005 0.000000
0.228019 0.378721 0.393260
0.000006 0.055831 0.944163
0.945423 0.054203 0.000374
0.000175 0.329429 0.670396
0.000006 0.051443 0.948551
0.660319 0.312845 0.026836
0.943492 0.056343 0.000166
0.000008 0.293230 0.706761
0.928758 0.070799 0.000443
0.651895 0.306761 0.041344
0.460040 0.163173 0.376788
0.538767 0.336930 0.124303
0.973580 0.026396 0.000025
0.000006 0.999825 0.000170
0.181295 0.328202 0.490503
0.000010 0.998116 0.001874
0.999806 0.000194 0.000000
0.002197 0.930309 0.067495
0.405526 0.428211 0.166263
0.999655 0.000345 0.000000
0.648785 0.314353 0.036862
0.001614 0.940778 0.057608
0.826048 0.169165 0.004787
0.000057 0.182506 0.817436
0.001088 0.194586 0.804326
0.000002 0.203886 0.796112
0.000493 0.999505 0.000002
0.987998 0.012002 0.000001
0.000000 0.000000 1.000000
0.001669 0.783238 0.215093
0.000000 0.014744 0.985256
0.737222 0.258124 0.004654
0.512925 0.454602 0.032473
0.878556 0.121435 0.000009
0.000009 0.073156 0.926835
0.000004 0.124368 0.875628
0.038740 0.694065 0.267196
0.000000 0.007152 0.992848
0.000000 0.020341 0.979659
0.000014 0.999161 0.000825
0.001395 0.618978 0.379628
0.000082 0.999893 0.000025
0.999456 0.000544 0.000000
0.001999 0.851034 0.146967
0.000039 0.999820 0.000141
0.082725 0.263846 0.653429
0.000039 0.150645 0.849316
0.999691 0.000309 0.000000
0.110730 0.406273 0.482997
0.506211 0.489117 0.004671
0.000362 0.632948 0.366691
0.000000 0.001777 0.998223
0.000007 0.999919 0.000074
1.000000 0.000000 0.000000
-0.000000 0.000010 0.999990
0.025375 0.959517 0.015108
0.000000 0.003240 0.996760
0.261065 0.711535 0.027400
0.000000 0.004232 0.995768
0.302459 0.694491 0.003050
0.183791 0.716125 0.100084
0.252016 0.599206 0.148778
0.998731 0.001269 0.000000
0.996373 0.003627 0.000000
0.882814 0.088574 0.028612
0.000001 0.093775 0.906224
0.726501 0.273245 0.000253
1.000000 0.000000 -0.000000
0.938699 0.061298 0.000003
0.000000 0.032580 0.967420
0.010377 0.612215 0.377408
0.114397 0.430736 0.454867
0.999193 0.000807 0.000000
0.980514 0.019423 0.000063
0.154768 0.213992 0.631240
0.997874 0.002126 0.000000
0.149383 0.849240 0.001377
0.052812 0.646484 0.300703
0.982552 0.017125 0.000323
0.651854 0.133818 0.214328
0.077728 0.776550 0.145722
0.000000 0.011109 0.988891
0.000017 0.752881 0.247102
0.000115 0.999874 0.000011
0.927661 0.071990 0.000348
0.326115 0.633118 0.040768
0.001878 0.904492 0.093630
0.044622 0.818158 0.137221
0.708498 0.291463 0.000038
0.545047 0.448153 0.006799
0.000001 0.110679 0.889320
0.000000 0.010414 0.989586
0.000281 0.368357 0.631363
0.312168 0.613360 0.074472
0.210038 0.575524 0.214439
0.670377 0.171099 0.158523
0.184977 0.438745 0.376278
0.238918 0.675429 0.085654
0.009039 0.660421 0.330540
0.995297 0.004703 0.000000
0.957785 0.042112 0.000103
0.829977 0.128843 0.041180
0.008504 0.253722 0.737774
0.552466 0.445010 0.002524
0.303671 0.674189 0.022139
0.430557 0.564024 0.005419
0.003910 0.091402 0.904688
0.000000 0.059916 0.940084
0.512971 0.466349 0.020679
0.072255 0.902877 0.024868
0.150592 0.712108 0.137300
0.015933 0.864366 0.119701
0.394239 0.558298 0.047463
0.000600 0.731829 0.267571
0.013008 0.696390 0.290601
0.000232 0.086906 0.912861
0.999323 0.000677 0.000000
0.240727 0.681544 0.077729
0.702267 0.297731 0.000003
0.996404 0.003595 0.000001
0.248917 0.592629 0.158453
0.000000 0.001189 0.998811
0.007888 0.507930 0.484181
0.000006 0.105828 0.894166
0.946224 0.043891 0.009885
0.999844 0.000156 0.000000
0.000032 0.278447 0.721520
0.000330 0.999638 0.000031
0.805298 0.193936 0.000766
0.999147 0.000853 0.000000
0.999961 0.000039 0.000000
0.000023 0.992166 0.007811
0.052450 0.824058 0.123492
0.000000 0.890235 0.109765
0.000008 0.244434 0.755558
0.134694 0.102677 0.762629
0.005522 0.950719 0.043760
0.843252 0.132280 0.024468
0.000000 0.000051 0.999949
0.486329 0.375500 0.138171
0.321031 0.665267 0.013701
0.000109 0.999749 0.000141
0.508605 0.405235 0.086161
0.713019 0.286816 0.000165
0.950578 0.046527 0.002896
0.999521 0.000479 0.000000
0.701346 0.280698 0.017956
0.000000 0.024252 0.975748
0.004929 0.995021 0.000050
0.141859 0.768418 0.089723
0.781943 0.170314 0.047743
0.998864 0.001136 0.000000
0.003034 0.947525 0.049441
0.000000 0.000928 0.999072
0.032913 0.924538 0.042549
0.044510 0.907392 0.048098
0.646833 0.352550 0.000617
0.999997 0.000003 -0.000000
0.000531 0.077285 0.922184
0.999690 0.000310 0.000000
0.588292 0.407925 0.003782
0.244243 0.755275 0.000482
0.000002 0.029932 0.970066
0.000000 0.004124 0.995876
0.856456 0.143540 0.000004
0.681959 0.272150 0.045891
0.985124 0.014873 0.000003
0.000015 0.992359 0.007626
0.572233 0.411947 0.015820
0.100238 0.896115 0.003648
0.000297 0.577704 0.421999
0.001168 0.930898 0.067934
0.995313 0.004687 0.000000
0.727055 0.272842 0.000102
0.484877 0.501380 0.013743
0.992691 0.007305 0.000005
0.999848 0.000152 0.000000
0.000521 0.999445 0.000034
0.528803 0.470838 0.000359
0.000000 0.017887 0.982113
0.000000 0.001190 0.998810
0.191871 0.656752 0.151378
0.000000 0.000066 0.999934
0.006368 0.993600 0.000032
0.002905 0.997094 0.000001
0.217015 0.782985 0.000000
0.985837 0.014162 0.000001
0.960721 0.038765 0.000515
0.708047 0.291558 0.000394
0.882633 0.115983 0.001384
0.000000 0.069408 0.930592
0.300735 0.698043 0.001222
0.985590 0.014405 0.000005
0.246946 0.706624 0.046430
1.000000 0.000000 0.000000
0.003705 0.733383 0.262913
0.002983 0.934116 0.062901
0.000000 0.000377 0.999623
0.938963 0.060914 0.000124
0.371359 0.622642 0.005999
0.526116 0.202726 0.271157
0.529006 0.470002 0.000992
0.016655 0.857521 0.125824
0.998608 0.001392 0.000000
0.916409 0.083524 0.000067
0.860310 0.075711 0.063980
0.012977 0.337597 0.649426
0.753162 0.232697 0.014141
0.001276 0.622973 0.375751
0.428149 0.358735 0.213116
0.000077 0.154653 0.845270
0.001344 0.815088 0.183568
0.973755 0.025848 0.000397
0.980602 0.019398 0.000000
0.480904 0.442376 0.076720
0.499901 0.459260 0.040839
0.000000 0.007446 0.992554
0.000000 0.092259 0.907741
0.673507 0.087230 0.239263
0.882987 0.116995 0.000018
0.320358 0.233789 0.445853
0.000000 0.035043 0.964957
0.000001 0.022981 0.977018
0.003878 0.952087 0.044035
0.000000 0.026319 0.973680
0.986177 0.013468 0.000355
0.974632 0.025360 0.000009
0.002721 0.844107 0.153172
0.033618 0.813275 0.153107
0.999247 0.000753 0.000000
0.978192 0.021795 0.000012
0.988733 0.011267 0.000000
0.998931 0.001069 0.000000
0.368068 0.379205 0.252727
0.209030 0.689624 0.101345
0.739793 0.180352 0.079855
0.000197 0.889872 0.109931
0.000028 0.107427 0.892545
0.999925 0.000075 -0.000000
0.110880 0.732784 0.156335
0.001211 0.783030 0.215759
0.077520 0.908691 0.013789
0.295697 0.703584 0.000719
0.804877 0.195042 0.000081
0.369355 0.530404 0.100241
0.515998 0.473778 0.010223
0.850681 0.148984 0.000335
0.006687 0.909561 0.083752
0.079414 0.872742 0.047844
0.999873 0.000127 0.000000
0.011992 0.699205 0.288803
0.004223 0.928959 0.066818
0.007389 0.728360 0.264251
0.000065 0.291363 0.708573
0.122698 0.765182 0.112121
0.882494 0.104317 0.013189
0.003628 0.666616 0.329755
0.976684 0.023302 0.000014
0.597165 0.149987 0.252848
0.001340 0.913624 0.085036
0.424244 0.539093 0.036663
0.914636 0.071198 0.014166
0.999960 0.000040 0.000000
0.999942 0.000058 0.000000
0.016819 0.879890 0.103291
0.002644 0.783941 0.213414
0.000006 0.272969 0.727026
0.995983 0.004017 0.000000
0.001698 0.655803 0.342499
0.863774 0.136224 0.000002
0.989048 0.010952 0.000000
0.017877 0.888023 0.094100
0.006978 0.855601 0.137421
0.999910 0.000090 0.000000
0.000129 0.076484 0.923387
0.144836 0.569408 0.285755
0.863277 0.136366 0.000357
0.137149 0.530424 0.332426
0.005330 0.964714 0.029956
0.003209 0.920158 0.076633
0.999844 0.000156 0.000000
0.000891 0.482395 0.516714
0.000030 0.941554 0.058416
0.931220 0.068561 0.000219
0.000000 0.040450 0.959550
0.522569 0.456691 0.020740
0.043922 0.950654 0.005424
0.999158 0.000842 0.000000
0.000016 0.994973 0.005011
0.000004 0.096873 0.903123
0.002512 0.936537 0.060951
0.002319 0.794882 0.202799
0.999862 0.000138 0.000000
0.833497 0.162555 0.003948
0.000001 0.027564 0.972435
0.999004 0.000996 0.000000
0.992833 0.007165 0.000001
0.256947 0.691679 0.051374
0.982310 0.017689 0.000001
0.630828 0.369091 0.000081
0.000000 0.012594 0.987406
0.000041 0.999019 0.000941
0.014081 0.646492 0.339427
0.980316 0.019419 0.000265
0.999992 0.000008 0.000000
0.993755 0.006195 0.000050
0.007173 0.810201 0.182626
0.650259 0.301356 0.048385
0.605541 0.394067 0.000392
0.981819 0.018180 0.000001
0.956435 0.043564 0.000000
0.907663 0.091998 0.000339
0.251981 0.747754 0.000265
0.000593 0.952936 0.046471
0.595385 0.404260 0.000355
0.920637 0.078705 0.000658
0.959717 0.039975 0.000308
0.999309 0.000691 0.000000
0.000056 0.999298 0.000646
0.000020 0.079625 0.920355
0.644767 0.329183 0.026050
0.000516 0.327976 0.671508
0.998418 0.001582 0.000000
0.129679 0.862320 0.008001
0.017824 0.961324 0.020852
0.988080 0.011904 0.000016
0.999831 0.000169 0.000000
0.000283 0.818545 0.181172
0.016710 0.837334 0.145957
0.000109 0.489016 0.510875
0.991695 0.008305 0.000000
1.000000 0.000000 -0.000000
0.697708 0.301023 0.001268
0.000360 0.638086 0.361554
0.655943 0.339977 0.004079
0.998114 0.001886 0.000000
0.404103 0.568042 0.027856
0.000000 0.002373 0.997627
0.000146 0.447923 0.551931
0.327229 0.672343 0.000428
0.047644 0.946728 0.005628
0.999935 0.000065 0.000000
0.155016 0.398026 0.446958
0.000000 0.004388 0.995612
0.021340 0.206934 0.771726
0.000000 0.015808 0.984192
0.151685 0.170320 0.677995
0.000097 0.193975 0.805928
0.010370 0.953715 0.035915
0.999999 0.000001 0.000000
0.635182 0.364660 0.000158
0.005934 0.948351 0.045715
0.000169 0.223620 0.776211
0.001458 0.998541 0.000001
0.998258 0.001741 0.000000
0.721563 0.278019 0.000418
0.999116 0.000884 0.000000
0.670977 0.328634 0.000389
0.007632 0.992367 0.000001
0.000009 0.179457 0.820534
1.000000 0.000000 -0.000000
0.168001 0.830414 0.001586
0.974366 0.025582 0.000053
0.961875 0.038051 0.000074
0.075494 0.731277 0.193229
0.160252 0.400562 0.439186
0.377298 0.394296 0.228406
0.848965 0.148533 0.002502
0.043960 0.932416 0.023625
0.950546 0.048866 0.000588
0.988018 0.011981 0.000001
0.000024 0.810338 0.189637
0.000000 0.229052 0.770948
0.003764 0.803980 0.192256
0.035531 0.888856 0.075613
0.000423 0.215587 0.783991
0.012826 0.551541 0.435633
0.000027 0.999160 0.000813
0.999997 0.000003 0.000000
0.664246 0.335119 0.000635
0.092292 0.892726 0.014982
0.000000 0.000355 0.999645
0.331971 0.666578 0.001450
0.084297 0.757584 0.158118
0.501682 0.488491 0.009826
0.115531 0.734169 0.150300
0.000000 0.000459 0.999541
0.000000 0.000038 0.999962
0.040843 0.729910 0.229248
0.000006 0.801020 0.198974
0.000007 0.055030 0.944962
0.000387 0.642603 0.357010
0.000000 0.009522 0.990478
0.000053 0.141092 0.858855
0.448499 0.374006 0.177495
0.945542 0.054458 0.000001
0.997428 0.002570 0.000002
0.408512 0.362572 0.228915
0.181394 0.480624 0.337981
0.965247 0.034752 0.000000
0.102229 0.604846 0.292924
0.000006 0.120398 0.879596
0.998604 0.001395 0.000001
0.999982 0.000018 0.000000
0.368942 0.505639 0.125419
0.810756 0.188779 0.000465
0.998816 0.001184 0.000000
0.399630 0.585335 0.015035
0.000000 0.000998 0.999002
0.109877 0.732833 0.157290
0.054571 0.574659 0.370770
0.790552 0.209035 0.000413
0.000006 0.278602 0.721392
0.407568 0.581418 0.011014
0.808174 0.190893 0.000934
0.359467 0.473283 0.167250
0.014154 0.849667 0.136179
0.175790 0.638019 0.186191
0.000246 0.476810 0.522943
0.000000 0.017026 0.982974
0.000000 0.005992 0.994008
0.945971 0.054029 0.000000
0.000015 0.255480 0.744505
0.001662 0.896186 0.102152
0.485776 0.343793 0.170431
0.000151 0.266831 0.733018
0.007761 0.992239 0.000000
0.000082 0.999881 0.000037
0.799657 0.187259 0.013083
0.000599 0.700336 0.299064
0.000000 0.000694 0.999306
0.473974 0.514696 0.011330
0.631423 0.173694 0.194884
0.544502 0.437971 0.017528
0.999907 0.000093 -0.000000
0.002113 0.231002 0.766885
0.936841 0.057804 0.005355
0.004788 0.324054 0.671158
0.630236 0.368197 0.001567
0.062200 0.682173 0.255627
0.035695 0.807180 0.157125
0.991857 0.008133 0.000010
0.073716 0.923212 0.003072
0.760350 0.204096 0.035554
0.889731 0.098818 0.011451
0.671153 0.327694 0.001153
0.770199 0.229801 0.000000
0.990333 0.009666 0.000001
0.000000 0.997548 0.002452
0.993683 0.006316 0.000001
0.984388 0.015591 0.000021
0.000201 0.456134 0.543665
0.129673 0.868253 0.002074
0.000000 0.056265 0.943735
0.999991 0.000009 -0.000000
0.000012 0.892883 0.107105
0.013637 0.785925 0.200437
0.000014 0.772874 0.227112
0.569579 0.403789 0.026632
0.151477 0.740278 0.108245
0.914619 0.085364 0.000017
0.995049 0.004949 0.000002
0.006841 0.897320 0.095839
0.000000 0.000117 0.999883
0.000234 0.247263 0.752503
0.999806 0.000194 0.000000
0.491026 0.496591 0.012383
0.000000 0.126669 0.873331
0.002908 0.549103 0.447989
0.001218 0.998782 0.000000
0.001900 0.791555 0.206545
0.994410 0.005590 0.000000
0.070655 0.375207 0.554138
0.853507 0.146480 0.000013
0.244174 0.625038 0.130788
0.000003 0.039191 0.960806
0.674701 0.140411 0.184888
0.000000 0.037405 0.962595
0.022104 0.588395 0.389501
0.565608 0.340507 0.093886
0.002656 0.824153 0.173191
0.000013 0.095516 0.904471
0.979323 0.020677 0.000001
0.262823 0.736514 0.000664
0.207395 0.767905 0.024700
0.000122 0.999787 0.000091
0.133045 0.853251 0.013704
0.203058 0.736104 0.060837
0.000000 0.000332 0.999668
0.667275 0.327669 0.005055
0.000091 0.154346 0.845562
0.969256 0.030740 0.000004
0.000003 0.051513 0.948484
0.990881 0.009086 0.000033
0.948803 0.051196 0.000001
0.649140 0.134389 0.216471
0.000000 0.006149 0.993851
0.000366 0.592746 0.406888
0.089598 0.890389 0.020013
0.049431 0.911565 0.039004
0.568045 0.266852 0.165103
0.170947 0.824118 0.004935
0.001271 0.803883 0.194846
0.000736 0.395965 0.603299
0.999520 0.000480 0.000000
0.726297 0.273370 0.000333
0.273475 0.708462 0.018062
0.999637 0.000363 0.000000
0.886576 0.107598 0.005826
0.000023 0.727551 0.272426
0.000003 0.116465 0.883532
0.034932 0.951334 0.013734
0.800486 0.199368 0.000147
0.000000 0.291635 0.708365
0.016385 0.758229 0.225386
0.028854 0.448875 0.522270
0.000088 0.129974 0.869938
0.995213 0.004787 0.000000
0.744195 0.227850 0.027955
0.932928 0.067071 0.000001
0.000000 0.000078 0.999922
0.186987 0.615702 0.197311
0.753663 0.245107 0.001230
0.078262 0.750499 0.171239
1.000000 0.000000 -0.000000
0.347744 0.642696 0.009560
0.001855 0.501499 0.496645
0.065622 0.245091 0.689286
0.563178 0.434846 0.001975
0.000029 0.999888 0.000082
0.983239 0.016760 0.000002
0.440127 0.482261 0.077612
0.000000 0.000008 0.999992
0.889092 0.109333 0.001575
0.002356 0.829199 0.168446
0.999670 0.000330 0.000000
0.239219 0.733926 0.026855
0.969877 0.030121 0.000002
0.958029 0.041898 0.000074
0.009608 0.975503 0.014890
0.000533 0.831897 0.167571
0.034137 0.961231 0.004632
0.023678 0.881072 0.095250
0.000000 0.005089 0.994911
0.000138 0.864795 0.135067
0.999980 0.000020 0.000000
0.572398 0.421346 0.006257
0.659068 0.316702 0.024230
0.994433 0.005559 0.000008
0.276889 0.694789 0.028321
0.025126 0.794166 0.180709
0.699337 0.300169 0.000494
0.013356 0.531982 0.454662
0.000019 0.973386 0.026595
0.000030 0.195243 0.804726
0.070145 0.693502 0.236353
0.212972 0.419755 0.367273
0.975734 0.023925 0.000341
0.000001 0.088339 0.911660
0.101029 0.897950 0.001021
0.765741 0.230407 0.003852
0.559458 0.439575 0.000967
0.999931 0.000069 0.000000
0.000001 0.209681 0.790318
0.024230 0.253318 0.722452
0.420418 0.554507 0.025075
0.691968 0.281500 0.026532
0.560434 0.410961 0.028605
0.839253 0.149244 0.011503
0.017865 0.833500 0.148636
0.669974 0.329468 0.000558
0.057012 0.779951 0.163037
0.958166 0.040567 0.001268
0.000087 0.503886 0.496027
0.968214 0.031785 0.000001
0.507030 0.286116 0.206854
0.507489 0.486003 0.006507
0.001151 0.872183 0.126666
0.325037 0.510745 0.164218
0.338200 0.596348 0.065453
0.006335 0.831355 0.162310
0.940602 0.059058 0.000340
0.000017 0.082954 0.917029
0.000075 0.918002 0.081923
0.003920 0.937524 0.058556
0.405315 0.569477 0.025209
0.067976 0.920113 0.011911
0.501731 0.450360 0.047908
0.021562 0.797589 0.180849
0.963036 0.036928 0.000036
0.000118 0.999856 0.000026
0.000440 0.493218 0.506342
0.999243 0.000757 0.000000
0.486772 0.511543 0.001685
0.000123 0.885181 0.114696
0.012410 0.596129 0.391461
0.037765 0.958551 0.003684
0.007551 0.992445 0.000003
0.000000 0.007900 0.992100
0.883659 0.114821 0.001520
0.038123 0.958740 0.003137
0.000000 0.001135 0.998865
0.000270 0.709724 0.290007
0.000004 0.984309 0.015687
0.002794 0.997205 0.000000
0.979754 0.020244 0.000002
0.000007 0.057822 0.942170
0.000005 0.127851 0.872144
0.000000 0.000174 0.999826
0.209264 0.790735 0.000000
0.978680 0.021314 0.000006
0.000000 0.000219 0.999781
0.848336 0.148186 0.003479
0.994822 0.005005 0.000173
0.000025 0.259657 0.740317
0.000000 0.040204 0.959796
-0.000000 0.000102 0.999898
0.368216 0.482279 0.149505
0.000005 0.969180 0.030815
0.503533 0.391255 0.105213
0.101927 0.268811 0.629263
0.681976 0.316858 0.001166
0.867515 0.132471 0.000014
0.112449 0.752009 0.135542
0.850878 0.148570 0.000552
0.927441 0.072559 0.000000
0.014394 0.921499 0.064107
0.999997 0.000003 -0.000000
0.999583 0.000416 0.000000
0.013455 0.969423 0.017122
0.000243 0.999750 0.000007
0.999992 0.000008 0.000000
0.000000 0.000002 0.999998
0.008169 0.879616 0.112214
0.012517 0.915498 0.071985
0.785569 0.214118 0.000313
0.939785 0.055595 0.004620
0.089415 0.724031 0.186555
0.005016 0.804089 0.190895
0.038154 0.471842 0.490004
0.000013 0.983841 0.016147
0.738714 0.261259 0.000027
0.981592 0.018387 0.000021
0.001896 0.625630 0.372474
0.310950 0.633064 0.055986
0.000955 0.830174 0.168870
0.253151 0.726288 0.020561
0.000219 0.647742 0.352039
0.697847 0.301340 0.000813
0.183086 0.816195 0.000719
0.875277 0.123454 0.001269
0.999994 0.000006 0.000000
0.000199 0.706695 0.293106
0.033198 0.785607 0.181194
0.918361 0.077211 0.004427
0.983005 0.016994 0.000001
0.000024 0.999717 0.000258
0.014950 0.675813 0.309237
0.000007 0.999735 0.000258
0.989468 0.010532 0.000000
0.566880 0.426814 0.006306
0.000256 0.517487 0.482258
1.000000 0.000000 0.000000
0.000128 0.064472 0.935401
0.000000 0.984787 0.015213
0.924455 0.075298 0.000248
0.002810 0.777307 0.219883
0.004636 0.880424 0.114940
0.414390 0.376393 0.209216
0.996331 0.003669 0.000000
0.596564 0.403330 0.000106
0.000001 0.996995 0.003003
0.928790 0.071121 0.000088
0.000758 0.370552 0.628690
0.000481 0.966427 0.033092
0.405790 0.578687 0.015522
0.005226 0.944615 0.050159
0.025971 0.968922 0.005107
0.000000 0.926355 0.073645
0.000263 0.210656 0.789081
0.204026 0.778390 0.017585
0.225328 0.774203 0.000469
0.000034 0.312882 0.687084
0.000593 0.965412 0.033995
0.997929 0.002070 0.000000
0.000349 0.878821 0.120830
0.874140 0.125761 0.000098
0.361783 0.553694 0.084523
0.000353 0.646337 0.353309
0.621174 0.369761 0.009066
0.001169 0.998788 0.000043
0.000076 0.505658 0.494266
0.999814 0.000186 -0.000000
0.000501 0.226589 0.772910
0.030073 0.530901 0.439025
0.000280 0.976723 0.022997
0.006633 0.936908 0.056459
0.219737 0.715381 0.064882
0.000000 0.106207 0.893793
0.392864 0.568387 0.038749
0.895798 0.085373 0.018829
0.999980 0.000020 0.000000
0.000000 0.000874 0.999126
0.001522 0.719698 0.278779
0.010671 0.974206 0.015123
0.000005 0.999743 0.000252
0.989911 0.010089 0.000000
0.980007 0.019599 0.000394
0.995665 0.004334 0.000001
0.000006 0.748889 0.251104
0.000736 0.343928 0.655335
0.477070 0.500243 0.022688
0.000100 0.761271 0.238629
0.999203 0.000797 0.000000
0.893556 0.106396 0.000048
0.000007 0.073327 0.926667
0.950541 0.049455 0.000005
0.003591 0.622241 0.374168
0.000013 0.079816 0.920171
0.244832 0.647823 0.107345
0.095624 0.860535 0.043841
-0.000000 0.000000 1.000000
0.000001 0.981149 0.018850
0.993413 0.006577 0.000010
0.010366 0.887705 0.101929
0.002991 0.498796 0.498214
0.000000 0.786265 0.213735
0.965234 0.034324 0.000442
0.682877 0.273323 0.043800
0.000000 0.000144 0.999856
0.000159 0.999107 0.000734
0.999831 0.000169 0.000000
0.999973 0.000027 0.000000
0.243429 0.664611 0.091960
0.000061 0.304549 0.695390
0.000590 0.984351 0.015058
0.064640 0.502835 0.432525
0.000073 0.816925 0.183002
0.000078 0.675677 0.324245
0.092201 0.717026 0.190773
0.000000 0.006438 0.993562
0.491841 0.473488 0.034671
0.323116 0.591237 0.085647
0.198041 0.730366 0.071593
0.937427 0.062568 0.000004
0.000001 0.029016 0.970983
0.000938 0.830468 0.168594
0.996490 0.003510 0.000000
0.003938 0.875943 0.120120
0.695532 0.291472 0.012995
0.501558 0.493678 0.004764
0.213083 0.654527 0.132390
0.368045 0.355036 0.276919
1.000000 0.000000 0.000000
0.796261 0.127735 0.076004
0.430372 0.565077 0.004551
0.000020 0.848066 0.151914
0.034636 0.939524 0.025840
0.000003 0.191437 0.808560
0.067259 0.263638 0.669104
0.021859 0.806027 0.172114
0.146421 0.729736 0.123843
0.006609 0.623652 0.369739
0.530009 0.465228 0.004764
0.004612 0.775684 0.219704
0.488901 0.507647 0.003451
0.958215 0.041784 0.000001
0.207950 0.719019 0.073030
0.989575 0.010425 0.000001
0.009231 0.096577 0.894192
0.029135 0.965076 0.005789
0.375423 0.216602 0.407975
0.238351 0.438333 0.323316
0.279662 0.716292 0.004046
1.000000 0.000000 0.000000
0.000000 0.013957 0.986043
0.981563 0.018433 0.000004
0.483079 0.211578 0.305343
0.011818 0.755810 0.232372
0.999999 0.000001 -0.000000
0.934156 0.065644 0.000200
0.987028 0.012962 0.000010
0.008263 0.854064 0.137673
0.985486 0.014507 0.000007
0.003050 0.795589 0.201361
0.000000 0.000002 0.999998
0.021157 0.268486 0.710358
0.000009 0.989417 0.010573
0.023644 0.265231 0.711126
0.087028 0.888148 0.024824
0.826836 0.170376 0.002787
0.865777 0.099242 0.034981
0.273813 0.395734 0.330453
0.855374 0.144208 0.000418
0.133608 0.447608 0.418784
0.001161 0.545347 0.453491
1.000000 0.000000 0.000000
0.457750 0.453151 0.089099
0.471045 0.517484 0.011471
0.955868 0.044125 0.000007
0.005814 0.994186 0.000000
0.001984 0.925591 0.072424
0.006601 0.365935 0.627464
0.000005 0.993197 0.006798
0.006165 0.762437 0.231398
0.154338 0.442782 0.402880
0.001701 0.169728 0.828571
0.981092 0.018536 0.000372
0.000000 0.004951 0.995049
0.560457 0.373373 0.066170
0.000123 0.963229 0.036649
0.000000 0.992576 0.007424
0.725974 0.274009 0.000017
0.000503 0.482580 0.516916
0.000000 0.001467 0.998533
0.752237 0.172857 0.074906
0.999321 0.000679 0.000000
0.998923 0.001077 0.000000
0.999544 0.000456 0.000000
0.000030 0.999806 0.000164
0.063077 0.581587 0.355336
0.485916 0.497508 0.016576
0.277888 0.522655 0.199457
0.000223 0.718471 0.281306
0.128822 0.703219 0.167958
0.989108 0.010826 0.000066
0.247611 0.701343 0.051046
0.690406 0.287942 0.021653
0.917886 0.082082 0.000032
0.000010 0.421638 0.578352
0.089952 0.889465 0.020583
0.000000 0.003293 0.996707
0.984060 0.015939 0.000000
0.000019 0.999150 0.000831
0.173719 0.201620 0.624661
0.000002 0.218354 0.781643
0.775131 0.207139 0.017729
0.990915 0.009079 0.000006
0.937329 0.062666 0.000005
0.001450 0.885101 0.113450
0.999983 0.000017 0.000000
0.993634 0.006363 0.000003
0.000124 0.086387 0.913490
0.611524 0.373709 0.014768
0.000577 0.999422 0.000002
0.889726 0.108300 0.001973
0.004935 0.922310 0.072754
0.914017 0.085620 0.000363
0.007629 0.962713 0.029658
0.591744 0.343773 0.064483
0.993073 0.006926 0.000001
0.000979 0.333438 0.665582
0.020304 0.968096 0.011600
0.000101 0.983921 0.015978
0.001675 0.836538 0.161787
0.325520 0.658847 0.015633
0.078848 0.904553 0.016598
0.899479 0.100426 0.000094
0.026592 0.967654 0.005754
0.146339 0.844646 0.009015
0.000991 0.999001 0.000008
0.884036 0.115764 0.000200
0.997091 0.002905 0.000004
0.023868 0.590956 0.385175
0.031187 0.196577 0.772236
0.000227 0.958333 0.041440
0.970676 0.029323 0.000000
0.421205 0.527510 0.051285
0.007793 0.900737 0.091470
0.000893 0.668825 0.330282
0.013724 0.948087 0.038189
0.567255 0.426703 0.006042
0.997895 0.002105 0.000000
0.776610 0.154672 0.068718
0.001054 0.696444 0.302503
0.002941 0.927764 0.069295
0.951721 0.047509 0.000770
0.000593 0.905081 0.094326
0.062139 0.906616 0.031246
0.000036 0.215797 0.784166
0.000000 0.009971 0.990029
0.000001 0.998951 0.001048
0.000000 0.000002 0.999998
0.438181 0.356894 0.204925
0.072878 0.925362 0.001760
0.348262 0.631469 0.020269
0.999534 0.000466 0.000000
0.999952 0.000048 0.000000
0.009323 0.921100 0.069577
0.000247 0.586400 0.413353
0.000016 0.043378 0.956605
0.044168 0.946445 0.009387
0.984233 0.015764 0.000003
0.999485 0.000515 0.000000
0.000332 0.201046 0.798622
0.723841 0.179979 0.096180
0.000788 0.995159 0.004053
0.319938 0.625103 0.054959
0.999494 0.000506 0.000000
0.295561 0.684468 0.019971
0.000604 0.935058 0.064338
0.999987 0.000013 0.000000
0.000015 0.863050 0.136935
0.000520 0.773346 0.226134
0.196724 0.617137 0.186139
0.025549 0.948002 0.026449
0.942942 0.057025 0.000032
0.112297 0.856796 0.030907
0.999999 0.000001 0.000000
0.997457 0.002543 0.000000
0.000347 0.367292 0.632361
0.000000 0.001864 0.998136
0.067950 0.267680 0.664370
0.951907 0.044126 0.003967
0.226928 0.632994 0.140078
0.005419 0.918423 0.076158
0.000000 0.988997 0.011003
0.847619 0.152281 0.000100
0.000000 0.009436 0.990564
0.002782 0.949049 0.048169
0.999643 0.000357 0.000000
0.389060 0.532916 0.078024
0.127719 0.578646 0.293635
0.000000 0.995799 0.004201
0.999184 0.000816 0.000000
0.000002 0.149325 0.850673
0.000921 0.959383 0.039696
0.216485 0.772589 0.010926
0.011945 0.879400 0.108655
0.224905 0.435686 0.339409
0.999938 0.000062 0.000000
0.999784 0.000216 0.000000
0.999993 0.000007 0.000000
0.000001 0.960586 0.039414
0.026627 0.740766 0.232607
0.367586 0.403118 0.229296
0.007095 0.092003 0.900902
-0.000000 0.000002 0.999998
0.040085 0.950390 0.009525
0.969886 0.027139 0.002975
0.125493 0.368630 0.505877
0.989931 0.010069 0.000000
0.070793 0.908984 0.020223
0.994701 0.005299 0.000000
0.964372 0.035585 0.000042
0.187082 0.328134 0.484784
0.020605 0.811723 0.167672
0.866019 0.093451 0.040530
0.000403 0.536589 0.463008
0.217890 0.343616 0.438494
0.496924 0.502574 0.000501
0.212051 0.192634 0.595315
0.000000 0.000001 0.999999
0.029396 0.941179 0.029425
0.666128 0.242739 0.091134
0.073697 0.702006 0.224297
0.999999 0.000001 -0.000000
0.092732 0.649252 0.258016
0.459005 0.418151 0.122844
0.022551 0.840391 0.137058
0.777919 0.108738 0.113343
0.020961 0.678473 0.300567
0.373444 0.612628 0.013928
0.907030 0.089156 0.003814
0.194206 0.386652 0.419141
0.000053 0.999917 0.000030
0.000622 0.814633 0.184745
0.602273 0.244153 0.153574
0.007560 0.431171 0.561270
0.000073 0.162587 0.837340
0.000000 0.049542 0.950458
0.046992 0.798279 0.154729
0.000010 0.999914 0.000076
0.000000 0.031529 0.968471
0.317308 0.564469 0.118223
0.167363 0.830842 0.001795
0.862928 0.133751 0.003321
0.995484 0.004516 0.000000
0.013938 0.625598 0.360464
0.875294 0.089878 0.034827
0.998975 0.001025 0.000000
0.045160 0.833734 0.121106
0.988830 0.011169 0.000001
0.999889 0.000111 0.000000
0.964259 0.035507 0.000234
0.988044 0.011949 0.000007
0.998955 0.001045 0.000000
0.166486 0.820244 0.013270
0.300156 0.400488 0.299357
0.258264 0.666109 0.075626
0.000001 0.033482 0.966517
0.999953 0.000047 0.000000
0.685042 0.241718 0.073240
0.001091 0.899552 0.099357
0.170085 0.362709 0.467206
0.999997 0.000003 -0.000000
0.998620 0.001380 0.000000
0.925038 0.068417 0.006546
0.507073 0.398257 0.094670
0.000149 0.863811 0.136040
0.888828 0.111154 0.000018
0.987071 0.012922 0.000007
0.950315 0.049660 0.000025
0.002898 0.615355 0.381747
0.125798 0.530653 0.343549
0.999999 0.000001 0.000000
0.046606 0.678281 0.275114
0.000001 0.555319 0.444680
0.059759 0.604860 0.335381
0.995366 0.004634 0.000000
0.967856 0.032144 0.000000
0.377514 0.352394 0.270092
0.353363 0.646089 0.000548
0.998928 0.001072 0.000000
0.950525 0.047562 0.001913
0.005352 0.673879 0.320769
0.095903 0.904069 0.000028
0.737002 0.259706 0.003292
0.001820 0.816770 0.181411
0.002399 0.949621 0.047979
0.004214 0.418142 0.577644
0.000010 0.108542 0.891448
0.037136 0.935429 0.027435
0.791729 0.208244 0.000027
0.000001 0.983674 0.016325
0.962721 0.037234 0.000044
0.000004 0.043813 0.956184
0.578007 0.414580 0.007413
0.999825 0.000175 0.000000
0.069720 0.925717 0.004563
1.000000 0.000000 0.000000
0.000062 0.999845 0.000093
0.003926 0.845162 0.150912
0.000077 0.985345 0.014579
0.902703 0.091029 0.006267
0.552493 0.416127 0.031380
0.999009 0.000991 0.000000
0.263549 0.408687 0.327763
0.000279 0.580058 0.419664
0.023452 0.746352 0.230196
0.999965 0.000035 -0.000000
0.008319 0.956085 0.035596
0.000004 0.368840 0.631156
0.541261 0.433872 0.024868
0.999899 0.000101 0.000000
0.999981 0.000019 -0.000000
0.000000 0.001312 0.998688
0.999873 0.000127 0.000000
0.104074 0.892608 0.003317
0.021632 0.805574 0.172794
0.000511 0.967522 0.031967
0.000339 0.998550 0.001111
0.120765 0.735344 0.143891
0.000035 0.980084 0.019882
0.997879 0.002121 0.000000
0.999999 0.000001 -0.000000
0.923232 0.076169 0.000599
0.066427 0.515621 0.417952
0.000000 0.022581 0.977419
0.979055 0.020944 0.000001
0.000357 0.999637 0.000006
0.972496 0.027502 0.000002
0.000000 0.007252 0.992748
0.000648 0.810364 0.188987
0.001443 0.621156 0.377401
0.995489 0.004503 0.000008
0.000003 0.249607 0.750391
0.984990 0.015003 0.000007
0.004082 0.948870 0.047048
0.835369 0.117957 0.046674
0.024323 0.962102 0.013575
0.998043 0.001952 0.000005
0.921276 0.078723 0.000001
0.999993 0.000007 0.000000
0.011110 0.969999 0.018891
0.692845 0.304166 0.002989
0.000048 0.095629 0.904323
0.000294 0.999704 0.000002
0.268630 0.596864 0.134506
