0.000180 0.976707 0.021490 0.000269 0.001347 0.000007
0.005480 0.615798 0.339628 0.003503 0.031541 0.004051
0.873343 0.007596 0.106931 0.006399 0.005393 0.000338
0.732287 0.086243 0.123847 0.055198 0.002282 0.000143
0.000274 0.972870 0.025987 0.000341 0.000475 0.000053
0.000161 0.979516 0.018295 0.000242 0.001783 0.000003
0.150180 0.184609 -0.000000 0.649400 0.015560 0.000251
0.828560 0.010494 0.143815 0.006581 0.010531 0.000020
0.000033 0.995238 0.000069 0.000137 0.004524 0.000000
0.002895 0.020883 0.096719 0.877319 0.002124 0.000059
0.008404 0.000000 0.003071 0.005032 0.174054 0.809438
0.184471 0.136486 0.000000 0.673434 0.000742 0.004867
0.970905 0.009974 0.012901 0.001008 0.004670 0.000542
0.934478 0.019702 0.040390 0.001215 0.004166 0.000048
0.000490 0.028804 0.005793 0.896673 0.026050 0.042190
0.681675 0.069649 0.179192 0.004070 0.065406 0.000009
0.000578 0.037298 0.007676 0.889081 0.024957 0.040409
0.038951 0.274507 0.505223 0.105726 0.071529 0.004064
0.000212 0.977203 0.021124 0.000262 0.001182 0.000017
0.187399 0.065416 0.485837 0.202081 0.004532 0.054735
0.015586 0.000000 0.010965 0.005753 0.171353 0.796343
0.000251 0.974981 0.023562 0.000319 0.000841 0.000046
0.003445 0.025523 0.118851 0.850743 0.001395 0.000044
0.805606 0.042632 0.129045 0.015542 0.001744 0.005431
0.261005 0.160844 0.089849 0.425024 0.037282 0.025997
0.002559 0.029938 0.134562 0.828644 0.004292 0.000005
0.963161 0.012463 0.020628 0.000868 0.002580 0.000299
0.041970 0.376338 0.085327 0.040174 0.456039 0.000151
0.000692 0.087492 0.029773 0.873823 0.004180 0.004041
0.972351 0.006518 0.006884 0.002048 0.010931 0.001268
0.000839 0.323369 0.018783 0.019067 0.637760 0.000182
0.000593 0.980310 0.014633 0.001078 0.002798 0.000588
0.039519 0.002815 0.851787 0.000937 0.104353 0.000588
0.000268 0.973501 0.025220 0.000342 0.000614 0.000055
0.485286 0.004242 0.353373 0.006527 0.130100 0.020473
0.002507 0.000000 0.000819 0.002388 0.993901 0.000385
0.000250 0.975345 0.023200 0.000308 0.000856 0.000042
0.922233 0.024951 0.034550 0.001214 0.017008 0.000044
0.000271 0.971266 0.027890 0.000331 0.000203 0.000037
0.000230 0.976621 0.021757 0.000285 0.001076 0.000031
0.971691 0.008360 0.010032 0.001484 0.007557 0.000877
0.000802 0.067145 0.016678 0.868978 0.017729 0.028668
0.269869 0.573397 0.040645 0.039650 0.076429 0.000009
0.643323 0.230117 0.079269 0.009390 0.030067 0.007834
0.042242 0.898583 0.018714 0.032156 0.008231 0.000075
0.005228 0.000000 0.001124 0.005036 0.174959 0.813654
0.091836 0.808755 0.047822 0.050269 0.000473 0.000844
0.485816 0.361497 0.088162 0.000685 0.063725 0.000115
0.105989 0.787274 0.040754 0.061316 0.001637 0.003031
0.189021 0.044443 0.275878 0.370334 0.009199 0.111125
0.000232 0.971062 0.028049 0.000309 0.000336 0.000011
0.000272 0.971403 0.027729 0.000333 0.000224 0.000039
0.000041 0.994820 0.000597 0.000137 0.004405 0.000000
0.000236 0.976039 0.022386 0.000297 0.001005 0.000036
0.000222 0.971688 0.027263 0.000311 0.000503 0.000013
0.634544 0.028571 0.005769 0.040181 0.230615 0.060319
0.000172 0.000877 0.059985 0.062345 0.876019 0.000602
0.012864 0.000000 0.008049 0.005496 0.172408 0.801183
0.736572 0.059854 0.142929 0.003832 0.056765 0.000048
0.000056 0.993195 0.002496 0.000146 0.004106 0.000000
0.000340 0.973766 0.024518 0.000472 0.000756 0.000148
0.007147 0.004120 0.844656 0.102043 0.036645 0.005389
0.791419 0.014839 0.166611 0.022836 0.004228 0.000068
0.000227 0.977925 0.020396 0.000258 0.001172 0.000024
0.931173 0.004487 0.043318 0.008864 0.011021 0.001138
0.000182 0.976316 0.021938 0.000271 0.001286 0.000006
0.953170 0.014246 0.027876 0.001190 0.003188 0.000329
0.008468 0.731992 0.251462 0.006578 0.000300 0.001200
0.008387 0.083197 0.042326 0.821892 0.029225 0.014973
0.703993 0.104940 0.000044 0.002798 0.188224 0.000000
0.234721 0.499190 0.259330 0.006683 0.000000 0.000075
0.000032 0.995264 0.000032 0.000137 0.004535 0.000000
0.613647 0.146170 0.210795 0.012830 0.016377 0.000182
0.000333 0.129622 0.010399 0.696136 0.163410 0.000101
0.342415 0.428721 0.028483 0.077326 0.123039 0.000016
0.826304 0.100452 0.028507 0.001695 0.031766 0.011276
0.959119 0.012444 0.022565 0.001245 0.004151 0.000475
0.604359 0.264567 0.107156 0.008888 0.011934 0.003095
0.191978 0.591344 0.111560 0.092952 0.006792 0.005375
0.874581 0.007468 0.108751 0.005795 0.003145 0.000260
0.000628 0.979696 0.014446 0.001258 0.003283 0.000690
0.000249 0.970400 0.028794 0.000327 0.000208 0.000022
0.724730 0.074110 0.095653 0.088680 0.010998 0.005829
0.240595 0.005870 0.533712 0.003675 0.215459 0.000689
0.003333 0.000325 0.075835 0.230900 0.424584 0.265023
0.024373 0.000000 0.951177 0.011096 0.012200 0.001154
0.000204 0.973485 0.025186 0.000294 0.000822 0.000009
0.631283 0.228487 0.137497 0.000683 0.001701 0.000349
0.000657 0.042537 0.008138 0.882485 0.025251 0.040932
0.000055 0.993485 0.002165 0.000144 0.004150 0.000001
0.000716 0.083935 0.027438 0.872955 0.006396 0.008561
0.542271 0.006928 0.410007 0.030619 0.007735 0.002440
0.272281 0.005578 0.565884 0.003577 0.151728 0.000952
0.567898 0.148805 0.216692 0.051361 0.014638 0.000607
0.012224 0.000000 0.007873 0.005542 0.172533 0.801828
0.836574 0.009253 0.143066 0.006468 0.004572 0.000067
0.003968 0.000000 0.000391 0.005045 0.175309 0.815286
0.002791 0.213680 0.656408 0.027141 0.092567 0.007412
0.000142 0.981956 0.015464 0.000227 0.002207 0.000004
0.433408 0.115335 0.400638 0.028305 0.021001 0.001313
0.758878 0.018852 0.148329 0.023267 0.050639 0.000036
0.000213 0.971596 0.027375 0.000302 0.000510 0.000004
0.720120 0.063688 0.153425 0.003644 0.059099 0.000025
0.000153 0.979548 0.018220 0.000242 0.001836 0.000001
0.116070 0.001115 0.009287 0.083527 0.573260 0.216741
0.068840 0.047453 0.698233 0.000000 0.160161 0.025313
0.000300 0.973228 0.025352 0.000401 0.000625 0.000095
0.000255 0.140858 0.004693 0.647248 0.206671 0.000274
0.031684 0.025417 0.758350 0.016874 0.167636 0.000038
0.000153 0.979527 0.018247 0.000242 0.001831 0.000001
0.020929 0.000000 0.018442 0.006625 0.168998 0.785007
0.000282 0.972033 0.027018 0.000338 0.000281 0.000049
0.007048 0.000000 0.002218 0.005029 0.174445 0.811260
0.000043 0.000625 0.001994 0.029865 0.967453 0.000019
0.000045 0.994491 0.000986 0.000138 0.004339 0.000000
0.000623 0.054664 0.015191 0.883483 0.017872 0.028167
0.294447 0.110527 0.529537 0.006321 0.059165 0.000003
0.000260 0.970694 0.028577 0.000317 0.000129 0.000022
0.000293 0.001122 0.116025 0.092204 0.789898 0.000459
0.004289 0.004167 0.883027 0.004361 0.101133 0.003024
0.011244 0.000000 0.006557 0.005394 0.172952 0.803854
0.000271 0.007813 0.001209 0.915626 0.028643 0.046438
0.030712 0.003761 0.681225 0.000935 0.283277 0.000089
0.657665 0.075973 0.170293 0.004092 0.091972 0.000005
0.000383 0.975096 0.022728 0.000552 0.001030 0.000212
0.000121 0.984938 0.012040 0.000204 0.002694 0.000003
0.238538 0.270278 0.211015 0.099539 0.180437 0.000194
0.704051 0.068600 0.207639 0.014590 0.003935 0.001184
0.019807 0.003097 0.004819 0.013282 0.958891 0.000105
0.000218 0.977211 0.021055 0.000278 0.001212 0.000027
0.337611 0.203571 0.287571 0.109141 0.058168 0.003938
0.002951 0.026578 0.133289 0.835661 0.001500 0.000021
0.924825 0.024219 0.033564 0.001179 0.016159 0.000053
0.967541 0.010572 0.015503 0.001112 0.004725 0.000547
0.139809 0.074930 0.109397 0.006404 0.669454 0.000006
0.000054 0.993514 0.002129 0.000144 0.004158 0.000000
0.132121 0.427139 0.004485 0.006246 0.430000 0.000009
0.335015 0.384314 0.270380 0.009087 0.000000 0.001204
0.930290 0.022334 0.032928 0.001155 0.013209 0.000084
0.000312 0.974637 0.023620 0.000429 0.000881 0.000122
0.126685 0.005937 0.068337 0.043057 0.747234 0.008749
0.219563 0.106509 0.552011 0.116331 0.005586 0.000000
0.000066 0.992164 0.003702 0.000153 0.003915 0.000001
0.304189 0.017191 0.666415 0.005127 0.006578 0.000499
0.000232 0.976638 0.021752 0.000284 0.001063 0.000031
0.003178 0.000000 0.002238 0.002606 0.991271 0.000707
0.059237 0.865368 0.031410 0.038803 0.005046 0.000136
0.686483 0.201848 0.105889 0.000621 0.003836 0.001323
0.000233 0.970456 0.028678 0.000322 0.000296 0.000015
0.003691 0.000000 0.204695 0.780198 0.002643 0.008774
0.859915 0.026588 0.050935 0.006881 0.055373 0.000308
0.000135 0.982818 0.014466 0.000222 0.002355 0.000004
0.649999 0.142300 0.176178 0.011628 0.019358 0.000536
0.032584 0.002735 0.856515 0.000886 0.107137 0.000142
0.000174 0.979262 0.018632 0.000247 0.001676 0.000009
0.108768 0.172683 0.633053 0.047739 0.026265 0.011492
0.952601 0.014859 0.029240 0.001029 0.002061 0.000209
0.249364 0.000000 0.619420 0.016594 0.089711 0.024910
0.024442 0.000000 0.922511 0.007340 0.045706 0.000001
0.000417 0.121394 0.014803 0.733778 0.128928 0.000680
0.000038 0.995116 0.000242 0.000135 0.004470 0.000000
0.156344 0.685830 0.024461 0.116970 0.004776 0.011619
0.000596 0.109218 0.022446 0.795715 0.069935 0.002090
0.000283 0.972136 0.026900 0.000339 0.000291 0.000050
0.371384 0.352341 0.077926 0.008313 0.189813 0.000222
0.000208 0.146305 0.001840 0.622863 0.228674 0.000111
0.000671 0.104749 0.025734 0.820664 0.045795 0.002387
0.922937 0.024744 0.034322 0.001206 0.016745 0.000046
0.128410 0.656007 0.152031 0.060345 0.002831 0.000376
0.000321 0.973048 0.025448 0.000438 0.000625 0.000120
0.021137 0.000000 0.027097 0.008316 0.191827 0.751622
0.311690 0.522754 0.023856 0.000698 0.140972 0.000031
0.000120 0.984847 0.012128 0.000207 0.002695 0.000003
0.791016 0.074019 0.009064 0.002043 0.123852 0.000006
0.000261 0.974088 0.024527 0.000339 0.000730 0.000055
0.001937 0.000000 0.000087 0.002304 0.995626 0.000047
0.018860 0.000000 0.947787 0.006110 0.027243 0.000000
0.706304 0.000968 0.262302 0.002805 0.026763 0.000857
0.000227 0.976874 0.021479 0.000280 0.001110 0.000029
0.025159 0.000000 0.023160 0.007064 0.167204 0.777412
0.000256 0.000351 0.001132 0.037674 0.960572 0.000015
0.009806 0.000000 0.004473 0.005144 0.173540 0.807037
0.007344 0.000000 0.011015 0.003959 0.972598 0.005083
0.003748 0.000000 0.003658 0.777380 0.043562 0.171652
0.000718 0.056713 0.013700 0.876465 0.020026 0.032377
0.000038 0.995067 0.000301 0.000136 0.004458 0.000000
0.223720 0.149660 0.287276 0.283591 0.002762 0.052991
0.000338 0.975642 0.023211 0.000327 0.000397 0.000083
0.075579 0.009119 0.000000 0.820040 0.005914 0.089349
0.000291 0.972518 0.026209 0.000387 0.000514 0.000080
0.000000 0.090774 0.698580 0.133328 0.007387 0.069931
0.000168 0.978288 0.019678 0.000255 0.001606 0.000005
0.005836 0.000000 0.949392 0.042660 0.000005 0.002107
0.010981 0.002865 0.000084 0.011365 0.974701 0.000004
0.401371 0.078962 0.481776 0.002334 0.035158 0.000400
0.869799 0.027902 0.048291 0.005838 0.047904 0.000267
0.591230 0.284088 0.038629 0.030094 0.055914 0.000046
0.000082 0.990064 0.006123 0.000168 0.003562 0.000001
0.017861 0.000000 0.019571 0.007253 0.170167 0.785148
0.034746 0.002751 0.860990 0.000866 0.100498 0.000148
0.154578 0.006445 0.079200 0.049440 0.693395 0.016942
0.000797 0.078430 0.022592 0.868239 0.011543 0.018398
0.392366 0.447231 0.055476 0.000692 0.104210 0.000025
0.000463 0.023211 0.003709 0.899355 0.027950 0.045312
0.090252 0.167749 0.683947 0.041960 0.013140 0.002952
0.000182 0.978802 0.019162 0.000255 0.001587 0.000013
0.021831 0.000000 0.961744 0.006334 0.010091 0.000000
0.008014 0.004044 0.855969 0.104885 0.015332 0.011756
0.571572 0.280168 0.120692 0.009962 0.015227 0.002379
0.266436 0.111353 0.554935 0.006514 0.060762 0.000000
0.013476 0.002915 0.000790 0.011517 0.971259 0.000044
0.000348 0.973819 0.024375 0.000492 0.000805 0.000162
0.031675 0.000000 0.040066 0.009748 0.163994 0.754517
0.004935 0.000000 0.000953 0.005038 0.175040 0.814034
0.972722 0.006288 0.006344 0.002093 0.011249 0.001305
0.248021 0.000000 0.355139 0.005593 0.390929 0.000318
0.706840 0.113818 0.112419 0.058012 0.008865 0.000046
0.927882 0.023586 0.031653 0.001095 0.015735 0.000049
0.000177 0.978969 0.018948 0.000253 0.001642 0.000011
0.008314 0.000000 0.013028 0.004294 0.961004 0.013361
0.000177 0.979211 0.018704 0.000248 0.001650 0.000010
0.000188 0.978801 0.019199 0.000254 0.001545 0.000014
0.000304 0.973595 0.025484 0.000313 0.000251 0.000052
0.000636 0.097242 0.022664 0.823270 0.049230 0.006960
0.000564 0.047873 0.012567 0.885521 0.022268 0.031206
0.006350 0.748000 0.214949 0.003410 0.026547 0.000744
0.414460 0.339452 0.094702 0.008932 0.142236 0.000219
0.085111 0.000000 0.772445 0.062868 0.035385 0.044192
0.000208 0.977498 0.020682 0.000276 0.001312 0.000025
0.935695 0.019155 0.041745 0.001197 0.002180 0.000027
0.513595 0.009171 0.362696 0.030932 0.082089 0.001518
0.028826 0.003344 0.010311 0.015770 0.941209 0.000541
0.088240 0.813006 0.047533 0.049805 0.000710 0.000707
0.013224 0.949594 0.000082 0.023896 0.013204 0.000000
0.027910 0.000000 0.032319 0.008618 0.165792 0.765361
0.000098 0.988065 0.008443 0.000181 0.003211 0.000002
0.813982 0.042239 0.122255 0.014591 0.001681 0.005252
0.000372 0.015875 0.002492 0.907034 0.028318 0.045909
0.002160 0.000651 0.145853 0.127420 0.719035 0.004880
0.219725 0.107830 0.000000 0.615686 0.003590 0.053168
0.000045 0.994357 0.001136 0.000139 0.004322 0.000000
0.000243 0.970413 0.028761 0.000326 0.000237 0.000020
0.859343 0.008012 0.125651 0.005622 0.001252 0.000119
0.000247 0.970238 0.028970 0.000328 0.000197 0.000021
0.000038 0.000618 0.000987 0.029522 0.968830 0.000005
0.277716 0.056182 0.445295 0.008217 0.212539 0.000050
0.024308 0.000000 0.961847 0.010474 0.001588 0.001784
0.724173 0.101861 0.157583 0.011090 0.003827 0.001467
0.028100 0.925899 0.008282 0.026822 0.010864 0.000032
0.357278 0.017044 0.612857 0.005031 0.006202 0.001587
0.027600 0.004673 0.521199 0.000990 0.445514 0.000025
0.000364 0.976360 0.022150 0.000388 0.000610 0.000128
0.033825 0.004215 0.803534 0.132531 0.020228 0.005667
0.543447 0.122220 0.280626 0.052577 0.000921 0.000209
0.058508 0.227181 0.484246 0.108205 0.121778 0.000083
0.000224 0.977084 0.021237 0.000277 0.001149 0.000028
0.000179 0.979166 0.018759 0.000248 0.001637 0.000010
0.860395 0.030346 0.065905 0.026600 0.004061 0.012693
0.557348 0.197781 0.200235 0.035600 0.003906 0.005130
0.115946 0.091140 0.653482 0.113747 0.011250 0.014436
0.950510 0.015392 0.030602 0.001056 0.002248 0.000193
0.545114 0.305233 0.112810 0.000686 0.036050 0.000106
0.665221 0.103125 0.179428 0.047309 0.003215 0.001702
0.000046 0.994311 0.001188 0.000140 0.004315 0.000000
0.000093 0.988479 0.007940 0.000180 0.003306 0.000002
0.007672 0.000000 0.905532 0.086206 0.000194 0.000395
0.008162 0.024849 0.395039 0.057252 0.143166 0.371533
0.071000 0.851407 0.033209 0.039846 0.004078 0.000460
0.585994 0.261797 0.103517 0.010508 0.032762 0.005422
0.723210 0.001036 0.225448 0.002584 0.046642 0.001081
0.063158 0.002655 0.881791 0.001298 0.048214 0.002885
0.517107 0.168836 0.239020 0.055303 0.019568 0.000166
0.031287 0.918675 0.011374 0.028498 0.010144 0.000022
0.000687 0.098558 0.023813 0.826746 0.043185 0.007011
0.741547 0.000934 0.218948 0.002581 0.034020 0.001970
0.241268 0.053326 0.037318 0.287258 0.005438 0.375391
0.232986 0.005881 0.535847 0.003726 0.220944 0.000615
0.000138 0.982588 0.014742 0.000222 0.002307 0.000004
0.000772 0.055821 0.011735 0.872414 0.022608 0.036649
0.000708 0.000136 0.980236 0.001688 0.017136 0.000096
0.928557 0.023087 0.032525 0.001138 0.014626 0.000067
0.525643 0.008630 0.376501 0.028878 0.059493 0.000854
0.827024 0.012584 0.128848 0.006833 0.024672 0.000039
0.699232 0.000944 0.279930 0.002789 0.016821 0.000284
0.176181 0.000000 0.683082 0.021530 0.117450 0.001757
0.636690 0.173021 0.139614 0.021925 0.028602 0.000148
0.003803 0.004391 0.049638 0.044966 0.078384 0.818818
0.008310 0.004602 0.960771 0.005294 0.012069 0.008954
0.795037 0.066869 0.092697 0.044124 0.000707 0.000566
0.676966 0.067184 0.236826 0.015424 0.002840 0.000760
0.160329 0.163409 0.000000 0.663144 0.009841 0.003277
0.000133 0.982594 0.014713 0.000221 0.002337 0.000002
0.000040 0.994738 0.000671 0.000138 0.004413 0.000000
0.124780 0.776853 0.035062 0.057910 0.001573 0.003823
0.479141 0.225063 0.194116 0.059749 0.041826 0.000106
0.000169 0.978170 0.019811 0.000257 0.001588 0.000006
0.013254 0.000000 0.007081 0.005244 0.172454 0.801968
0.006272 0.618291 0.305944 0.003765 0.052715 0.013014
0.000180 0.146486 0.001008 0.618253 0.234047 0.000026
0.000621 0.050090 0.013000 0.884439 0.019906 0.031944
0.002011 0.624800 0.083306 0.001896 0.287603 0.000384
0.000195 0.978539 0.019520 0.000257 0.001472 0.000017
0.000147 0.980811 0.016776 0.000234 0.002031 0.000002
0.000645 0.087403 0.030174 0.874015 0.005718 0.002044
0.254511 0.408603 0.329745 0.007067 0.000000 0.000075
0.000282 0.973567 0.025036 0.000373 0.000665 0.000076
0.000238 0.975949 0.022386 0.000316 0.001065 0.000046
0.740927 0.020734 0.142686 0.024072 0.071551 0.000030
0.061535 0.233378 0.539780 0.123408 0.015759 0.026140
0.000636 0.088416 0.029838 0.870251 0.009053 0.001805
0.000151 0.146641 0.000107 0.613406 0.239689 0.000004
0.608475 0.245553 0.136569 0.000713 0.008367 0.000322
0.572498 0.007813 0.322217 0.032399 0.059514 0.005558
0.022212 0.000000 0.960244 0.006393 0.011151 0.000000
0.973052 0.008513 0.009579 0.001308 0.006763 0.000785
0.070708 0.851747 0.033173 0.039821 0.004100 0.000451
0.002245 0.008339 0.021175 0.964047 0.004064 0.000130
0.000040 0.994775 0.000636 0.000138 0.004412 0.000000
0.641193 0.080570 0.161620 0.004086 0.112529 0.000003
0.000331 0.974448 0.024250 0.000378 0.000493 0.000100
0.000656 0.091194 0.020581 0.828542 0.047177 0.011849
0.000507 0.107263 0.021643 0.793676 0.076340 0.000572
0.003603 0.019386 0.065714 0.908068 0.003129 0.000100
0.046375 0.013095 0.899958 0.019454 0.020170 0.000947
0.229510 0.238070 0.520489 0.011518 0.000003 0.000409
0.000000 0.012436 0.002211 0.000000 0.985328 0.000024
0.000249 0.970442 0.028813 0.000317 0.000162 0.000017
0.860052 0.025027 0.046794 0.007425 0.060366 0.000336
0.948914 0.015741 0.030371 0.001135 0.003607 0.000233
0.359587 0.355292 0.072134 0.008132 0.204515 0.000341
0.618892 0.139751 0.215855 0.012786 0.012520 0.000198
0.026256 0.000000 0.043512 0.008955 0.780972 0.140305
0.959496 0.012367 0.021984 0.001246 0.004420 0.000486
0.002667 0.000000 0.006687 0.648152 0.341773 0.000721
0.000216 0.977434 0.020809 0.000274 0.001243 0.000025
0.001891 0.000000 0.000017 0.002295 0.995757 0.000040
0.014924 0.947285 0.000812 0.024010 0.012968 0.000001
0.017459 0.003021 0.003063 0.012493 0.963802 0.000160
0.087319 0.170982 0.676996 0.041682 0.020735 0.002286
0.817337 0.013573 0.145133 0.020534 0.003253 0.000170
0.000751 0.077755 0.023234 0.870644 0.011276 0.016341
0.001085 0.972269 0.023580 0.001925 0.001140 0.000001
0.022367 0.000000 0.043871 0.009276 0.853024 0.071462
0.625564 0.172136 0.154365 0.035379 0.003783 0.008774
0.545993 0.000000 0.236805 0.010623 0.189301 0.017277
0.000000 0.096988 0.812486 0.073807 0.008970 0.007750
0.000049 0.994027 0.001523 0.000141 0.004259 0.000000
0.837790 0.056686 0.017570 0.001721 0.086222 0.000012
0.549568 0.149291 0.236411 0.051421 0.012993 0.000316
0.200587 0.506725 0.238382 0.023298 0.023315 0.007692
0.000040 0.994739 0.000672 0.000138 0.004411 0.000000
0.000210 0.146228 0.001911 0.623364 0.228173 0.000116
0.663557 0.066927 0.251117 0.015621 0.002341 0.000437
0.707245 0.067691 0.148201 0.003483 0.073365 0.000015
0.000033 0.995204 0.000104 0.000137 0.004522 0.000000
0.964274 0.011500 0.018518 0.001096 0.004137 0.000474
0.054859 0.291159 -0.000000 0.600195 0.053770 0.000018
0.114348 0.789674 0.039199 0.053059 0.001089 0.002632
0.007080 0.623994 0.321032 0.003875 0.028628 0.015391
0.617698 0.087198 0.148470 0.004072 0.142563 0.000001
0.236753 0.035651 0.695804 0.011248 0.012738 0.007806
0.047489 0.244976 0.511935 0.127234 0.048187 0.020179
0.575150 0.099573 0.117135 0.004095 0.204043 0.000004
0.903082 0.031748 0.033095 0.001365 0.030685 0.000026
0.000774 0.000165 0.964757 0.001813 0.032375 0.000116
0.642201 0.105024 0.223235 0.018084 0.011397 0.000059
0.700494 0.068591 0.152722 0.003602 0.074577 0.000014
0.000809 0.088274 0.027366 0.866624 0.006506 0.010422
0.620917 0.086690 0.144418 0.004079 0.143890 0.000005
0.787692 0.084618 0.102495 0.013197 0.008634 0.003364
0.000035 0.995135 0.000199 0.000137 0.004494 0.000000
0.005635 0.000000 0.007000 0.003330 0.976915 0.007120
0.000339 0.013200 0.002051 0.909844 0.028446 0.046118
0.000260 0.970740 0.028449 0.000330 0.000191 0.000030
0.968686 0.009417 0.013138 0.001400 0.006596 0.000763
0.262642 0.259460 0.463421 0.012790 0.000030 0.001656
0.209370 0.093773 0.183869 0.261841 0.001352 0.249795
0.002076 0.190050 0.001664 0.491099 0.315090 0.000021
0.004339 0.003545 0.929352 0.004190 0.054347 0.004226
0.011309 0.687828 0.271201 0.005471 0.008954 0.015236
0.306122 0.000000 0.321686 0.173189 0.001526 0.197476
0.000159 0.979572 0.018200 0.000246 0.001819 0.000005
0.000000 0.042577 0.876707 0.000000 0.071828 0.008888
0.947083 0.016473 0.030633 0.001112 0.004496 0.000203
0.973619 0.007902 0.008356 0.001464 0.007759 0.000900
0.426366 0.057882 0.511221 0.002110 0.001602 0.000819
0.087345 0.815543 0.046062 0.049262 0.001030 0.000757
0.485471 0.198767 0.226335 0.058766 0.030626 0.000035
0.030180 0.017640 0.861569 0.014409 0.076168 0.000034
0.000168 0.978306 0.019690 0.000249 0.001584 0.000002
0.000155 0.979030 0.018801 0.000247 0.001767 0.000001
0.124967 0.033196 -0.000000 0.754668 0.005411 0.081757
0.710859 0.183846 0.091669 0.000833 0.009568 0.003226
0.564887 0.284752 0.125363 0.010111 0.012969 0.001918
0.004231 0.000000 0.003940 0.002846 0.984900 0.004082
0.142295 0.209183 0.066271 0.085704 0.496542 0.000005
0.000047 0.994301 0.001211 0.000139 0.004301 0.000000
0.000211 0.978959 0.019066 0.000266 0.001469 0.000029
0.000231 0.978663 0.019361 0.000291 0.001405 0.000047
0.258147 0.049475 0.312925 0.007323 0.372044 0.000085
0.952356 0.014564 0.028250 0.001174 0.003347 0.000309
0.000558 0.053939 0.015442 0.883796 0.020366 0.025900
0.433827 0.058534 0.499978 0.002186 0.004128 0.001348
0.077169 0.842463 0.034809 0.041402 0.003486 0.000669
0.071314 0.000000 0.143372 0.025593 0.305878 0.453843
0.803223 0.041642 0.120702 0.004965 0.029323 0.000146
0.672402 0.001243 0.249300 0.002985 0.073865 0.000205
0.000033 0.995247 0.000056 0.000137 0.004528 0.000000
0.000550 0.035198 0.007404 0.891489 0.024953 0.040406
0.000184 0.979222 0.018725 0.000248 0.001609 0.000012
0.000643 0.087391 0.030185 0.874028 0.005772 0.001981
0.389366 0.079361 0.514941 0.006521 0.009793 0.000017
0.270221 0.074103 0.063545 0.323395 0.004034 0.264702
0.000252 0.970364 0.028846 0.000329 0.000185 0.000024
0.184639 0.000000 0.705258 0.022207 0.085476 0.002420
0.046755 0.853365 0.024674 0.036786 0.038390 0.000030
0.000668 0.081853 0.022997 0.858228 0.023752 0.012502
0.000702 0.000171 0.959490 0.001810 0.037788 0.000038
0.727117 0.038228 0.161623 0.005870 0.040520 0.026641
0.186615 0.019492 0.000000 0.756807 0.007903 0.029183
0.857801 0.010335 0.108509 0.005972 0.017232 0.000152
0.000051 0.993758 0.001836 0.000143 0.004212 0.000000
0.038987 0.243226 0.563699 0.109452 0.039938 0.004699
0.010397 0.030159 0.656481 0.070098 0.026174 0.206691
0.000592 0.095593 0.027232 0.843312 0.032314 0.000957
0.000070 0.991623 0.004329 0.000156 0.003822 0.000001
0.948898 0.015842 0.031296 0.001077 0.002703 0.000185
0.184620 0.600447 0.116249 0.087798 0.006201 0.004686
0.000230 0.972585 0.026271 0.000310 0.000584 0.000020
0.650361 0.077183 0.175019 0.004154 0.093282 0.000001
0.688227 0.048677 0.006878 0.014430 0.241788 0.000001
0.000223 0.971623 0.027338 0.000312 0.000491 0.000013
0.057080 0.004844 0.661769 0.167448 0.077722 0.031137
0.000563 0.107652 0.022440 0.797890 0.069986 0.001469
0.589440 0.265156 0.125763 0.000703 0.018601 0.000337
0.905575 0.006324 0.078425 0.005238 0.004023 0.000415
0.002871 0.000000 0.001554 0.002499 0.992372 0.000704
0.586459 0.275150 0.117505 0.009386 0.009256 0.002245
0.139802 0.667626 0.125755 0.058697 0.006952 0.001168
0.000044 0.994302 0.001181 0.000141 0.004333 0.000000
0.000202 0.978394 0.019736 0.000255 0.001397 0.000017
0.000235 0.973499 0.025237 0.000311 0.000690 0.000028
0.967961 0.009727 0.013962 0.001361 0.006266 0.000723
0.000322 0.011816 0.001833 0.911325 0.028500 0.046205
0.705863 0.115543 0.110939 0.058243 0.009356 0.000056
0.598563 0.263272 0.107526 0.009629 0.017019 0.003990
0.000156 0.979639 0.018121 0.000243 0.001837 0.000003
0.487238 0.077202 0.402840 0.008798 0.023879 0.000044
0.001120 0.069049 0.003878 0.879633 0.046320 0.000000
0.006734 0.143866 0.060358 0.699599 0.088897 0.000546
0.436043 0.109424 0.421307 0.027614 0.004771 0.000841
0.000171 0.979318 0.018554 0.000246 0.001704 0.000008
0.025264 0.005090 0.610819 0.118464 0.238983 0.001380
0.928768 0.022987 0.032626 0.001140 0.014409 0.000069
0.008769 0.000000 0.003551 0.005086 0.173899 0.808695
0.556568 0.007684 0.360552 0.030410 0.041414 0.003372
0.171156 0.079546 0.000000 0.692752 0.003634 0.052912
0.191924 0.125415 0.000000 0.660216 0.002500 0.019945
0.001962 0.000000 0.000059 0.002295 0.995632 0.000053
0.000356 0.975781 0.022748 0.000393 0.000598 0.000125
0.222660 0.138621 0.500892 0.126855 0.010971 0.000000
0.000672 0.085244 0.023086 0.851547 0.027968 0.011483
0.948578 0.015996 0.033379 0.000998 0.000943 0.000106
0.481560 0.299921 0.093817 0.015115 0.109517 0.000069
0.000206 0.973071 0.025693 0.000291 0.000734 0.000005
0.000476 0.978474 0.018319 0.000717 0.001666 0.000349
0.008475 0.579786 0.260183 0.006192 0.093071 0.052293
0.023046 0.000000 0.042328 0.008869 0.852415 0.073341
0.001491 0.249394 -0.000000 0.107570 0.629179 0.012366
0.697054 0.193577 0.095765 0.000796 0.010051 0.002757
0.792176 0.084191 0.099119 0.012737 0.008473 0.003304
0.000159 0.979582 0.018189 0.000246 0.001819 0.000005
0.000172 0.980122 0.017705 0.000234 0.001762 0.000006
0.000259 0.970651 0.028548 0.000330 0.000184 0.000029
0.664299 0.084608 0.227773 0.016210 0.006775 0.000334
0.005357 0.000000 0.947831 0.046249 0.000032 0.000531
0.109246 0.005761 0.066795 0.042075 0.773205 0.002918
0.000260 0.142151 0.004480 0.643818 0.209043 0.000250
0.025659 0.000000 0.955286 0.012111 0.004047 0.002896
0.000153 0.980488 0.017144 0.000240 0.001969 0.000006
0.000664 0.086789 0.026615 0.861930 0.017176 0.006826
0.000059 0.992941 0.002793 0.000148 0.004059 0.000001
0.000101 0.987391 0.009194 0.000188 0.003123 0.000003
0.455376 0.322310 0.087683 0.008143 0.125687 0.000801
0.106359 0.005633 0.063691 0.040813 0.779708 0.003796
0.002932 0.704983 0.289132 0.002635 0.000299 0.000020
0.000271 0.973546 0.025142 0.000349 0.000631 0.000060
0.083948 0.830694 0.037379 0.044305 0.002730 0.000944
0.037130 0.012313 0.929711 0.013904 0.006650 0.000291
0.387768 0.146300 0.352352 0.028347 0.084806 0.000426
0.015093 0.039284 0.767119 0.178454 0.000000 0.000049
0.947896 0.016229 0.028707 0.001159 0.005746 0.000263
0.000323 0.135476 0.008284 0.675069 0.180585 0.000263
0.000074 0.991146 0.004879 0.000160 0.003740 0.000001
0.000644 0.061265 0.017571 0.879600 0.016759 0.024161
0.000808 0.064142 0.014985 0.868843 0.019551 0.031670
0.655915 0.104026 0.186469 0.048762 0.003160 0.001669
0.116849 0.713335 0.107395 0.049146 0.012886 0.000389
0.002134 0.000653 0.148261 0.128812 0.716704 0.003437
0.000166 0.979326 0.018518 0.000246 0.001738 0.000006
0.004738 0.809194 0.136660 0.002889 0.046396 0.000123
0.004180 0.000000 0.016197 0.755895 0.219608 0.004120
0.959914 0.013365 0.023651 0.000858 0.001982 0.000230
0.012725 0.002897 0.000444 0.011385 0.972524 0.000024
0.093219 0.197957 0.568323 0.119196 0.012006 0.009298
0.000286 0.972139 0.026936 0.000336 0.000253 0.000050
0.923246 0.024630 0.034335 0.001205 0.016537 0.000048
0.287255 0.007497 0.118895 0.097488 0.364088 0.124777
0.213025 0.295403 0.479103 0.012129 0.000058 0.000283
0.000032 0.995270 0.000026 0.000137 0.004535 0.000000
0.000589 0.093446 0.026505 0.844857 0.032301 0.002303
0.000543 0.035944 0.007964 0.891900 0.024318 0.039330
0.021685 0.000000 0.045668 0.009574 0.898784 0.024289
0.311097 0.228831 0.265724 0.098091 0.094917 0.001340
0.083182 0.192912 0.622135 0.039550 0.061689 0.000532
0.310070 0.168487 0.003646 0.004942 0.512856 0.000000
0.016341 0.006712 0.252627 0.103024 0.621115 0.000180
0.005790 0.000708 0.176655 0.243006 0.351907 0.221933
0.000042 0.994720 0.000711 0.000137 0.004390 0.000000
0.000038 0.995062 0.000307 0.000136 0.004457 0.000000
0.018342 0.003050 0.003716 0.012763 0.962050 0.000078
0.000355 0.976525 0.022195 0.000341 0.000483 0.000101
0.000140 0.982210 0.015174 0.000225 0.002247 0.000004
0.000187 0.147248 0.000982 0.616785 0.234736 0.000062
0.878509 0.007305 0.105957 0.005505 0.002477 0.000248
0.178830 0.018618 0.000000 0.749534 0.015569 0.037449
0.000360 0.132924 0.010339 0.689832 0.166491 0.000054
0.003390 0.000000 0.172783 0.801179 0.017740 0.004908
0.000034 0.995211 0.000103 0.000137 0.004515 0.000000
0.018295 0.000000 0.966939 0.005878 0.008888 0.000000
0.000156 0.979729 0.018015 0.000244 0.001851 0.000004
0.002680 0.029455 0.132394 0.831488 0.003974 0.000010
0.000040 0.994962 0.000427 0.000136 0.004435 0.000000
0.938118 0.018546 0.039590 0.001183 0.002499 0.000064
0.329059 0.164483 0.004255 0.004763 0.497440 0.000000
0.000308 0.973796 0.025265 0.000314 0.000262 0.000055
0.003918 0.575837 0.414750 0.003391 0.001561 0.000544
0.164553 0.177193 0.000000 0.642455 0.013096 0.002703
0.178946 0.069742 0.204169 0.006842 0.540289 0.000011
0.960666 0.011631 0.020384 0.001385 0.005333 0.000601
0.736463 0.094990 0.143367 0.014616 0.007726 0.002839
0.000248 0.970581 0.028589 0.000327 0.000232 0.000023
0.000245 0.975465 0.023001 0.000314 0.000931 0.000044
0.002874 0.000714 0.167765 0.144914 0.662414 0.021319
0.962125 0.011520 0.019482 0.001290 0.005018 0.000565
0.000195 0.978127 0.019940 0.000266 0.001453 0.000019
0.299456 0.023996 0.035332 0.043108 0.598056 0.000053
0.000182 0.979801 0.018110 0.000237 0.001661 0.000009
0.000493 0.110696 0.019704 0.778287 0.089657 0.001162
0.000941 0.001563 0.234525 0.270054 0.437657 0.055260
0.190447 0.517818 0.257825 0.019979 0.010239 0.003693
0.000281 0.971940 0.027129 0.000337 0.000266 0.000047
0.000581 0.050773 0.013629 0.884146 0.021172 0.029699
0.018584 0.003053 0.003778 0.012816 0.961572 0.000198
0.003433 0.000000 0.178589 0.797635 0.015282 0.005060
0.003820 0.591500 0.396420 0.003581 0.004009 0.000671
0.059333 0.000000 0.937608 0.002551 0.000459 0.000049
0.951537 0.015124 0.029942 0.001044 0.002151 0.000201
0.452972 0.073527 0.440656 0.002197 0.029147 0.001503
0.000036 0.995081 0.000267 0.000137 0.004480 0.000000
0.013138 0.000000 0.008941 0.005647 0.172160 0.800114
0.145412 0.422949 0.007941 0.006305 0.417383 0.000010
0.530292 0.305535 0.019413 0.087904 0.056849 0.000006
0.738271 0.058998 0.062541 0.116540 0.015456 0.008193
0.000219 0.977012 0.021260 0.000283 0.001196 0.000029
0.044912 0.161722 0.737731 0.012009 0.041360 0.002266
0.023713 0.000000 0.032665 0.009086 0.207284 0.727252
0.758480 0.052277 0.177185 0.003794 0.008232 0.000033
0.000127 0.984057 0.013051 0.000211 0.002550 0.000003
0.000329 0.001202 0.137135 0.104974 0.755679 0.000682
0.971282 0.008350 0.010224 0.001524 0.007723 0.000896
0.136344 0.060005 0.606013 0.161850 0.002805 0.032983
0.000225 0.977278 0.021053 0.000271 0.001146 0.000026
0.049706 0.884048 0.024716 0.034766 0.006731 0.000033
0.000233 0.970811 0.028335 0.000311 0.000298 0.000011
0.343663 0.016998 0.627465 0.005063 0.005484 0.001326
0.000237 0.975960 0.022460 0.000301 0.001004 0.000038
0.129963 0.066621 0.691681 0.015023 0.094505 0.002208
0.000276 0.972879 0.025978 0.000344 0.000468 0.000055
0.085223 0.825215 0.038619 0.047232 0.002549 0.001161
0.939037 0.018447 0.038080 0.001163 0.003195 0.000078
0.000292 0.972691 0.026434 0.000318 0.000220 0.000045
0.026133 0.000000 0.921764 0.007988 0.044113 0.000001
0.681745 0.078327 0.218130 0.015444 0.005691 0.000664
0.964332 0.010804 0.017380 0.001328 0.005524 0.000632
0.000340 0.013303 0.002076 0.909758 0.028430 0.046092
0.955836 0.014046 0.026576 0.001004 0.002286 0.000251
0.006876 0.610435 0.311832 0.004313 0.045938 0.020605
0.164619 0.038018 0.757289 0.010282 0.028866 0.000927
0.121094 0.066528 0.699260 0.015141 0.097013 0.000964
0.735462 0.056593 0.187368 0.003938 0.016618 0.000022
0.431990 0.079809 0.447092 0.002252 0.037930 0.000927
0.928976 0.021748 0.039644 0.001243 0.008351 0.000038
0.000176 0.979044 0.018876 0.000250 0.001643 0.000010
0.017781 0.003027 0.003127 0.012495 0.963407 0.000163
0.723325 0.100368 0.113836 0.056287 0.006030 0.000155
0.166860 0.040809 0.737088 0.010473 0.043660 0.001110
0.000553 0.104890 0.022497 0.803637 0.066474 0.001948
0.425696 0.000000 0.185319 0.027138 0.182121 0.179725
0.430658 0.332772 0.091884 0.008596 0.135671 0.000420
0.009349 0.000000 0.015378 0.004671 0.954796 0.015807
0.159794 0.053929 0.729850 0.015224 0.031543 0.009659
0.173426 0.021396 0.000000 0.789883 0.007750 0.007545
0.010061 0.685198 0.290995 0.004267 0.003388 0.006090
0.942967 0.017230 0.037998 0.001093 0.000649 0.000064
0.244340 0.005461 0.601715 0.003819 0.144098 0.000567
0.000525 0.980556 0.015727 0.000791 0.001984 0.000417
0.000170 0.979078 0.018798 0.000252 0.001693 0.000009
0.000208 0.977749 0.020431 0.000269 0.001320 0.000023
0.514611 0.169698 0.240162 0.055589 0.019789 0.000151
0.295627 0.000000 0.674252 0.011319 0.015611 0.003192
0.297565 0.408145 0.286224 0.007510 0.000000 0.000557
0.000046 0.994008 0.001523 0.000143 0.004280 0.000000
0.929059 0.021688 0.039865 0.001244 0.008108 0.000036
0.007046 0.744510 0.219124 0.003462 0.024135 0.001724
0.000813 0.000168 0.965092 0.001778 0.032037 0.000114
0.000039 0.995033 0.000341 0.000136 0.004451 0.000000
0.000202 0.978127 0.020033 0.000257 0.001364 0.000017
0.870419 0.007575 0.111251 0.006338 0.004110 0.000307
0.232067 0.498770 0.262229 0.006843 0.000000 0.000091
0.461104 0.000000 0.474049 0.006099 0.058100 0.000647
0.606054 0.111809 0.228674 0.050415 0.002031 0.001018
0.939819 0.019296 0.030929 0.001071 0.008761 0.000125
0.000481 0.979752 0.017208 0.000661 0.001568 0.000329
0.000147 0.981236 0.016291 0.000233 0.002089 0.000004
0.563826 0.192977 0.204949 0.032394 0.001876 0.003977
0.001691 0.005008 0.012325 0.976697 0.004146 0.000133
0.000241 0.970437 0.028728 0.000325 0.000250 0.000019
0.087303 0.823415 0.038969 0.046813 0.002343 0.001156
0.000639 0.057122 0.016027 0.882101 0.017119 0.026992
0.000664 0.086785 0.030324 0.876548 0.002971 0.002708
0.871181 0.000380 0.056467 0.005164 0.046383 0.020426
0.970999 0.009720 0.012463 0.001086 0.005137 0.000596
0.727998 0.051978 0.200017 0.015867 0.001212 0.002927
0.046470 0.171377 0.717406 0.012034 0.050326 0.002388
0.000259 0.970532 0.028766 0.000316 0.000107 0.000021
0.000247 0.000350 0.000714 0.037481 0.961194 0.000014
0.408535 0.066426 0.506916 0.002253 0.015222 0.000647
0.415310 0.340008 0.098677 0.009156 0.136731 0.000117
0.057586 0.000000 0.939925 0.002373 0.000081 0.000036
0.001317 0.625138 0.033953 0.001629 0.337899 0.000065
0.009372 0.004129 0.768195 0.125638 0.052391 0.040275
0.870943 0.044180 0.024986 0.001511 0.058374 0.000007
0.000667 0.084950 0.028697 0.874127 0.006361 0.005198
0.011758 0.390971 0.405104 0.009271 0.182805 0.000091
0.921883 0.025060 0.034632 0.001218 0.017165 0.000043
0.659222 0.116625 0.208993 0.012107 0.002494 0.000559
0.270098 0.151767 0.098099 0.428306 0.029437 0.022294
0.000235 0.969331 0.029993 0.000322 0.000111 0.000009
0.949777 0.015572 0.031629 0.001049 0.001804 0.000169
0.000033 0.995237 0.000069 0.000137 0.004524 0.000000
0.647354 0.122737 0.212167 0.012333 0.004957 0.000452
0.011160 0.094381 0.887784 0.004859 0.001227 0.000589
0.043641 0.002480 0.905343 0.001008 0.046457 0.001071
0.000351 0.014176 0.002212 0.908818 0.028400 0.046043
0.000591 0.095462 0.024627 0.833263 0.042229 0.003828
0.144377 0.061103 0.704806 0.015355 0.067980 0.006378
0.650384 0.076964 0.176139 0.004194 0.092317 0.000002
0.333338 0.053050 0.454293 0.008301 0.150876 0.000142
0.348829 0.159214 0.013902 0.004713 0.473342 0.000000
0.075480 0.831131 0.045403 0.046183 0.001676 0.000127
0.002454 0.676661 0.302969 0.002823 0.015024 0.000069
0.000741 0.055766 0.012563 0.874769 0.021442 0.034719
0.001928 0.000000 0.000055 0.002298 0.995676 0.000043
0.003537 0.000000 0.002668 0.002660 0.988283 0.002853
0.000153 0.979807 0.017922 0.000241 0.001874 0.000002
0.000165 0.978737 0.019161 0.000252 0.001680 0.000005
0.093457 0.215879 0.549772 0.038842 0.099317 0.002733
0.073968 0.834266 0.043266 0.046056 0.002185 0.000258
0.000039 0.994804 0.000592 0.000138 0.004427 0.000000
0.000800 0.000434 0.039354 0.060965 0.896773 0.001674
0.425819 0.058631 0.508538 0.002190 0.003694 0.001127
0.000035 0.995151 0.000178 0.000137 0.004499 0.000000
0.182611 0.133933 0.000000 0.674139 0.001336 0.007981
0.001261 0.000000 0.000011 0.580971 0.417743 0.000014
0.000059 0.992739 0.003025 0.000149 0.004028 0.000000
0.036410 0.002219 0.951084 0.000859 0.009159 0.000270
0.003633 0.000000 0.002892 0.002689 0.989531 0.001255
0.082836 0.062814 0.753458 0.097525 0.001572 0.001795
0.030284 0.000000 0.936926 0.007777 0.025012 0.000001
0.000421 0.000375 0.010945 0.043056 0.945044 0.000159
0.263950 0.057291 0.437899 0.008071 0.232768 0.000020
0.146884 0.641195 0.148166 0.061342 0.001461 0.000952
0.006207 0.011335 0.183151 0.048271 0.065677 0.685360
0.025732 0.000000 0.045045 0.009443 0.752879 0.166902
0.000225 0.970879 0.028179 0.000317 0.000389 0.000012
0.010067 0.000000 0.017161 0.004931 0.959644 0.008197
0.000082 0.990109 0.006079 0.000167 0.003561 0.000001
0.000032 0.995282 0.000008 0.000137 0.004541 0.000000
0.514895 0.302681 0.114903 0.009738 0.056370 0.001412
0.000246 0.975322 0.023204 0.000308 0.000879 0.000041
0.000034 0.995201 0.000115 0.000137 0.004514 0.000000
0.000164 0.145985 0.000672 0.617449 0.235716 0.000013
0.015377 0.044498 0.753664 0.186417 0.000000 0.000044
0.000246 0.975965 0.022591 0.000286 0.000878 0.000033
0.936911 0.020367 0.031006 0.001073 0.010538 0.000105
0.817130 0.013450 0.142052 0.021448 0.005677 0.000244
0.528078 0.168165 0.230908 0.053063 0.019620 0.000165
0.000253 0.970424 0.028782 0.000329 0.000187 0.000025
0.000502 0.977507 0.018565 0.000884 0.002103 0.000440
0.000037 0.994928 0.000445 0.000138 0.004452 0.000000
0.718689 0.064134 0.152773 0.003627 0.060754 0.000024
0.171708 0.625366 0.020004 0.159380 0.006848 0.016694
0.497858 0.056437 0.437099 0.002022 0.003983 0.002601
0.113340 0.075500 0.673257 0.120558 0.004529 0.012816
0.012085 0.010931 0.837169 0.114047 0.014389 0.011379
0.000656 0.067370 0.020372 0.878127 0.013923 0.019552
0.000294 0.136715 0.006921 0.666096 0.189568 0.000407
0.000560 0.098537 0.024768 0.826267 0.048210 0.001658
0.936023 0.020485 0.031725 0.001110 0.010544 0.000112
0.172603 0.142666 -0.000000 0.676761 0.003418 0.004552
0.000176 0.147673 0.000547 0.613794 0.237774 0.000036
0.350147 0.000000 0.559186 0.012904 0.044877 0.032886
0.000091 0.988096 0.008363 0.000182 0.003267 0.000000
0.031447 0.298211 0.458249 0.105426 0.106279 0.000388
0.000039 0.994836 0.000561 0.000138 0.004426 0.000000
0.000261 0.971223 0.027894 0.000330 0.000260 0.000033
0.452599 0.287161 0.209118 0.034187 0.016530 0.000405
0.003675 0.023044 0.092286 0.878613 0.002307 0.000074
0.205351 0.570925 0.216931 0.006744 0.000000 0.000048
0.282464 0.020996 0.683068 0.004511 0.008607 0.000354
0.000531 0.105984 0.022472 0.800490 0.069626 0.000897
0.793085 0.000687 0.175357 0.003111 0.020759 0.007001
0.000469 0.024649 0.004273 0.898744 0.027418 0.044448
0.075125 0.098300 0.712374 0.089615 0.019532 0.005054
0.651398 0.141626 0.176089 0.011486 0.018891 0.000510
0.814689 0.014167 0.127775 0.021739 0.021300 0.000330
0.000305 0.137722 0.006995 0.664628 0.189972 0.000378
0.013338 0.000000 0.024602 0.006111 0.943984 0.011965
0.542013 0.296900 0.128183 0.009965 0.022068 0.000870
0.947318 0.016170 0.033752 0.001071 0.001552 0.000137
0.000132 0.983055 0.014203 0.000216 0.002393 0.000001
0.092634 0.203621 0.579867 0.040559 0.079755 0.003564
0.915419 0.026904 0.036970 0.001305 0.019382 0.000020
0.155134 0.639096 0.129899 0.068607 0.005087 0.002177
0.088644 0.009766 0.009969 0.302775 0.002923 0.585921
0.026076 0.000000 0.046134 0.009667 0.740944 0.177179
0.000092 0.988813 0.007577 0.000176 0.003340 0.000002
0.131124 0.744531 0.033415 0.081718 0.002691 0.006520
0.383325 0.010978 0.182287 0.109977 0.230723 0.082710
