0.000191 0.978910 0.019292 0.000254 0.001346 0.000007
0.006048 0.641983 0.310183 0.003471 0.033992 0.004323
0.875118 0.007634 0.105278 0.006575 0.005046 0.000350
0.761068 0.083655 0.103233 0.049552 0.002351 0.000141
0.000272 0.973846 0.025063 0.000350 0.000418 0.000051
0.000165 0.980984 0.016810 0.000233 0.001804 0.000003
0.168183 0.179161 0.000000 0.639902 0.012595 0.000159
0.854131 0.009937 0.120749 0.005870 0.009297 0.000016
0.000005 0.994430 0.000560 0.000121 0.004884 0.000000
0.002805 0.020464 0.096980 0.877911 0.001781 0.000059
0.007535 0.000000 0.003674 0.004365 0.146430 0.837996
0.200704 0.139413 0.000000 0.654201 0.000740 0.004943
0.958835 0.011842 0.023339 0.001351 0.004054 0.000579
0.943408 0.018566 0.032729 0.001063 0.004187 0.000046
0.000504 0.029639 0.009056 0.894503 0.022156 0.044142
0.706910 0.068207 0.157358 0.003765 0.063752 0.000008
0.000530 0.035941 0.010982 0.892581 0.020045 0.039921
0.039747 0.277936 0.499787 0.109296 0.069431 0.003803
0.000208 0.977806 0.020557 0.000274 0.001139 0.000015
0.128885 0.052466 0.605013 0.171078 0.002683 0.039874
0.015251 0.000000 0.017999 0.006811 0.142904 0.817035
0.000248 0.975652 0.022919 0.000329 0.000806 0.000046
0.002990 0.023902 0.115220 0.856921 0.000932 0.000036
0.752543 0.046116 0.176982 0.017967 0.001325 0.005068
0.272790 0.162341 0.086824 0.417227 0.036953 0.023865
0.002953 0.032384 0.126653 0.833237 0.004767 0.000006
0.953445 0.014500 0.028574 0.001173 0.002020 0.000288
0.031506 0.332596 0.201566 0.036955 0.397258 0.000119
0.000743 0.089850 0.027149 0.874250 0.003929 0.004079
0.973433 0.004643 0.009151 0.001836 0.009570 0.001366
0.000397 0.296937 0.077441 0.016922 0.608159 0.000144
0.000650 0.968443 0.026106 0.001233 0.002835 0.000733
0.040264 0.002889 0.852637 0.000988 0.102646 0.000576
0.000267 0.974490 0.024237 0.000352 0.000598 0.000057
0.379224 0.003908 0.506563 0.006361 0.087083 0.016862
0.001641 0.000000 0.002988 0.002311 0.992734 0.000326
0.000244 0.975790 0.022790 0.000322 0.000812 0.000041
0.925437 0.024588 0.032199 0.001184 0.016551 0.000041
0.000273 0.973111 0.026075 0.000337 0.000168 0.000036
0.000225 0.976930 0.021506 0.000298 0.001011 0.000029
0.965948 0.008334 0.016423 0.001588 0.006744 0.000963
0.000639 0.062702 0.019162 0.884431 0.011069 0.021998
0.254546 0.533548 0.105157 0.038701 0.068042 0.000006
0.610462 0.248328 0.099113 0.011380 0.023267 0.007450
0.044925 0.892815 0.021604 0.032996 0.007595 0.000066
0.005846 0.000000 0.000539 0.003830 0.147227 0.842559
0.094920 0.810555 0.043426 0.049828 0.000426 0.000845
0.500579 0.349037 0.092129 0.000670 0.057486 0.000098
0.104685 0.786949 0.041183 0.062678 0.001438 0.003066
0.189436 0.028032 0.323279 0.329187 0.008198 0.121867
0.000247 0.974403 0.024711 0.000296 0.000332 0.000011
0.000273 0.973154 0.026010 0.000339 0.000186 0.000037
0.000025 0.992794 0.002538 0.000134 0.004508 0.000000
0.000232 0.976562 0.021905 0.000308 0.000958 0.000035
0.000238 0.975219 0.023706 0.000292 0.000532 0.000013
0.760902 0.001770 0.000708 0.024677 0.160336 0.051606
0.000185 0.000905 0.066590 0.064480 0.867275 0.000565
0.012259 0.000000 0.012445 0.005862 0.144325 0.825108
0.731252 0.061096 0.148312 0.004088 0.055204 0.000048
0.000057 0.990044 0.005867 0.000157 0.003875 0.000000
0.000331 0.972499 0.025927 0.000478 0.000619 0.000146
0.008769 0.004705 0.827050 0.107966 0.045159 0.006351
0.822833 0.014299 0.138080 0.020558 0.004165 0.000065
0.000217 0.977299 0.021129 0.000285 0.001050 0.000021
0.913934 0.004238 0.061788 0.009073 0.009731 0.001236
0.000194 0.978652 0.019608 0.000256 0.001283 0.000006
0.953914 0.014181 0.027565 0.001210 0.002786 0.000343
0.006382 0.642711 0.343657 0.006097 0.000195 0.000959
0.008073 0.082646 0.046191 0.824814 0.023665 0.014611
0.038429 0.321104 0.001370 0.007349 0.631748 0.000000
0.241156 0.503222 0.248844 0.006709 0.000000 0.000069
0.000003 0.994622 0.000327 0.000119 0.004928 0.000000
0.644463 0.144145 0.183112 0.011835 0.016272 0.000171
0.000364 0.127533 0.013736 0.709192 0.149098 0.000078
0.243034 0.444592 0.102588 0.080402 0.129370 0.000015
0.863301 0.060784 0.032463 0.001529 0.029178 0.012745
0.956798 0.012833 0.025231 0.001287 0.003377 0.000474
0.594778 0.274061 0.109391 0.009992 0.008938 0.002840
0.181937 0.589492 0.126337 0.091988 0.005198 0.005048
0.872796 0.007688 0.110430 0.006220 0.002615 0.000251
0.000766 0.967042 0.026068 0.001509 0.003667 0.000948
0.000262 0.973567 0.025626 0.000318 0.000204 0.000023
0.679519 0.073365 0.147635 0.085297 0.008584 0.005599
0.252660 0.006044 0.516686 0.003723 0.220220 0.000666
0.003461 0.000330 0.105267 0.233611 0.372195 0.285136
0.024087 0.000000 0.951807 0.011676 0.011372 0.001058
0.000218 0.976730 0.021914 0.000275 0.000855 0.000009
0.654904 0.224141 0.118406 0.000644 0.001566 0.000340
0.000549 0.040662 0.012430 0.891178 0.018426 0.036755
0.000050 0.990707 0.005063 0.000152 0.004029 0.000000
0.000719 0.083475 0.025313 0.876882 0.005358 0.008253
0.571941 0.007089 0.380356 0.030999 0.007122 0.002493
0.276247 0.005729 0.562566 0.003832 0.150759 0.000867
0.557651 0.150738 0.221711 0.055103 0.014219 0.000579
0.012606 0.000000 0.013089 0.005972 0.144158 0.824175
0.861502 0.008913 0.119012 0.005821 0.004685 0.000066
0.005587 -0.000000 0.000058 0.003748 0.147349 0.843258
0.003254 0.233407 0.624382 0.027561 0.103542 0.007854
0.000151 0.982238 0.015288 0.000224 0.002096 0.000004
0.466512 0.118296 0.364179 0.027819 0.021839 0.001355
0.778897 0.018436 0.131947 0.021899 0.048790 0.000031
0.000233 0.975314 0.023665 0.000280 0.000504 0.000004
0.720683 0.064502 0.155052 0.003872 0.055869 0.000023
0.000172 0.980327 0.017627 0.000235 0.001639 0.000000
0.130992 0.000473 0.007746 0.073090 0.537583 0.250117
0.065612 0.046986 0.712537 0.000000 0.150766 0.024099
0.000298 0.973389 0.025242 0.000411 0.000563 0.000097
0.000219 0.138611 0.008218 0.650969 0.201741 0.000242
0.031253 0.023453 0.785330 0.015942 0.143991 0.000031
0.000172 0.980270 0.017696 0.000236 0.001626 0.000000
0.021676 0.000000 0.029926 0.008847 0.139964 0.799588
0.000278 0.973141 0.025958 0.000349 0.000229 0.000046
0.006658 0.000000 0.002047 0.004087 0.146844 0.840364
0.000023 0.000603 0.008513 0.028150 0.962695 0.000016
0.000032 0.992158 0.003307 0.000140 0.004362 0.000000
0.000603 0.054484 0.016570 0.886441 0.014331 0.027570
0.305865 0.112964 0.515362 0.006433 0.059374 0.000002
0.000266 0.973185 0.026100 0.000319 0.000109 0.000022
0.000366 0.001254 0.132925 0.104532 0.760519 0.000404
0.004871 0.004474 0.877256 0.004485 0.105893 0.003021
0.011358 0.000000 0.010772 0.005577 0.144727 0.827566
0.000393 0.002325 0.000711 0.902844 0.031294 0.062433
0.031828 0.003625 0.710970 0.000918 0.252584 0.000075
0.676102 0.075273 0.151690 0.003818 0.093112 0.000004
0.000361 0.972013 0.026092 0.000546 0.000789 0.000199
0.000129 0.984017 0.013143 0.000208 0.002500 0.000002
0.259592 0.256905 0.235442 0.100143 0.147773 0.000145
0.702532 0.069415 0.207782 0.015401 0.003750 0.001120
0.019072 0.003165 0.010222 0.014082 0.953367 0.000092
0.000215 0.977616 0.020705 0.000288 0.001150 0.000026
0.337363 0.205655 0.283388 0.113433 0.056307 0.003854
0.003050 0.026932 0.124324 0.844259 0.001415 0.000021
0.927167 0.023986 0.032105 0.001178 0.015515 0.000049
0.958391 0.012058 0.023752 0.001337 0.003905 0.000556
0.132632 0.070564 0.191542 0.006472 0.598785 0.000005
0.000048 0.990818 0.004928 0.000151 0.004055 0.000000
0.080098 0.440649 0.015821 0.006216 0.457208 0.000008
0.329839 0.383539 0.276124 0.009282 0.000000 0.001216
0.931987 0.022284 0.031701 0.001167 0.012781 0.000080
0.000305 0.973730 0.024639 0.000437 0.000767 0.000121
0.131855 0.006121 0.068744 0.045222 0.739728 0.008330
0.241896 0.110787 0.526219 0.115411 0.005687 0.000000
0.000066 0.989313 0.006747 0.000163 0.003710 0.000001
0.346647 0.018410 0.622223 0.005218 0.006977 0.000525
0.000226 0.976879 0.021563 0.000299 0.001003 0.000030
0.002846 0.000000 0.005183 0.002694 0.988670 0.000607
0.061787 0.865820 0.029611 0.037722 0.004937 0.000123
0.671781 0.210868 0.112427 0.000708 0.002969 0.001247
0.000250 0.974243 0.024871 0.000303 0.000318 0.000015
0.004276 0.000000 0.191631 0.791206 0.003050 0.009837
0.847491 0.023767 0.075276 0.006432 0.046714 0.000320
0.000142 0.982953 0.014421 0.000218 0.002262 0.000004
0.647569 0.143477 0.177981 0.012341 0.018139 0.000493
0.037926 0.002998 0.841553 0.000917 0.116459 0.000147
0.000177 0.980179 0.017743 0.000246 0.001647 0.000008
0.111386 0.176736 0.623643 0.050262 0.025630 0.012342
0.951435 0.015430 0.030139 0.001121 0.001674 0.000200
0.200595 0.000000 0.708710 0.014150 0.057056 0.019489
0.025056 0.000000 0.921945 0.007732 0.045266 0.000001
0.000435 0.120888 0.016330 0.739711 0.122048 0.000588
0.000014 0.993725 0.001412 0.000127 0.004722 0.000000
0.148287 0.688639 0.037285 0.111061 0.003690 0.011038
0.000586 0.106624 0.021747 0.804280 0.064949 0.001813
0.000278 0.973132 0.025955 0.000351 0.000235 0.000048
0.389006 0.347602 0.076391 0.008055 0.178758 0.000188
0.000153 0.144077 0.005761 0.623877 0.226035 0.000098
0.000646 0.101594 0.023955 0.828884 0.042930 0.001992
0.925942 0.024413 0.032172 0.001182 0.016249 0.000043
0.139970 0.666500 0.132923 0.057117 0.003094 0.000396
0.000318 0.972684 0.025897 0.000447 0.000533 0.000122
0.021322 0.000000 0.029591 0.008729 0.166663 0.773695
0.268364 0.537101 0.049638 0.000732 0.144137 0.000028
0.000125 0.984389 0.012688 0.000206 0.002589 0.000003
0.748861 0.083693 0.026550 0.002392 0.138499 0.000006
0.000260 0.974990 0.023641 0.000346 0.000707 0.000056
0.000224 0.000000 0.000409 0.001861 0.997476 0.000029
0.023075 0.000000 0.937332 0.006526 0.033067 0.000000
0.739002 0.000961 0.229441 0.002634 0.027115 0.000847
0.000222 0.977083 0.021337 0.000295 0.001036 0.000027
0.025491 0.000000 0.037005 0.010056 0.137988 0.789460
0.000099 0.000334 0.005968 0.033329 0.960259 0.000011
0.008861 0.000000 0.006135 0.004785 0.145806 0.834413
0.009345 0.000000 0.016988 0.004758 0.964319 0.004590
0.003803 0.000000 0.006014 0.766882 0.038179 0.185121
0.000598 0.052867 0.016154 0.887414 0.014381 0.028587
0.000015 0.993648 0.001505 0.000127 0.004704 0.000000
0.242043 0.154735 0.264922 0.280932 0.002878 0.054489
0.000292 0.972775 0.026221 0.000380 0.000264 0.000068
0.116892 0.001463 0.000000 0.760744 0.006171 0.114730
0.000294 0.973307 0.025436 0.000397 0.000480 0.000086
0.000000 0.071180 0.766584 0.111275 0.004030 0.046932
0.000179 0.979876 0.018137 0.000244 0.001558 0.000005
0.006511 0.000000 0.945155 0.046058 0.000005 0.002271
0.000989 0.002663 0.000531 0.009232 0.986584 0.000002
0.435341 0.080484 0.446548 0.002261 0.034989 0.000377
0.841747 0.026010 0.082410 0.006222 0.043315 0.000297
0.454234 0.308931 0.142377 0.032984 0.061431 0.000044
0.000084 0.987809 0.008564 0.000176 0.003366 0.000001
0.018507 0.000000 0.024056 0.007842 0.142550 0.807045
0.038341 0.002952 0.851383 0.000915 0.106267 0.000142
0.160162 0.006725 0.081946 0.053727 0.681108 0.016332
0.000682 0.073512 0.022442 0.880994 0.007593 0.014778
0.404710 0.426656 0.075087 0.000692 0.092835 0.000020
0.000456 0.017771 0.005433 0.898145 0.026108 0.052087
0.105058 0.183196 0.650025 0.043332 0.015034 0.003355
0.000185 0.979683 0.018312 0.000255 0.001553 0.000012
0.024436 0.000000 0.958973 0.006891 0.009700 0.000000
0.009197 0.004455 0.844490 0.112950 0.015773 0.013135
0.585954 0.278881 0.109035 0.009807 0.013963 0.002361
0.299121 0.116107 0.515166 0.006277 0.063328 0.000000
0.006259 0.002809 0.003354 0.010646 0.976896 0.000036
0.000340 0.972330 0.026014 0.000497 0.000658 0.000161
0.034069 0.000000 0.052948 0.012774 0.135697 0.764512
0.005753 -0.000000 0.000367 0.003800 0.147271 0.842809
0.975657 0.003546 0.006989 0.001910 0.010411 0.001486
0.265505 0.000000 0.352378 0.005541 0.376285 0.000291
0.724194 0.112803 0.099845 0.054085 0.009031 0.000042
0.928177 0.023665 0.032246 0.001167 0.014702 0.000043
0.000180 0.980032 0.017900 0.000250 0.001627 0.000011
0.009615 0.000000 0.017386 0.004846 0.955638 0.012516
0.000180 0.979994 0.017958 0.000249 0.001610 0.000009
0.000189 0.979384 0.018667 0.000258 0.001489 0.000013
0.000280 0.972929 0.026222 0.000350 0.000175 0.000045
0.000614 0.095148 0.021755 0.829431 0.046546 0.006505
0.000569 0.048389 0.014279 0.885661 0.019085 0.032017
0.006654 0.761402 0.200624 0.003332 0.027279 0.000709
0.431294 0.334971 0.084751 0.008300 0.140494 0.000189
0.059078 0.000000 0.844319 0.041777 0.021611 0.033214
0.000208 0.978140 0.020087 0.000281 0.001260 0.000024
0.945793 0.017835 0.033232 0.001029 0.002086 0.000024
0.522245 0.009267 0.355213 0.031754 0.080084 0.001436
0.029139 0.003437 0.015528 0.016823 0.934575 0.000498
0.092326 0.815139 0.042567 0.048553 0.000696 0.000717
0.001419 0.962164 0.000689 0.021179 0.014549 0.000000
0.029734 0.000000 0.044894 0.011400 0.137191 0.776781
0.000105 0.986010 0.010738 0.000191 0.002954 0.000002
0.752374 0.046140 0.177182 0.017945 0.001313 0.005046
0.000425 0.010333 0.003159 0.900408 0.028605 0.057069
0.002273 0.000661 0.135132 0.123161 0.734226 0.004548
0.222697 0.107456 0.000000 0.614623 0.003206 0.052017
0.000035 0.991899 0.003622 0.000142 0.004302 0.000000
0.000258 0.973789 0.025378 0.000313 0.000241 0.000020
0.867708 0.008065 0.117312 0.005798 0.001004 0.000113
0.000261 0.973565 0.025640 0.000316 0.000196 0.000022
0.000015 0.000587 0.005344 0.026200 0.967850 0.000004
0.297139 0.057661 0.420749 0.008094 0.216308 0.000049
0.025106 0.000000 0.960510 0.011313 0.001320 0.001752
0.699157 0.107399 0.176174 0.012927 0.002957 0.001386
0.028615 0.918859 0.013804 0.028506 0.010187 0.000028
0.357103 0.017635 0.613442 0.005553 0.004777 0.001490
0.026939 0.004129 0.606200 0.000918 0.361797 0.000018
0.000311 0.972552 0.026207 0.000425 0.000401 0.000103
0.038203 0.004593 0.788815 0.142035 0.020137 0.006216
0.584716 0.122287 0.242421 0.049446 0.000921 0.000210
0.052490 0.174100 0.598904 0.091991 0.082465 0.000049
0.000220 0.977263 0.021128 0.000292 0.001071 0.000026
0.000181 0.979916 0.018048 0.000250 0.001594 0.000010
0.823434 0.027912 0.107189 0.025234 0.003349 0.012881
0.557720 0.199054 0.197354 0.036892 0.003657 0.005323
0.082176 0.076448 0.716238 0.107914 0.006679 0.010545
0.950702 0.015717 0.030376 0.001116 0.001903 0.000186
0.556828 0.303475 0.102606 0.000654 0.036340 0.000097
0.608711 0.109392 0.220120 0.057958 0.002313 0.001506
0.000030 0.992325 0.003105 0.000138 0.004401 0.000000
0.000094 0.987019 0.009514 0.000183 0.003188 0.000002
0.006021 0.000000 0.925955 0.067635 0.000134 0.000255
0.007914 0.024783 0.401634 0.059332 0.136358 0.369978
0.070832 0.850371 0.033071 0.041485 0.003821 0.000419
0.589936 0.262265 0.100017 0.010780 0.031262 0.005740
0.725519 0.001055 0.223732 0.002733 0.045953 0.001008
0.050041 0.002382 0.913852 0.001258 0.030248 0.002218
0.533949 0.169998 0.222226 0.053852 0.019817 0.000157
0.033505 0.911129 0.016209 0.029754 0.009385 0.000018
0.000638 0.093946 0.022723 0.838024 0.038497 0.006173
0.740772 0.000953 0.221104 0.002760 0.032530 0.001881
0.218477 0.057034 0.052468 0.329782 0.003985 0.338254
0.248358 0.006102 0.508650 0.003701 0.232579 0.000610
0.000147 0.982529 0.014939 0.000221 0.002161 0.000003
0.000590 0.050703 0.015501 0.888124 0.015053 0.030029
0.000829 0.000152 0.977797 0.001798 0.019318 0.000106
0.929911 0.023030 0.031959 0.001169 0.013869 0.000062
0.532315 0.008807 0.368756 0.030676 0.058696 0.000751
0.838884 0.012457 0.117439 0.006527 0.024657 0.000037
0.743984 0.000924 0.236174 0.002526 0.016142 0.000250
0.175439 0.000000 0.689425 0.022887 0.110615 0.001634
0.605098 0.159544 0.188920 0.021356 0.024962 0.000121
0.003613 0.003262 0.065144 0.038520 0.064199 0.825263
0.007257 0.004386 0.967398 0.005450 0.008142 0.007367
0.778363 0.070357 0.098954 0.051276 0.000530 0.000520
0.702552 0.066910 0.212169 0.014791 0.002829 0.000748
0.174015 0.167747 -0.000000 0.645023 0.010021 0.003194
0.000142 0.982857 0.014557 0.000216 0.002227 0.000001
0.000024 0.992842 0.002481 0.000134 0.004519 0.000000
0.107640 0.781968 0.042370 0.063825 0.001053 0.003145
0.485373 0.215521 0.203331 0.057925 0.037759 0.000090
0.000180 0.979855 0.018158 0.000245 0.001557 0.000005
0.012393 0.000000 0.012692 0.005905 0.144142 0.824867
0.006313 0.626391 0.298025 0.003916 0.051829 0.013526
0.000110 0.147567 0.004171 0.606453 0.241676 0.000022
0.000590 0.051005 0.015557 0.887811 0.015180 0.029857
0.002039 0.617145 0.107760 0.001942 0.270775 0.000339
0.000195 0.978948 0.019174 0.000265 0.001403 0.000016
0.000156 0.981684 0.015973 0.000226 0.001959 0.000002
0.000745 0.093439 0.027682 0.869682 0.006296 0.002156
0.282135 0.419474 0.291571 0.006747 0.000000 0.000073
0.000281 0.974091 0.024545 0.000382 0.000622 0.000078
0.000237 0.976593 0.021778 0.000322 0.001024 0.000046
0.756156 0.020549 0.128229 0.022692 0.072346 0.000027
0.050538 0.218627 0.567603 0.132404 0.010143 0.020685
0.000737 0.094685 0.027425 0.865372 0.009917 0.001865
0.000018 0.154913 0.000663 0.568777 0.275626 0.000003
0.635548 0.239810 0.114988 0.000648 0.008683 0.000322
0.554868 0.007908 0.340356 0.034693 0.056709 0.005466
0.024522 0.000000 0.957989 0.006948 0.010541 0.000000
0.964219 0.009187 0.018106 0.001530 0.006088 0.000869
0.070603 0.850763 0.032984 0.041390 0.003849 0.000411
0.002180 0.006484 0.031311 0.956145 0.003733 0.000147
0.000025 0.992731 0.002615 0.000135 0.004493 0.000000
0.663327 0.078223 0.149514 0.003835 0.105098 0.000002
0.000302 0.972713 0.026136 0.000405 0.000356 0.000088
0.000604 0.087178 0.020337 0.838128 0.042777 0.010976
0.000560 0.111232 0.021077 0.790075 0.076558 0.000498
0.002703 0.017703 0.085479 0.892132 0.001907 0.000075
0.045089 0.012870 0.904667 0.019517 0.016912 0.000945
0.256384 0.250879 0.480653 0.011647 0.000003 0.000433
0.000000 0.012170 0.006666 0.000000 0.981143 0.000021
0.000260 0.973473 0.025789 0.000311 0.000150 0.000017
0.857628 0.019819 0.062780 0.006802 0.052610 0.000360
0.950107 0.015746 0.029281 0.001163 0.003459 0.000244
0.377170 0.350623 0.073724 0.008018 0.190165 0.000301
0.652358 0.137966 0.185034 0.011719 0.012732 0.000191
0.028440 0.000000 0.050267 0.010849 0.777297 0.133147
0.956806 0.012787 0.024959 0.001298 0.003661 0.000488
0.002808 0.000000 0.011247 0.676804 0.308554 0.000587
0.000213 0.977760 0.020545 0.000285 0.001174 0.000024
0.000095 0.000000 0.000173 0.001820 0.997887 0.000024
0.006610 0.953916 0.003207 0.022556 0.013711 0.000001
0.013273 0.003002 0.007095 0.012536 0.963953 0.000142
0.102634 0.187636 0.640154 0.042640 0.024345 0.002590
0.827597 0.013658 0.134888 0.021113 0.002582 0.000162
0.000682 0.074389 0.022552 0.879747 0.008304 0.014325
0.000793 0.928403 0.067838 0.001876 0.001089 0.000001
0.023019 0.000000 0.041166 0.009113 0.858924 0.067777
0.581343 0.178882 0.188050 0.040391 0.002945 0.008388
0.464644 0.000000 0.367183 0.010831 0.141456 0.015887
0.000000 0.096489 0.810602 0.077608 0.008257 0.007044
0.000037 0.991754 0.003795 0.000143 0.004270 0.000000
0.834861 0.054945 0.029548 0.001794 0.078842 0.000010
0.555288 0.150798 0.227898 0.052937 0.012788 0.000292
0.202698 0.509136 0.234625 0.023971 0.021422 0.008149
0.000023 0.992924 0.002382 0.000133 0.004538 0.000000
0.000157 0.143784 0.005897 0.625359 0.224702 0.000101
0.701035 0.066300 0.215426 0.014391 0.002418 0.000432
0.704975 0.068430 0.155044 0.003821 0.067717 0.000013
0.000005 0.994427 0.000563 0.000121 0.004884 0.000000
0.956865 0.012802 0.025177 0.001289 0.003391 0.000477
0.015615 0.321741 0.000000 0.599003 0.063625 0.000016
0.102783 0.793094 0.042955 0.058213 0.000746 0.002209
0.006825 0.629265 0.323452 0.004118 0.022150 0.014191
0.659114 0.079252 0.149294 0.003827 0.108512 0.000000
0.216170 0.035381 0.720858 0.012061 0.008883 0.006647
0.046243 0.243441 0.513691 0.130410 0.045965 0.020251
0.588948 0.094886 0.132326 0.004056 0.179781 0.000003
0.908662 0.030247 0.031940 0.001288 0.027840 0.000022
0.000820 0.000173 0.963890 0.001896 0.033106 0.000115
0.665097 0.099432 0.208665 0.016560 0.010201 0.000046
0.701978 0.069119 0.154512 0.003826 0.070552 0.000013
0.000719 0.082581 0.025233 0.878346 0.004433 0.008687
0.632847 0.084976 0.141803 0.003943 0.136426 0.000005
0.730007 0.092679 0.152192 0.015422 0.006557 0.003142
0.000011 0.993925 0.001171 0.000125 0.004768 0.000000
0.006284 0.000000 0.011381 0.003787 0.971930 0.006618
0.000410 0.006461 0.001975 0.901586 0.029905 0.059663
0.000268 0.973270 0.025933 0.000328 0.000171 0.000030
0.962074 0.010239 0.020154 0.001460 0.005317 0.000755
0.264254 0.264344 0.456257 0.013423 0.000029 0.001694
0.205413 0.092736 0.185162 0.264088 0.001136 0.251466
0.001070 0.189739 0.008393 0.474490 0.326289 0.000018
0.005146 0.003976 0.920001 0.004418 0.061829 0.004629
0.011190 0.685879 0.274085 0.005578 0.007743 0.015525
0.248432 0.000000 0.442723 0.144208 0.001028 0.163610
0.000164 0.981135 0.016615 0.000234 0.001847 0.000005
0.000000 0.043747 0.877546 0.000000 0.069189 0.009519
0.947787 0.016624 0.029853 0.001153 0.004374 0.000209
0.968105 0.007271 0.014329 0.001659 0.007557 0.001079
0.465620 0.060167 0.469762 0.002129 0.001475 0.000847
0.090705 0.817563 0.041650 0.048316 0.001007 0.000759
0.509642 0.192048 0.215176 0.055090 0.028016 0.000028
0.033859 0.018936 0.850989 0.014753 0.081430 0.000033
0.000186 0.979205 0.018973 0.000246 0.001388 0.000002
0.000172 0.980328 0.017624 0.000235 0.001640 0.000000
0.129965 0.022420 -0.000000 0.744460 0.005265 0.097890
0.704121 0.185553 0.098266 0.000852 0.007953 0.003254
0.584837 0.281148 0.110043 0.009681 0.012353 0.001938
0.004398 0.000000 0.007977 0.003187 0.980680 0.003758
0.042483 0.174605 0.278843 0.065484 0.438582 0.000003
0.000037 0.991777 0.003768 0.000143 0.004275 0.000000
0.000204 0.978673 0.019410 0.000282 0.001404 0.000028
0.000221 0.977946 0.020144 0.000310 0.001334 0.000046
0.226570 0.042949 0.414818 0.006650 0.308950 0.000064
0.952986 0.014554 0.027927 0.001201 0.003011 0.000322
0.000587 0.054314 0.015781 0.881955 0.019052 0.028312
0.468691 0.060626 0.462940 0.002206 0.004122 0.001415
0.075913 0.841609 0.034941 0.043707 0.003221 0.000609
0.077397 0.000000 0.135634 0.026465 0.301273 0.459231
0.801193 0.041279 0.127767 0.004868 0.024745 0.000147
0.699579 0.001230 0.222554 0.002774 0.073683 0.000180
0.000004 0.994546 0.000419 0.000120 0.004911 0.000000
0.000532 0.036642 0.011196 0.892368 0.019809 0.039452
0.000185 0.979636 0.018376 0.000254 0.001538 0.000011
0.000745 0.093562 0.027700 0.869520 0.006383 0.002091
0.362443 0.079774 0.543214 0.007168 0.007385 0.000016
0.255274 0.075855 0.069456 0.353531 0.003058 0.242827
0.000264 0.973409 0.025805 0.000321 0.000176 0.000025
0.184006 0.000000 0.707924 0.023678 0.082060 0.002332
0.045740 0.835422 0.044501 0.038500 0.035810 0.000026
0.000652 0.080533 0.021858 0.862033 0.022523 0.012401
0.000794 0.000187 0.955688 0.001880 0.041413 0.000038
0.694112 0.026611 0.208783 0.005424 0.035968 0.029102
0.182036 0.019186 0.000000 0.765472 0.006216 0.027090
0.852504 0.010620 0.113267 0.006513 0.016948 0.000147
0.000048 0.990863 0.004876 0.000150 0.004064 0.000000
0.043164 0.258348 0.539361 0.111767 0.042440 0.004921
0.011438 0.032235 0.637151 0.074269 0.024846 0.220062
0.000681 0.101021 0.025547 0.839940 0.031940 0.000871
0.000074 0.988667 0.007531 0.000168 0.003560 0.000000
0.949844 0.016022 0.030466 0.001117 0.002370 0.000180
0.177318 0.597970 0.127117 0.088118 0.004946 0.004531
0.000240 0.975288 0.023566 0.000300 0.000585 0.000020
0.684657 0.073505 0.154980 0.003757 0.083101 0.000001
0.439339 0.076627 0.062520 0.021190 0.400322 0.000001
0.000239 0.975160 0.023775 0.000293 0.000519 0.000013
0.040326 0.004148 0.721656 0.168451 0.043818 0.021601
0.000577 0.108306 0.021495 0.799050 0.069233 0.001340
0.609534 0.260884 0.110109 0.000656 0.018491 0.000326
0.879658 0.007069 0.103066 0.006636 0.003169 0.000402
0.002262 0.000000 0.004119 0.002508 0.990501 0.000610
0.591702 0.278180 0.110817 0.009777 0.007385 0.002139
0.137734 0.670212 0.123139 0.061119 0.006658 0.001138
0.000029 0.992395 0.003022 0.000138 0.004416 0.000000
0.000198 0.978717 0.019453 0.000267 0.001349 0.000016
0.000242 0.975475 0.023280 0.000308 0.000668 0.000028
0.962229 0.010160 0.019986 0.001466 0.005394 0.000765
0.000404 0.005027 0.001537 0.902022 0.030387 0.060623
0.723976 0.112983 0.099699 0.054194 0.009099 0.000049
0.596049 0.269372 0.106903 0.010265 0.013627 0.003784
0.000164 0.981125 0.016642 0.000232 0.001835 0.000003
0.399183 0.073597 0.502218 0.008930 0.016036 0.000036
0.000502 0.070734 0.021911 0.857111 0.049741 0.000000
0.007501 0.148716 0.058379 0.698618 0.086287 0.000498
0.476664 0.112510 0.378137 0.027068 0.004763 0.000859
0.000174 0.980394 0.017491 0.000243 0.001691 0.000007
0.027514 0.005377 0.591040 0.119484 0.255213 0.001371
0.930185 0.022933 0.031933 0.001168 0.013717 0.000064
0.008413 0.000000 0.005305 0.004644 0.146021 0.835617
0.555268 0.007844 0.361216 0.032425 0.039971 0.003277
0.165556 0.080483 -0.000000 0.699525 0.002905 0.051531
0.187760 0.123769 0.000000 0.667279 0.002170 0.019022
0.000223 0.000000 0.000407 0.001861 0.997475 0.000034
0.000311 0.972556 0.026193 0.000426 0.000409 0.000105
0.230180 0.133573 0.503469 0.122954 0.009824 0.000000
0.000648 0.083339 0.021995 0.856740 0.026142 0.011136
0.949916 0.016234 0.031962 0.001057 0.000731 0.000100
0.455354 0.294125 0.130511 0.015228 0.104720 0.000061
0.000222 0.976210 0.022573 0.000274 0.000715 0.000005
0.000442 0.970971 0.026155 0.000738 0.001347 0.000347
0.008135 0.571472 0.291817 0.005934 0.072976 0.049667
0.024317 0.000000 0.043523 0.009526 0.854016 0.068618
0.001368 0.251414 0.000000 0.111316 0.624689 0.011212
0.691708 0.195409 0.100514 0.000821 0.008747 0.002801
0.727949 0.093654 0.153817 0.015253 0.006304 0.003024
0.000169 0.980753 0.017077 0.000237 0.001760 0.000005
0.000173 0.980398 0.017499 0.000241 0.001683 0.000006
0.000268 0.973264 0.025947 0.000327 0.000165 0.000029
0.681634 0.084805 0.210683 0.015713 0.006848 0.000316
0.006196 0.000000 0.945160 0.048069 0.000034 0.000540
0.111701 0.005690 0.059330 0.039173 0.781420 0.002687
0.000239 0.137099 0.008978 0.658962 0.194508 0.000213
0.026553 0.000000 0.953493 0.012827 0.003993 0.003134
0.000161 0.981449 0.016229 0.000232 0.001923 0.000005
0.000694 0.088169 0.024678 0.862704 0.016883 0.006873
0.000054 0.990324 0.005525 0.000155 0.003942 0.000001
0.000103 0.986247 0.010445 0.000190 0.003012 0.000002
0.458693 0.324395 0.088646 0.008606 0.118945 0.000714
0.115929 0.005787 0.061378 0.040408 0.772917 0.003580
0.003198 0.723294 0.270616 0.002573 0.000299 0.000019
0.000270 0.974412 0.024289 0.000359 0.000608 0.000062
0.082016 0.830921 0.037047 0.046581 0.002553 0.000881
0.039459 0.013075 0.926269 0.015037 0.005863 0.000296
0.407321 0.149459 0.326831 0.027587 0.088390 0.000412
0.017900 0.043733 0.752475 0.185841 0.000000 0.000052
0.947978 0.016388 0.028768 0.001195 0.005404 0.000267
0.000331 0.129821 0.012480 0.696451 0.160706 0.000210
0.000076 0.988483 0.007751 0.000170 0.003520 0.000001
0.000623 0.060415 0.018147 0.883185 0.013833 0.023798
0.000627 0.059946 0.018324 0.885298 0.011965 0.023840
0.608865 0.109324 0.219930 0.058028 0.002337 0.001516
0.115124 0.711023 0.109160 0.052467 0.011883 0.000342
0.002248 0.000659 0.134117 0.121826 0.737988 0.003162
0.000170 0.980701 0.017132 0.000239 0.001753 0.000006
0.005285 0.790635 0.161435 0.003002 0.039552 0.000091
0.004480 0.000000 0.017806 0.770763 0.203344 0.003607
0.952085 0.015171 0.029896 0.001128 0.001506 0.000215
0.004662 0.002765 0.002500 0.010217 0.979838 0.000019
0.087559 0.197271 0.571659 0.126629 0.008702 0.008181
0.000279 0.973001 0.026130 0.000350 0.000195 0.000046
0.926270 0.024299 0.032158 0.001181 0.016048 0.000044
0.299706 0.007891 0.127542 0.104702 0.326542 0.133617
0.235201 0.308020 0.444526 0.011909 0.000061 0.000283
0.000002 0.994724 0.000204 0.000119 0.004952 0.000000
0.000665 0.099274 0.024588 0.837858 0.035212 0.002402
0.000541 0.038796 0.011849 0.891679 0.019120 0.038014
0.022918 0.000000 0.041538 0.009071 0.905002 0.021471
0.307089 0.227545 0.272437 0.105088 0.086683 0.001159
0.093359 0.205225 0.596326 0.040586 0.064030 0.000476
0.135573 0.196815 0.030737 0.005319 0.631556 0.000000
0.016994 0.006078 0.370326 0.102657 0.503814 0.000132
0.005334 0.000778 0.249329 0.290919 0.255490 0.198151
0.000024 0.992860 0.002459 0.000134 0.004523 0.000000
0.000016 0.993542 0.001633 0.000128 0.004680 0.000000
0.017696 0.003127 0.009489 0.013711 0.955909 0.000069
0.000300 0.972683 0.026219 0.000398 0.000318 0.000082
0.000149 0.982357 0.015145 0.000223 0.002122 0.000003
0.000107 0.147778 0.004033 0.605141 0.242887 0.000054
0.872549 0.007663 0.111516 0.006140 0.001902 0.000230
0.173578 0.018333 0.000000 0.759359 0.013257 0.035472
0.000437 0.121833 0.016528 0.738860 0.122309 0.000033
0.003715 0.000000 0.168864 0.804518 0.018102 0.004802
0.000008 0.994240 0.000790 0.000123 0.004840 0.000000
0.023273 0.000000 0.959520 0.006305 0.010902 0.000000
0.000162 0.981266 0.016462 0.000232 0.001873 0.000004
0.002953 0.031010 0.124396 0.837414 0.004217 0.000011
0.000020 0.993157 0.002099 0.000131 0.004592 0.000000
0.946318 0.017545 0.032527 0.001055 0.002493 0.000063
0.123297 0.199567 0.027922 0.005355 0.643859 0.000000
0.000281 0.972917 0.026222 0.000352 0.000182 0.000047
0.003908 0.585712 0.405051 0.003576 0.001240 0.000514
0.166380 0.176375 -0.000000 0.642085 0.012731 0.002428
0.181757 0.066783 0.261901 0.006917 0.482632 0.000010
0.958841 0.011802 0.023094 0.001361 0.004310 0.000592
0.723252 0.096205 0.156431 0.014970 0.006330 0.002812
0.000261 0.973657 0.025513 0.000318 0.000227 0.000024
0.000242 0.976064 0.022436 0.000323 0.000891 0.000044
0.002971 0.000739 0.171373 0.155150 0.649386 0.020380
0.958343 0.012049 0.023590 0.001344 0.004109 0.000564
0.000196 0.978939 0.019164 0.000268 0.001415 0.000018
0.186601 0.024103 0.131321 0.042777 0.615152 0.000046
0.000181 0.979813 0.018187 0.000249 0.001562 0.000008
0.000533 0.112267 0.019932 0.780755 0.085464 0.001050
0.000979 0.001675 0.269251 0.292645 0.377642 0.057808
0.192821 0.526726 0.247586 0.020800 0.008496 0.003572
0.000277 0.973115 0.026000 0.000348 0.000215 0.000045
0.000582 0.051393 0.015220 0.884885 0.017934 0.029985
0.014819 0.003045 0.007917 0.012953 0.961091 0.000176
0.003806 0.000000 0.172969 0.802390 0.015815 0.005019
0.003865 0.601192 0.386537 0.003735 0.003967 0.000704
0.072486 0.000000 0.924209 0.002700 0.000549 0.000055
0.951096 0.015562 0.030243 0.001119 0.001786 0.000194
0.450419 0.074131 0.444399 0.002330 0.027333 0.001388
0.000015 0.993655 0.001497 0.000127 0.004706 0.000000
0.012279 0.000000 0.012482 0.005869 0.144293 0.825077
0.114488 0.430377 0.022619 0.006415 0.426091 0.000009
0.447106 0.332621 0.062006 0.096263 0.061998 0.000006
0.737299 0.043968 0.088481 0.107608 0.013704 0.008939
0.000217 0.977540 0.020777 0.000292 0.001145 0.000028
0.044853 0.163521 0.737407 0.012652 0.039427 0.002141
0.023956 0.000000 0.034709 0.009559 0.184266 0.747510
0.772952 0.052389 0.163570 0.003812 0.007244 0.000032
0.000136 0.983489 0.013781 0.000213 0.002380 0.000003
0.000344 0.001209 0.124557 0.099840 0.773428 0.000622
0.964957 0.008823 0.017387 0.001555 0.006370 0.000909
0.120936 0.055921 0.641335 0.150589 0.002035 0.029185
0.000219 0.977295 0.021104 0.000289 0.001069 0.000024
0.055032 0.876908 0.026639 0.035482 0.005915 0.000025
0.000248 0.974250 0.024897 0.000297 0.000296 0.000011
0.355282 0.017732 0.615719 0.005482 0.004489 0.001297
0.000234 0.976520 0.021939 0.000311 0.000959 0.000037
0.137784 0.069301 0.677931 0.015406 0.097421 0.002157
0.000273 0.973761 0.025151 0.000353 0.000409 0.000053
0.084485 0.826073 0.037446 0.048410 0.002451 0.001136
0.945812 0.017675 0.032260 0.001068 0.003109 0.000076
0.000277 0.972972 0.026203 0.000344 0.000162 0.000041
0.026194 0.000000 0.924307 0.008264 0.041235 0.000001
0.690090 0.078465 0.209708 0.015559 0.005553 0.000625
0.959637 0.011428 0.022441 0.001383 0.004483 0.000628
0.000412 0.006949 0.002124 0.901438 0.029742 0.059336
0.952371 0.015001 0.029438 0.001144 0.001805 0.000240
0.006958 0.615676 0.308758 0.004456 0.042359 0.021793
0.193947 0.041868 0.719479 0.010480 0.033215 0.001011
0.134794 0.071289 0.671257 0.015226 0.106478 0.000956
0.759551 0.055834 0.164385 0.003747 0.016462 0.000021
0.438482 0.080506 0.441199 0.002324 0.036624 0.000865
0.937436 0.020596 0.032731 0.001096 0.008107 0.000035
0.000180 0.980020 0.017926 0.000249 0.001616 0.000009
0.014576 0.003038 0.007794 0.012885 0.961561 0.000146
0.742671 0.098259 0.100576 0.052448 0.005900 0.000146
0.190823 0.044167 0.705257 0.010673 0.047907 0.001174
0.000578 0.107163 0.021417 0.801069 0.067899 0.001874
0.414855 0.000000 0.231381 0.023017 0.149371 0.181376
0.439555 0.331634 0.085831 0.008402 0.134198 0.000380
0.010870 0.000000 0.019646 0.005244 0.949412 0.014827
0.158353 0.055095 0.729904 0.016426 0.030674 0.009548
0.192053 0.022133 0.000000 0.770084 0.008069 0.007661
0.010047 0.694864 0.282110 0.004470 0.002724 0.005785
0.949076 0.016630 0.032662 0.001034 0.000537 0.000061
0.274312 0.005763 0.563603 0.003785 0.151969 0.000567
0.000484 0.970449 0.026159 0.000838 0.001644 0.000425
0.000174 0.980428 0.017440 0.000244 0.001705 0.000008
0.000207 0.978175 0.020061 0.000279 0.001257 0.000021
0.532629 0.171149 0.221999 0.053867 0.020212 0.000144
0.346421 0.000000 0.621330 0.011295 0.017555 0.003400
0.298004 0.413729 0.279858 0.007842 0.000000 0.000568
0.000033 0.992055 0.003433 0.000140 0.004338 0.000000
0.937722 0.020505 0.032775 0.001093 0.007872 0.000033
0.007182 0.751255 0.212742 0.003521 0.023670 0.001630
0.000819 0.000170 0.966249 0.001872 0.030786 0.000105
0.000018 0.993364 0.001849 0.000130 0.004639 0.000000
0.000199 0.978591 0.019607 0.000268 0.001319 0.000015
0.875229 0.007540 0.106597 0.006466 0.003842 0.000326
0.241078 0.504285 0.247805 0.006746 0.000000 0.000086
0.485387 0.000000 0.448817 0.006197 0.059005 0.000593
0.598751 0.114594 0.229872 0.054260 0.001574 0.000948
0.939453 0.019675 0.031237 0.001144 0.008372 0.000119
0.000421 0.971213 0.026178 0.000688 0.001192 0.000308
0.000156 0.981775 0.015846 0.000228 0.001991 0.000004
0.556051 0.197432 0.206537 0.034762 0.001481 0.003736
0.002003 0.002691 0.012994 0.977790 0.004351 0.000172
0.000257 0.973882 0.025274 0.000311 0.000258 0.000019
0.085707 0.824191 0.038092 0.048657 0.002234 0.001119
0.000614 0.056995 0.017339 0.885687 0.013478 0.025887
0.000751 0.091570 0.027725 0.874032 0.003038 0.002885
0.854161 0.000263 0.075046 0.004907 0.042559 0.023063
0.959431 0.011548 0.022759 0.001371 0.004280 0.000611
0.733482 0.051912 0.194156 0.016234 0.001113 0.003102
0.044128 0.169694 0.723218 0.012772 0.047973 0.002214
0.000266 0.973133 0.026177 0.000318 0.000088 0.000020
0.000064 0.000328 0.003842 0.031884 0.963871 0.000011
0.452415 0.069176 0.459094 0.002192 0.016449 0.000673
0.435449 0.334146 0.085836 0.008299 0.136172 0.000099
0.072159 0.000000 0.925173 0.002530 0.000097 0.000041
0.001239 0.611204 0.065911 0.001657 0.319934 0.000055
0.009440 0.004173 0.765539 0.130163 0.048606 0.042078
0.884038 0.038527 0.031390 0.001447 0.044594 0.000005
0.000729 0.088052 0.026287 0.872871 0.006512 0.005550
0.008898 0.287414 0.568866 0.007234 0.127531 0.000057
0.925151 0.024687 0.032211 0.001185 0.016726 0.000039
0.682408 0.116117 0.186769 0.011800 0.002345 0.000562
0.285929 0.155089 0.091217 0.416264 0.030433 0.021068
0.000256 0.973513 0.025808 0.000300 0.000114 0.000009
0.950603 0.015820 0.030818 0.001099 0.001498 0.000162
0.000005 0.994460 0.000522 0.000121 0.004891 0.000000
0.674506 0.121807 0.186496 0.011762 0.004974 0.000454
0.013842 0.108030 0.870834 0.005174 0.001440 0.000680
0.044905 0.002575 0.903394 0.001077 0.046918 0.001132
0.000416 0.008102 0.002477 0.901087 0.029354 0.058563
0.000635 0.098696 0.023133 0.830157 0.043499 0.003879
0.147910 0.062583 0.700365 0.016022 0.066872 0.006248
0.674276 0.075791 0.152229 0.003797 0.093905 0.000002
0.335033 0.054056 0.456819 0.008808 0.145148 0.000136
0.249950 0.171127 0.056606 0.004994 0.517322 0.000000
0.082208 0.833413 0.039555 0.043084 0.001627 0.000113
0.002625 0.687352 0.292383 0.002775 0.014799 0.000065
0.000600 0.053127 0.016237 0.887362 0.014265 0.028409
0.000240 0.000000 0.000438 0.001866 0.997430 0.000027
0.003093 0.000000 0.005609 0.002772 0.985952 0.002574
0.000163 0.981153 0.016616 0.000230 0.001836 0.000002
0.000175 0.980192 0.017755 0.000242 0.001631 0.000005
0.090529 0.212418 0.564381 0.041784 0.088567 0.002321
0.079233 0.837620 0.037662 0.042955 0.002274 0.000256
0.000022 0.993046 0.002235 0.000132 0.004566 0.000000
0.000811 0.000441 0.048253 0.062762 0.886184 0.001549
0.467045 0.060853 0.464872 0.002182 0.003839 0.001208
0.000010 0.994047 0.001023 0.000124 0.004796 0.000000
0.196670 0.136388 0.000000 0.657173 0.001379 0.008390
0.000028 0.000000 0.000114 0.521348 0.478500 0.000010
0.000064 0.989485 0.006543 0.000161 0.003747 0.000000
0.043093 0.002496 0.943446 0.000933 0.009733 0.000299
0.003893 0.000000 0.007086 0.003026 0.984883 0.001111
0.099598 0.070408 0.724859 0.101198 0.001885 0.002052
0.026339 0.000000 0.948751 0.007984 0.016925 0.000001
0.000428 0.000384 0.025692 0.046783 0.926573 0.000139
0.282299 0.059040 0.405781 0.007831 0.245029 0.000019
0.150627 0.647197 0.137788 0.062192 0.001257 0.000939
0.006002 0.011983 0.239277 0.049408 0.050115 0.643216
0.027397 0.000000 0.048016 0.010524 0.751898 0.162165
0.000243 0.974763 0.024265 0.000295 0.000422 0.000012
0.013025 0.000000 0.023664 0.005927 0.949963 0.007421
0.000086 0.987603 0.008813 0.000178 0.003319 0.000001
0.000001 0.994816 0.000092 0.000118 0.004973 0.000000
0.532663 0.299236 0.101320 0.009224 0.056169 0.001388
0.000242 0.975940 0.022618 0.000319 0.000841 0.000040
0.000008 0.994246 0.000782 0.000122 0.004842 0.000000
0.000063 0.151319 0.002381 0.587217 0.259009 0.000011
0.017625 0.047918 0.742952 0.191461 0.000000 0.000043
0.000236 0.976046 0.022563 0.000307 0.000817 0.000031
0.936592 0.020693 0.031529 0.001149 0.009941 0.000098
0.827923 0.013473 0.131841 0.021664 0.004861 0.000238
0.535742 0.168236 0.223194 0.053611 0.019068 0.000149
0.000265 0.973397 0.025814 0.000322 0.000177 0.000025
0.000496 0.970345 0.026098 0.000867 0.001745 0.000448
0.000019 0.993319 0.001903 0.000130 0.004629 0.000000
0.719006 0.064922 0.155064 0.003866 0.057119 0.000022
0.198365 0.573736 0.031092 0.169153 0.006914 0.020740
0.477984 0.058177 0.456276 0.002301 0.002923 0.002340
0.105841 0.073435 0.680938 0.123471 0.004146 0.012168
0.011232 0.010604 0.834323 0.121443 0.012624 0.009774
0.000645 0.066093 0.019856 0.881290 0.012098 0.020018
0.000275 0.133994 0.010300 0.673897 0.181176 0.000359
0.000627 0.103729 0.023347 0.820468 0.050192 0.001636
0.936561 0.020674 0.031345 0.001156 0.010156 0.000108
0.191740 0.148059 0.000000 0.651637 0.003766 0.004797
0.000081 0.149838 0.003070 0.594703 0.252276 0.000031
0.358326 0.000000 0.550252 0.013405 0.042535 0.035482
0.000102 0.986215 0.010500 0.000188 0.002994 0.000000
0.034966 0.304982 0.452571 0.103653 0.103494 0.000333
0.000023 0.992938 0.002365 0.000133 0.004541 0.000000
0.000267 0.973493 0.025642 0.000330 0.000236 0.000032
0.470752 0.287384 0.192236 0.032701 0.016557 0.000370
0.002853 0.020920 0.100979 0.873805 0.001389 0.000055
0.214733 0.555861 0.222735 0.006630 0.000000 0.000041
0.331506 0.022695 0.631230 0.004520 0.009667 0.000382
0.000567 0.109996 0.021253 0.793858 0.073472 0.000854
0.781308 0.000696 0.190012 0.003203 0.017780 0.007000
0.000479 0.023440 0.007166 0.896418 0.024207 0.048290
0.071760 0.096811 0.715989 0.092136 0.018378 0.004927
0.647505 0.143415 0.178339 0.012307 0.017961 0.000473
0.815761 0.014403 0.125849 0.022816 0.020839 0.000333
0.000302 0.131901 0.011355 0.684973 0.171152 0.000317
0.017331 0.000000 0.031477 0.007295 0.933069 0.010828
0.567034 0.291546 0.109752 0.009265 0.021579 0.000825
0.949998 0.016111 0.031360 0.001081 0.001318 0.000132
0.000143 0.982767 0.014668 0.000216 0.002205 0.000001
0.093316 0.207432 0.574513 0.042699 0.078676 0.003363
0.921464 0.025984 0.032486 0.001195 0.018854 0.000018
0.154302 0.640103 0.128139 0.070492 0.004732 0.002232
0.111852 0.001773 0.003581 0.240163 0.002595 0.640035
0.027485 0.000000 0.048049 0.010555 0.741060 0.172851
0.000098 0.986610 0.010013 0.000186 0.003091 0.000001
0.121867 0.749258 0.040552 0.080414 0.001990 0.005920
0.399260 0.011888 0.194140 0.125254 0.188248 0.081210
