0.000000 0.000001 0.098071 0.901927
-0.000000 0.000000 0.000151 0.999849
0.000000 0.013802 0.513606 0.472592
-0.000000 0.000000 0.000000 1.000000
0.000000 0.000000 0.000621 0.999379
0.000000 0.000541 0.059990 0.939469
0.000000 0.013303 0.926172 0.060525
0.000000 0.600072 0.399177 0.000751
0.000000 0.000006 0.012593 0.987400
-0.000000 0.043450 0.133831 0.822719
-0.000000 0.692261 0.307736 0.000003
0.000000 0.999792 0.000208 0.000000
-0.000000 0.999673 0.000327 0.000000
-0.000000 0.000193 0.636505 0.363302
-0.000000 0.999668 0.000332 0.000000
0.000000 0.840826 0.159157 0.000016
0.000000 0.000059 0.023046 0.976895
-0.000000 0.000000 0.000075 0.999925
0.000000 0.006656 0.993344 0.000000
0.000000 0.002044 0.788128 0.209828
-0.000000 0.085710 0.905417 0.008873
-0.000000 0.967788 0.032210 0.000002
-0.000000 0.010634 0.066926 0.922439
-0.000000 0.058198 0.722730 0.219072
-0.000000 0.007049 0.496065 0.496886
-0.000000 0.000000 0.001336 0.998663
-0.000000 0.000023 0.999017 0.000960
-0.000000 0.374498 0.625370 0.000132
-0.000000 0.348544 0.610036 0.041421
-0.000000 0.035979 0.957550 0.006472
0.000000 0.800694 0.199299 0.000007
-0.000000 0.059340 0.879369 0.061292
-0.000000 0.000066 0.999895 0.000039
0.000000 0.189817 0.670120 0.140062
-0.000000 0.000132 0.999857 0.000011
0.000000 0.702876 0.297072 0.000052
0.000000 0.497433 0.500621 0.001946
0.000000 0.643041 0.355684 0.001274
0.000000 0.011129 0.616562 0.372308
0.000000 0.000000 0.000034 0.999966
-0.000000 0.008651 0.897306 0.094043
-0.000000 0.008999 0.131243 0.859758
-0.000000 0.000272 0.018632 0.981096
0.000000 0.018913 0.377108 0.603978
-0.000000 0.086873 0.737522 0.175605
0.000000 0.553539 0.361860 0.084601
0.000000 0.009725 0.990270 0.000005
-0.000000 0.315948 0.683797 0.000255
0.000000 0.000000 0.001780 0.998220
0.000000 0.831153 0.168775 0.000073
-0.000000 0.000000 0.004145 0.995855
0.000000 0.142297 0.666996 0.190707
-0.000000 0.002487 0.997513 0.000000
-0.000000 0.000313 0.997796 0.001891
-0.000000 0.006786 0.653160 0.340054
0.000000 0.000001 0.998954 0.001045
0.000000 0.000005 0.999846 0.000149
0.000000 0.301215 0.696542 0.002244
-0.000000 0.005329 0.220220 0.774451
0.000000 0.073804 0.560668 0.365529
-0.000000 0.058227 0.357601 0.584172
0.000000 0.962844 0.037156 0.000000
0.000000 0.012691 0.579214 0.408095
0.000000 0.000000 0.000004 0.999996
0.000000 0.017285 0.972101 0.010615
-0.000000 0.006475 0.993383 0.000142
-0.000000 0.064574 0.526765 0.408661
-0.000000 0.000004 0.058810 0.941186
-0.000000 0.006355 0.328282 0.665363
-0.000000 0.148691 0.469876 0.381433
0.000000 0.003115 0.927047 0.069838
0.000000 0.001717 0.139515 0.858768
0.000000 0.039047 0.960923 0.000030
-0.000000 0.098774 0.500378 0.400848
0.000000 0.999935 0.000065 0.000000
-0.000000 0.001137 0.086219 0.912644
0.000000 0.002082 0.997874 0.000044
0.000000 0.000000 0.000114 0.999886
-0.000000 0.000501 0.101093 0.898405
0.000000 0.095477 0.733640 0.170883
0.000000 0.000000 0.000033 0.999967
0.000000 0.006271 0.100751 0.892978
-0.000000 0.560823 0.439174 0.000003
0.000000 0.057899 0.941977 0.000124
0.000000 0.000490 0.071179 0.928331
0.000000 0.195965 0.802841 0.001193
0.000000 0.560317 0.439324 0.000359
0.000000 -0.000000 0.000009 0.999991
0.000000 0.928524 0.071476 0.000000
-0.000000 0.035655 0.704414 0.259931
0.000000 0.955897 0.044102 0.000001
-0.000000 0.016821 0.958611 0.024568
-0.000000 0.064969 0.933152 0.001879
-0.000000 0.366013 0.564813 0.069173
-0.000000 0.000055 0.036157 0.963789
-0.000000 0.000001 0.033484 0.966515
0.000000 0.093409 0.570152 0.336439
0.000000 0.789068 0.134649 0.076284
-0.000000 0.035191 0.097665 0.867144
0.000000 0.498768 0.500662 0.000571
-0.000000 0.636469 0.363125 0.000405
-0.000000 0.000000 0.007652 0.992348
0.000000 0.000000 0.017873 0.982127
0.000000 0.900337 0.099641 0.000023
0.000000 0.000000 0.000024 0.999976
0.000000 0.000019 0.041913 0.958067
0.000000 0.600214 0.399717 0.000070
-0.000000 0.206296 0.640532 0.153172
0.000000 0.136869 0.637094 0.226037
-0.000000 0.996925 0.003075 0.000000
-0.000000 0.033572 0.688462 0.277967
-0.000000 0.413084 0.586264 0.000652
-0.000000 0.997095 0.002905 0.000000
-0.000000 0.043633 0.951154 0.005213
0.000000 0.016927 0.942362 0.040711
0.000000 0.144100 0.853308 0.002592
-0.000000 0.000972 0.527265 0.471763
-0.000000 0.440402 0.445346 0.114252
-0.000000 0.000184 0.051270 0.948545
-0.000000 0.999841 0.000159 0.000000
0.000000 0.000013 0.004156 0.995831
0.000000 0.977401 0.022591 0.000007
0.000000 0.233016 0.766558 0.000426
-0.000000 0.058264 0.939130 0.002606
-0.000000 0.005846 0.232670 0.761484
-0.000000 0.009552 0.754950 0.235499
0.000000 0.110375 0.879112 0.010513
0.000000 0.264762 0.623665 0.111573
0.000000 0.015320 0.508943 0.475737
0.000000 0.002259 0.359614 0.638127
-0.000000 0.000583 0.324775 0.674642
-0.000000 0.000020 0.090783 0.909198
0.000000 0.001100 0.025956 0.972944
-0.000000 0.516286 0.483659 0.000055
-0.000000 0.000000 0.000040 0.999960
0.000000 0.013116 0.953152 0.033731
0.000000 0.000005 0.027583 0.972411
-0.000000 0.114468 0.654589 0.230943
-0.000000 0.055377 0.564385 0.380238
0.000000 0.000016 0.329025 0.670959
0.000000 0.684615 0.315374 0.000010
-0.000000 0.365074 0.148776 0.486150
0.000000 0.533993 0.458016 0.007991
0.000000 0.073305 0.498751 0.427943
-0.000000 0.261243 0.727592 0.011165
0.000000 0.061846 0.671958 0.266196
-0.000000 0.980829 0.019171 0.000000
-0.000000 0.847190 0.138328 0.014482
-0.000000 0.000007 0.055109 0.944884
0.000000 0.049001 0.423423 0.527576
-0.000000 0.002262 0.264285 0.733453
-0.000000 0.501587 0.497728 0.000685
-0.000000 0.147832 0.437033 0.415136
0.000000 0.180916 0.819047 0.000037
-0.000000 0.000030 0.003641 0.996328
-0.000000 0.026337 0.967960 0.005703
-0.000000 0.000000 0.014920 0.985079
0.000000 0.130173 0.644063 0.225764
0.000000 0.051573 0.060457 0.887969
0.000000 0.813653 0.186343 0.000004
-0.000000 0.585519 0.414297 0.000184
-0.000000 0.078692 0.602521 0.318787
-0.000000 0.001818 0.703123 0.295058
0.000000 0.999923 0.000077 0.000000
0.000000 0.003206 0.576227 0.420567
0.000000 0.424631 0.565229 0.010140
-0.000000 0.000000 0.001313 0.998687
0.000000 0.033894 0.959095 0.007012
-0.000000 0.022438 0.966576 0.010986
-0.000000 0.020582 0.972271 0.007147
0.000000 0.000306 0.999672 0.000022
0.000000 0.000030 0.020216 0.979753
-0.000000 0.000001 0.018787 0.981212
0.000000 0.000000 0.997436 0.002563
0.000000 0.000000 0.000495 0.999505
-0.000000 0.001569 0.421116 0.577315
0.000000 0.412206 0.587420 0.000373
0.000000 0.611029 0.383021 0.005950
0.000000 0.000000 0.002873 0.997126
0.000000 0.871545 0.128293 0.000162
-0.000000 0.840051 0.159937 0.000013
0.000000 0.008538 0.298240 0.693222
-0.000000 0.141961 0.823839 0.034199
-0.000000 0.269341 0.326773 0.403886
-0.000000 0.000176 0.210239 0.789585
-0.000000 0.000004 0.025239 0.974757
0.000000 0.533953 0.158051 0.307996
0.000000 0.075682 0.417318 0.506999
0.000000 0.082601 0.917252 0.000146
0.000000 0.000002 0.017505 0.982493
0.000000 0.057207 0.942793 0.000000
-0.000000 0.767889 0.232086 0.000025
0.000000 0.056641 0.095282 0.848076
0.000000 0.000084 0.999722 0.000195
0.000000 0.000000 0.000606 0.999394
-0.000000 0.139799 0.821366 0.038835
0.000000 0.479987 0.162387 0.357626
0.000000 -0.000000 0.000002 0.999998
0.000000 0.000000 0.000012 0.999988
0.000000 0.312658 0.473158 0.214184
-0.000000 0.006214 0.062826 0.930959
-0.000000 0.140393 0.858110 0.001497
-0.000000 0.111516 0.886226 0.002259
0.000000 0.000001 0.003854 0.996145
-0.000000 0.220531 0.779450 0.000019
-0.000000 0.013496 0.689337 0.297167
0.000000 0.109152 0.881609 0.009239
0.000000 0.011879 0.335403 0.652718
-0.000000 0.000000 0.000809 0.999191
0.000000 0.288823 0.513315 0.197862
0.000000 0.000000 0.000343 0.999657
0.000000 -0.000000 0.000003 0.999997
0.000000 0.000000 0.002569 0.997431
0.000000 0.010139 0.976972 0.012889
-0.000000 0.120090 0.502345 0.377565
0.000000 0.000707 0.268881 0.730412
0.000000 0.041140 0.958825 0.000035
0.000000 0.520101 0.479829 0.000069
-0.000000 0.000000 0.000905 0.999095
0.000000 0.006893 0.307653 0.685454
0.000000 0.000000 0.011703 0.988297
-0.000000 0.105811 0.893459 0.000731
0.000000 0.930439 0.069551 0.000010
-0.000000 0.969722 0.030262 0.000015
0.000000 0.000000 0.001846 0.998154
0.000000 0.455632 0.544246 0.000122
-0.000000 0.977532 0.022468 0.000000
-0.000000 0.000163 0.999832 0.000005
0.000000 0.004177 0.186158 0.809666
-0.000000 0.139692 0.828790 0.031518
0.000000 0.073819 0.723385 0.202795
0.000000 0.000069 0.999330 0.000602
-0.000000 0.041840 0.640777 0.317383
0.000000 0.079923 0.913840 0.006236
-0.000000 0.023772 0.681558 0.294669
-0.000000 0.451729 0.545770 0.002501
-0.000000 0.082972 0.916510 0.000518
0.000000 0.226666 0.747425 0.025909
-0.000000 0.352854 0.631186 0.015960
0.000000 0.006755 0.677247 0.315998
0.000000 0.865872 0.134096 0.000032
0.000000 0.536952 0.463015 0.000033
0.000000 0.999535 0.000465 0.000000
0.000000 0.031467 0.957784 0.010749
0.000000 0.053910 0.943511 0.002580
0.000000 0.000001 0.045438 0.954561
0.000000 0.102656 0.885992 0.011351
-0.000000 0.000000 0.001476 0.998524
-0.000000 0.203572 0.788352 0.008076
0.000000 0.229687 0.736899 0.033414
0.000000 0.782261 0.174680 0.043059
0.000000 0.000078 0.400558 0.599364
0.000000 0.143668 0.728821 0.127511
0.000000 0.977851 0.022149 0.000000
-0.000000 0.191909 0.806304 0.001787
0.000000 0.315423 0.684150 0.000427
-0.000000 0.000046 0.999931 0.000023
0.000000 0.009116 0.943827 0.047057
-0.000000 -0.000000 0.000000 1.000000
-0.000000 0.031315 0.963971 0.004713
-0.000000 0.004196 0.923085 0.072719
-0.000000 0.000000 0.000176 0.999824
0.000000 0.000000 0.000025 0.999975
0.000000 0.999976 0.000024 -0.000000
-0.000000 0.019635 0.980267 0.000098
-0.000000 0.347870 0.505576 0.146554
0.000000 0.133397 0.358261 0.508342
-0.000000 0.032416 0.951374 0.016210
-0.000000 0.154529 0.481285 0.364186
-0.000000 0.016189 0.974030 0.009781
0.000000 0.368299 0.629249 0.002453
0.000000 0.828373 0.171552 0.000075
-0.000000 0.997044 0.002956 0.000000
0.000000 0.237848 0.422877 0.339275
0.000000 0.008618 0.958999 0.032383
0.000000 0.000029 0.012911 0.987060
0.000000 0.027907 0.972092 0.000001
-0.000000 0.189011 0.646384 0.164605
0.000000 -0.000000 0.000000 1.000000
0.000000 0.000000 0.015684 0.984316
-0.000000 0.059222 0.938626 0.002152
-0.000000 0.233184 0.762420 0.004396
0.000000 0.186930 0.474278 0.338792
-0.000000 0.100192 0.871539 0.028269
0.000000 0.144945 0.854424 0.000631
-0.000000 0.019518 0.645774 0.334708
0.000000 0.000000 0.000097 0.999903
-0.000000 0.026323 0.520576 0.453102
0.000000 0.000006 0.013986 0.986008
-0.000000 0.000000 0.007631 0.992369
-0.000000 0.984220 0.015780 0.000000
-0.000000 0.125678 0.787999 0.086322
-0.000000 0.157859 0.837747 0.004394
0.000000 0.000000 0.000556 0.999444
-0.000000 0.617111 0.381506 0.001383
0.000000 0.338301 0.209541 0.452158
0.000000 0.013026 0.970522 0.016451
-0.000000 0.041417 0.952517 0.006065
-0.000000 -0.000000 0.000000 1.000000
0.000000 0.212899 0.388549 0.398552
0.000000 0.024988 0.946671 0.028342
-0.000000 0.007359 0.351194 0.641447
-0.000000 0.206252 0.793291 0.000457
0.000000 0.082335 0.917252 0.000413
-0.000000 0.996629 0.003371 0.000000
-0.000000 0.000001 0.025002 0.974997
0.000000 0.000299 0.401436 0.598265
0.000000 0.024322 0.975630 0.000048
-0.000000 0.000876 0.043409 0.955716
-0.000000 0.110854 0.885800 0.003346
0.000000 0.985370 0.014630 0.000000
0.000000 0.001180 0.786057 0.212763
-0.000000 0.000003 0.021643 0.978355
-0.000000 0.876063 0.123937 0.000001
-0.000000 0.271117 0.728883 0.000000
-0.000000 0.004881 0.058355 0.936765
0.000000 -0.000000 0.000000 1.000000
0.000000 0.031012 0.437714 0.531274
-0.000000 0.000000 0.000231 0.999769
-0.000000 0.003009 0.491134 0.505857
0.000000 0.126900 0.750280 0.122819
-0.000000 0.050526 0.946153 0.003321
-0.000000 0.999996 0.000004 0.000000
0.000000 0.000000 0.000101 0.999899
-0.000000 0.000002 0.111849 0.888149
0.000000 0.002116 0.866095 0.131789
0.000000 0.142873 0.851978 0.005149
-0.000000 0.976121 0.023879 0.000000
-0.000000 0.984254 0.015746 0.000000
-0.000000 0.008303 0.918707 0.072990
0.000000 0.000068 0.999268 0.000665
0.000000 0.000763 0.999181 0.000056
-0.000000 0.999984 0.000016 0.000000
0.000000 0.124843 0.875119 0.000038
0.000000 0.668550 0.291574 0.039876
0.000000 0.000000 0.012806 0.987194
-0.000000 0.176962 0.278098 0.544940
-0.000000 0.975134 0.024865 0.000001
0.000000 0.094391 0.809279 0.096330
0.000000 0.000120 0.382056 0.617824
-0.000000 0.347243 0.652638 0.000119
0.000000 0.151382 0.567648 0.280970
-0.000000 -0.000000 0.000006 0.999994
-0.000000 0.057652 0.502921 0.439426
0.000000 0.000000 0.001305 0.998695
-0.000000 0.998088 0.001912 0.000000
0.000000 0.093407 0.904781 0.001812
0.000000 0.997290 0.002710 0.000000
0.000000 0.001258 0.572757 0.425985
-0.000000 0.591790 0.310624 0.097586
0.000000 0.138430 0.858975 0.002595
-0.000000 0.006744 0.338032 0.655223
0.000000 0.000000 0.001785 0.998215
-0.000000 0.000000 0.814473 0.185527
-0.000000 0.005429 0.604864 0.389707
0.000000 0.817181 0.182672 0.000147
-0.000000 0.081763 0.742585 0.175652
0.000000 0.869284 0.128871 0.001845
0.000000 0.001447 0.366925 0.631628
0.000000 0.599508 0.234545 0.165947
-0.000000 0.078076 0.920642 0.001282
-0.000000 0.000679 0.277661 0.721661
-0.000000 0.009262 0.480811 0.509927
0.000000 0.933893 0.066104 0.000004
-0.000000 0.000000 0.001008 0.998991
0.000000 0.070981 0.929018 0.000001
0.000000 0.069495 0.925805 0.004700
0.000000 0.020096 0.542581 0.437323
-0.000000 0.999524 0.000476 0.000000
0.000000 0.000000 0.000024 0.999976
-0.000000 0.156509 0.842794 0.000697
0.000000 0.149546 0.498512 0.351942
0.000000 0.000000 0.000067 0.999933
0.000000 0.000000 0.000224 0.999776
-0.000000 0.999748 0.000252 0.000000
0.000000 0.652026 0.347729 0.000246
0.000000 0.000354 0.999638 0.000008
-0.000000 0.133517 0.862035 0.004448
0.000000 0.000000 0.000271 0.999729
0.000000 0.000000 0.000498 0.999502
0.000000 0.002658 0.862491 0.134850
0.000000 0.304043 0.352271 0.343687
0.000000 0.000000 0.981090 0.018910
0.000000 0.123715 0.395161 0.481124
0.000000 0.951049 0.048947 0.000004
-0.000000 0.106205 0.870462 0.023333
-0.000000 0.002488 0.997349 0.000162
0.000000 -0.000000 0.000000 1.000000
0.000000 0.000000 0.023120 0.976880
-0.000000 0.999867 0.000133 0.000000
0.000000 0.115932 0.880349 0.003719
-0.000000 0.005428 0.495754 0.498818
-0.000000 0.638385 0.312053 0.049562
0.000000 0.033346 0.269630 0.697024
-0.000000 0.962418 0.037582 0.000000
0.000000 0.903158 0.096842 0.000000
-0.000000 0.013129 0.967434 0.019437
0.000000 0.000000 0.003597 0.996403
-0.000000 0.005560 0.922219 0.072221
-0.000000 0.000000 0.038623 0.961376
0.000000 -0.000000 0.000009 0.999991
0.000000 0.386040 0.383123 0.230837
0.000000 0.933406 0.066588 0.000007
0.000000 0.000439 0.054464 0.945097
-0.000000 0.659951 0.339863 0.000186
0.000000 0.943874 0.056120 0.000006
0.000000 0.027377 0.310046 0.662577
-0.000000 0.000193 0.062472 0.937334
0.000000 0.690580 0.309411 0.000009
0.000000 0.000524 0.070930 0.928545
-0.000000 0.043088 0.310336 0.646576
0.000000 0.375042 0.159058 0.465900
-0.000000 0.126735 0.328569 0.544696
0.000000 0.000027 0.031355 0.968618
0.000000 0.000214 0.999780 0.000006
-0.000000 0.480688 0.335831 0.183481
0.000000 0.002078 0.997911 0.000011
-0.000000 0.000000 0.000277 0.999723
0.000000 0.064551 0.933150 0.002299
-0.000000 0.154591 0.444631 0.400778
-0.000000 0.000000 0.000532 0.999468
0.000000 0.038871 0.307492 0.653637
-0.000000 0.057751 0.940521 0.001728
0.000000 0.005312 0.169763 0.824924
-0.000000 0.803818 0.196121 0.000062
-0.000000 0.808246 0.190611 0.001143
-0.000000 0.768372 0.231626 0.000002
0.000000 0.000003 0.999470 0.000528
0.000000 0.000001 0.014522 0.985477
0.000000 0.999999 0.000001 0.000000
-0.000000 0.224901 0.773305 0.001794
0.000000 0.981712 0.018288 0.000000
0.000000 0.004639 0.265401 0.729960
0.000000 0.032209 0.450989 0.516802
0.000000 0.000011 0.137854 0.862134
0.000000 0.915686 0.084305 0.000009
-0.000000 0.848452 0.151544 0.000004
-0.000000 0.251261 0.710728 0.038011
-0.000000 0.991115 0.008885 0.000000
-0.000000 0.974957 0.025043 0.000000
-0.000000 0.001086 0.998899 0.000015
0.000000 0.369182 0.629350 0.001468
-0.000000 0.000032 0.999877 0.000091
0.000000 0.000000 0.000705 0.999295
0.000000 0.146331 0.851580 0.002089
0.000000 0.000173 0.999784 0.000043
0.000000 0.635666 0.280270 0.084063
0.000000 0.838296 0.161663 0.000042
-0.000000 0.000000 0.000499 0.999501
-0.000000 0.475196 0.411922 0.112882
-0.000000 0.005001 0.488382 0.506617
0.000000 0.350836 0.648782 0.000383
-0.000000 0.997444 0.002556 0.000000
-0.000000 0.000088 0.999903 0.000008
-0.000000 0.000000 0.000000 1.000000
0.000000 0.999977 0.000023 0.000000
-0.000000 0.016119 0.957930 0.025952
-0.000000 0.995844 0.004156 0.000000
0.000000 0.028873 0.720863 0.250264
0.000000 0.994060 0.005940 0.000000
-0.000000 0.003083 0.700612 0.296305
-0.000000 0.094556 0.722724 0.182720
-0.000000 0.154199 0.593488 0.252314
-0.000000 0.000000 0.001969 0.998031
-0.000000 0.000000 0.005265 0.994735
-0.000000 0.029722 0.085968 0.884310
-0.000000 0.891229 0.108770 0.000001
-0.000000 0.000310 0.293286 0.706404
-0.000000 -0.000000 0.000000 1.000000
-0.000000 0.000003 0.074475 0.925521
-0.000000 0.960362 0.039637 0.000000
-0.000000 0.380802 0.608329 0.010869
-0.000000 0.450080 0.435962 0.113958
-0.000000 0.000000 0.001047 0.998952
-0.000000 0.000075 0.020376 0.979549
-0.000000 0.628863 0.212172 0.158965
-0.000000 0.000000 0.003336 0.996664
0.000000 0.001465 0.850907 0.147627
0.000000 0.295311 0.651485 0.053204
-0.000000 0.000374 0.017763 0.981863
-0.000000 0.215166 0.127548 0.657287
0.000000 0.130552 0.792833 0.076616
0.000000 0.986655 0.013345 0.000000
-0.000000 0.223920 0.776063 0.000018
0.000000 0.000014 0.999867 0.000119
-0.000000 0.000418 0.076989 0.922593
0.000000 0.039101 0.633578 0.327321
0.000000 0.095022 0.903109 0.001869
-0.000000 0.132498 0.821899 0.045603
-0.000000 0.000048 0.318205 0.681747
0.000000 0.007791 0.439529 0.552680
-0.000000 0.851558 0.148440 0.000001
0.000000 0.984489 0.015511 0.000000
0.000000 0.617408 0.382305 0.000287
-0.000000 0.072536 0.612761 0.314703
0.000000 0.210514 0.579417 0.210069
-0.000000 0.162048 0.161231 0.676720
-0.000000 0.387426 0.432798 0.179776
-0.000000 0.086165 0.673460 0.240376
-0.000000 0.327254 0.663300 0.009446
-0.000000 0.000000 0.006132 0.993868
0.000000 0.000127 0.047212 0.952660
-0.000000 0.042751 0.122840 0.834409
-0.000000 0.735592 0.256122 0.008286
0.000000 0.002618 0.451211 0.546170
0.000000 0.021671 0.673160 0.305169
-0.000000 0.005479 0.567768 0.426753
0.000000 0.896845 0.099318 0.003836
0.000000 0.928165 0.071835 0.000000
0.000000 0.022622 0.469255 0.508122
-0.000000 0.027790 0.899690 0.072520
0.000000 0.128442 0.722158 0.149400
0.000000 0.125417 0.857612 0.016971
-0.000000 0.050314 0.555306 0.394380
0.000000 0.263074 0.736313 0.000614
-0.000000 0.284892 0.701978 0.013130
0.000000 0.910551 0.089195 0.000254
0.000000 0.000000 0.000987 0.999013
0.000000 0.072877 0.687355 0.239768
-0.000000 0.000003 0.293128 0.706869
-0.000000 0.000001 0.004212 0.995787
0.000000 0.152616 0.598173 0.249212
-0.000000 0.998010 0.001990 0.000000
-0.000000 0.455844 0.536187 0.007969
-0.000000 0.890152 0.109842 0.000006
-0.000000 0.010566 0.042529 0.946904
0.000000 0.000000 0.000216 0.999784
-0.000000 0.676133 0.323832 0.000035
-0.000000 0.000044 0.999599 0.000356
-0.000000 0.000812 0.210862 0.788325
0.000000 0.000001 0.001007 0.998992
-0.000000 0.000000 0.000057 0.999943
-0.000000 0.007576 0.992400 0.000025
0.000000 0.130246 0.814709 0.055045
-0.000000 0.098920 0.901079 0.000000
0.000000 0.740969 0.259022 0.000009
0.000000 0.755683 0.106445 0.137872
-0.000000 0.043456 0.950773 0.005772
-0.000000 0.025746 0.127789 0.846465
0.000000 0.999913 0.000087 0.000000
0.000000 0.140372 0.370257 0.489371
-0.000000 0.013098 0.666635 0.320267
-0.000000 0.000158 0.999724 0.000118
0.000000 0.087971 0.397979 0.514050
0.000000 0.000209 0.308570 0.691221
-0.000000 0.003220 0.045326 0.951453
0.000000 0.000000 0.000816 0.999184
-0.000000 0.019053 0.275687 0.705260
0.000000 0.966562 0.033438 0.000000
0.000000 0.000058 0.994811 0.005131
-0.000000 0.085765 0.772706 0.141529
0.000000 0.049991 0.163025 0.786984
-0.000000 0.000000 0.001704 0.998296
-0.000000 0.047088 0.949740 0.003172
0.000000 0.998614 0.001386 0.000000
-0.000000 0.046677 0.919449 0.033874
-0.000000 0.052425 0.900805 0.046770
-0.000000 0.000662 0.367556 0.631782
0.000000 0.000000 0.000007 0.999993
0.000000 0.920580 0.078855 0.000564
-0.000000 0.000000 0.000482 0.999518
-0.000000 0.003793 0.419359 0.576848
-0.000000 0.000508 0.762686 0.236806
0.000000 0.965987 0.034011 0.000002
-0.000000 0.994437 0.005563 0.000000
0.000000 0.000005 0.165408 0.834587
0.000000 0.047702 0.267499 0.684800
0.000000 0.000004 0.017080 0.982916
0.000000 0.008592 0.991391 0.000017
0.000000 0.017417 0.415694 0.566889
-0.000000 0.003972 0.894423 0.101605
-0.000000 0.393498 0.606208 0.000294
-0.000000 0.067687 0.931076 0.001237
0.000000 0.000000 0.006736 0.993264
0.000000 0.000121 0.295538 0.704341
0.000000 0.014377 0.504021 0.481602
0.000000 0.000006 0.008122 0.991872
0.000000 0.000000 0.000309 0.999691
-0.000000 0.000042 0.999437 0.000521
-0.000000 0.000422 0.481850 0.517728
0.000000 0.976960 0.023040 0.000000
-0.000000 0.998308 0.001692 0.000000
0.000000 0.147835 0.660970 0.191195
-0.000000 0.999876 0.000124 0.000000
-0.000000 0.000036 0.993887 0.006078
0.000000 0.000002 0.997037 0.002962
0.000000 0.000000 0.799114 0.200886
0.000000 0.000001 0.017726 0.982273
-0.000000 0.000598 0.043835 0.955567
0.000000 0.000446 0.303645 0.695909
0.000000 0.001597 0.113808 0.884595
0.000000 0.904676 0.095324 0.000000
-0.000000 0.001354 0.706965 0.291681
-0.000000 0.000007 0.015830 0.984162
-0.000000 0.045245 0.707334 0.247421
0.000000 -0.000000 0.000001 0.999999
0.000000 0.268011 0.728128 0.003861
-0.000000 0.061791 0.935077 0.003132
0.000000 0.999319 0.000681 0.000000
0.000000 0.000150 0.067163 0.932686
0.000000 0.006234 0.637975 0.355791
-0.000000 0.273622 0.194358 0.532020
0.000000 0.001133 0.478432 0.520435
0.000000 0.123370 0.859320 0.017310
-0.000000 0.000000 0.002223 0.997777
0.000000 0.000076 0.093653 0.906271
-0.000000 0.064362 0.072505 0.863133
0.000000 0.633812 0.352741 0.013447
0.000000 0.015191 0.230370 0.754439
0.000000 0.388690 0.610010 0.001300
0.000000 0.212998 0.354835 0.432167
0.000000 0.832046 0.167869 0.000085
0.000000 0.191829 0.806750 0.001421
-0.000000 0.000472 0.026408 0.973120
-0.000000 0.000000 0.025558 0.974442
-0.000000 0.079906 0.440534 0.479560
-0.000000 0.040536 0.463458 0.496006
0.000000 0.990231 0.009769 0.000000
0.000000 0.875682 0.124318 0.000000
0.000000 0.237087 0.085551 0.677361
0.000000 0.000020 0.131790 0.868190
0.000000 0.442280 0.233598 0.324121
-0.000000 0.955011 0.044989 0.000000
0.000000 0.970784 0.029214 0.000001
-0.000000 0.042728 0.953220 0.004051
0.000000 0.966018 0.033982 0.000001
-0.000000 0.000399 0.014758 0.984843
0.000000 0.000011 0.032485 0.967504
-0.000000 0.158436 0.838670 0.002894
0.000000 0.136477 0.830126 0.033397
-0.000000 0.000001 0.001023 0.998976
0.000000 0.000015 0.025521 0.974464
0.000000 0.000000 0.015748 0.984252
0.000000 0.000000 0.001544 0.998456
0.000000 0.249029 0.381149 0.369821
-0.000000 0.095160 0.696293 0.208547
0.000000 0.080228 0.176513 0.743258
0.000000 0.113569 0.886222 0.000209
0.000000 0.883038 0.116932 0.000030
-0.000000 0.000000 0.000131 0.999869
0.000000 0.141163 0.749610 0.109226
0.000000 0.208807 0.789927 0.001266
0.000000 0.014182 0.908102 0.077716
0.000000 0.000765 0.724290 0.274945
-0.000000 0.000098 0.228249 0.771653
-0.000000 0.105091 0.525378 0.369532
-0.000000 0.010608 0.473078 0.516314
0.000000 0.000349 0.158587 0.841064
-0.000000 0.086651 0.906275 0.007074
0.000000 0.052489 0.864039 0.083472
-0.000000 0.000000 0.000226 0.999774
-0.000000 0.296227 0.691271 0.012502
-0.000000 0.064789 0.930838 0.004372
-0.000000 0.271491 0.720633 0.007876
-0.000000 0.688270 0.311660 0.000069
-0.000000 0.103099 0.775072 0.121829
0.000000 0.014193 0.100111 0.885696
0.000000 0.324956 0.671372 0.003672
-0.000000 0.000019 0.024960 0.975021
-0.000000 0.254315 0.143109 0.602576
-0.000000 0.082115 0.916556 0.001329
-0.000000 0.035310 0.542276 0.422414
0.000000 0.014979 0.067912 0.917109
0.000000 0.000000 0.000059 0.999941
-0.000000 0.000000 0.000119 0.999881
0.000000 0.109022 0.873032 0.017945
-0.000000 0.208612 0.788610 0.002779
0.000000 0.731035 0.268959 0.000006
-0.000000 0.000000 0.004626 0.995374
-0.000000 0.342346 0.655880 0.001774
-0.000000 0.000003 0.169870 0.830127
-0.000000 0.000000 0.015001 0.984999
0.000000 0.098920 0.882028 0.019052
0.000000 0.134888 0.857952 0.007160
-0.000000 0.000000 0.000176 0.999824
-0.000000 0.918518 0.081341 0.000141
-0.000000 0.284462 0.571945 0.143593
0.000000 0.000373 0.150693 0.848934
-0.000000 0.315391 0.547489 0.137120
0.000000 0.030020 0.964418 0.005562
0.000000 0.077967 0.918669 0.003364
0.000000 0.000000 0.000273 0.999727
-0.000000 0.514415 0.484637 0.000948
-0.000000 0.062064 0.937903 0.000033
-0.000000 0.000251 0.079571 0.920179
-0.000000 0.943672 0.056327 0.000000
-0.000000 0.020387 0.457724 0.521889
0.000000 0.005589 0.952134 0.042277
0.000000 0.000000 0.001337 0.998663
0.000000 0.006077 0.993907 0.000016
-0.000000 0.886479 0.113516 0.000005
0.000000 0.059119 0.938272 0.002609
-0.000000 0.207324 0.790290 0.002386
0.000000 0.000000 0.000189 0.999811
-0.000000 0.004379 0.167968 0.827653
0.000000 0.966092 0.033907 0.000001
-0.000000 0.000000 0.001563 0.998437
0.000000 0.000002 0.010060 0.989939
-0.000000 0.048155 0.695000 0.256845
0.000000 0.000001 0.021959 0.978039
0.000000 0.000095 0.405292 0.594613
0.000000 0.979799 0.020201 0.000000
0.000000 0.000998 0.998958 0.000044
-0.000000 0.341105 0.644637 0.014258
0.000000 0.000298 0.019551 0.980151
-0.000000 0.000000 0.000012 0.999988
-0.000000 0.000062 0.007030 0.992908
0.000000 0.178273 0.814329 0.007398
-0.000000 0.052199 0.301654 0.646147
-0.000000 0.000437 0.413839 0.585724
0.000000 0.000001 0.024928 0.975071
0.000000 0.000001 0.055084 0.944916
0.000000 0.000391 0.102309 0.897301
-0.000000 0.000288 0.756598 0.243113
0.000000 0.046291 0.953080 0.000628
0.000000 0.000439 0.424201 0.575360
0.000000 0.000716 0.082579 0.916705
0.000000 0.000363 0.039612 0.960025
-0.000000 0.000000 0.001078 0.998922
-0.000000 0.000804 0.999134 0.000062
0.000000 0.913711 0.086269 0.000020
0.000000 0.027629 0.324857 0.647514
0.000000 0.671326 0.328158 0.000516
0.000000 0.000000 0.002306 0.997694
-0.000000 0.008668 0.860279 0.131053
0.000000 0.021601 0.959720 0.018679
0.000000 0.000021 0.015537 0.984442
0.000000 0.000000 0.000254 0.999746
0.000000 0.167285 0.832423 0.000292
-0.000000 0.156216 0.827092 0.016692
0.000000 0.492002 0.507886 0.000113
0.000000 0.000000 0.009471 0.990529
0.000000 0.000000 0.000000 1.000000
0.000000 0.001392 0.310339 0.688270
-0.000000 0.339538 0.660079 0.000383
-0.000000 0.004308 0.340856 0.654836
0.000000 0.000000 0.002593 0.997407
0.000000 0.031624 0.548572 0.419803
-0.000000 0.995922 0.004078 0.000000
-0.000000 0.525600 0.474246 0.000154
0.000000 0.000499 0.684674 0.314827
0.000000 0.005772 0.949172 0.045056
-0.000000 0.000000 0.000099 0.999901
0.000000 0.448403 0.398633 0.152964
-0.000000 0.994601 0.005399 0.000000
-0.000000 0.767426 0.212007 0.020567
0.000000 0.981471 0.018529 0.000000
-0.000000 0.670080 0.175768 0.154152
0.000000 0.807850 0.192044 0.000106
-0.000000 0.035705 0.953548 0.010747
-0.000000 0.000000 0.000002 0.999998
0.000000 0.000170 0.379906 0.619924
0.000000 0.045272 0.948537 0.006191
-0.000000 0.776662 0.223168 0.000171
-0.000000 0.000001 0.998470 0.001529
0.000000 0.000001 0.002071 0.997929
0.000000 0.000497 0.288688 0.710814
-0.000000 0.000000 0.001482 0.998518
-0.000000 0.000516 0.359139 0.640345
0.000000 0.000001 0.992001 0.007998
-0.000000 0.791425 0.208565 0.000010
0.000000 0.000000 0.000000 1.000000
0.000000 0.001774 0.834125 0.164101
0.000000 0.000064 0.030036 0.969900
-0.000000 0.000092 0.043080 0.956827
-0.000000 0.177739 0.750242 0.072019
0.000000 0.426879 0.410627 0.162494
0.000000 0.227199 0.394014 0.378787
-0.000000 0.002894 0.163919 0.833188
0.000000 0.024364 0.931135 0.044501
0.000000 0.000681 0.047840 0.951479
0.000000 0.000001 0.016722 0.983278
-0.000000 0.172346 0.827629 0.000026
0.000000 0.748476 0.251524 0.000000
-0.000000 0.194008 0.802072 0.003920
-0.000000 0.084926 0.880129 0.034945
-0.000000 0.773593 0.225955 0.000452
-0.000000 0.438265 0.548922 0.012813
0.000000 0.000871 0.999102 0.000027
0.000000 -0.000000 0.000005 0.999995
-0.000000 0.000684 0.350301 0.649015
-0.000000 0.016813 0.890079 0.093108
0.000000 0.999510 0.000490 0.000000
0.000000 0.001581 0.680253 0.318166
0.000000 0.142619 0.774244 0.083138
-0.000000 0.009572 0.493589 0.496839
-0.000000 0.141786 0.748449 0.109765
0.000000 0.999292 0.000708 0.000000
-0.000000 0.999933 0.000067 0.000000
0.000000 0.210782 0.750758 0.038460
0.000000 0.185754 0.814240 0.000006
0.000000 0.935822 0.064170 0.000008
-0.000000 0.335452 0.664136 0.000412
-0.000000 0.988953 0.011046 0.000000
0.000000 0.847429 0.152514 0.000057
-0.000000 0.181077 0.371316 0.447608
0.000000 0.000001 0.066846 0.933153
0.000000 0.000003 0.003090 0.996907
0.000000 0.222231 0.368600 0.409170
0.000000 0.334934 0.484667 0.180400
-0.000000 0.000000 0.044987 0.955013
-0.000000 0.278357 0.620685 0.100958
0.000000 0.871920 0.128073 0.000007
0.000000 0.000001 0.001622 0.998377
0.000000 0.000000 0.000032 0.999968
0.000000 0.130960 0.499342 0.369698
-0.000000 0.000516 0.201420 0.798063
-0.000000 0.000000 0.001657 0.998343
0.000000 0.014873 0.584521 0.400606
0.000000 0.998577 0.001423 0.000000
0.000000 0.148286 0.747325 0.104389
0.000000 0.333116 0.613019 0.053865
0.000000 0.000475 0.227589 0.771936
0.000000 0.701647 0.298346 0.000006
0.000000 0.011069 0.581823 0.407109
0.000000 0.001120 0.205950 0.792930
0.000000 0.179344 0.472447 0.348209
-0.000000 0.145452 0.839621 0.014926
-0.000000 0.180591 0.644839 0.174571
-0.000000 0.488150 0.511592 0.000258
0.000000 0.979254 0.020746 0.000000
0.000000 0.990256 0.009744 0.000000
-0.000000 0.000000 0.066380 0.933620
0.000000 0.704429 0.295556 0.000015
0.000000 0.097680 0.900658 0.001662
0.000000 0.171479 0.338328 0.490193
-0.000000 0.708496 0.291347 0.000157
-0.000000 0.000000 0.992748 0.007252
0.000000 0.000048 0.999862 0.000090
-0.000000 0.013304 0.189777 0.796919
-0.000000 0.289680 0.709692 0.000628
0.000000 0.998891 0.001109 0.000000
-0.000000 0.011560 0.518965 0.469474
0.000000 0.195981 0.167413 0.636606
-0.000000 0.017877 0.441507 0.540616
0.000000 0.000000 0.000161 0.999839
0.000000 0.771987 0.225748 0.002265
-0.000000 0.005719 0.056937 0.937344
0.000000 0.682449 0.312434 0.005118
0.000000 0.001656 0.373253 0.625091
-0.000000 0.237335 0.703929 0.058735
0.000000 0.150876 0.812612 0.036512
-0.000000 0.000012 0.008870 0.991118
-0.000000 0.003167 0.923007 0.073825
-0.000000 0.036634 0.201771 0.761594
-0.000000 0.012345 0.095078 0.892576
0.000000 0.001288 0.343801 0.654911
-0.000000 0.000000 0.256299 0.743701
0.000000 0.000001 0.011967 0.988032
0.000000 0.002599 0.997401 0.000000
-0.000000 0.000001 0.007731 0.992268
-0.000000 0.000024 0.018647 0.981329
0.000000 0.502209 0.497580 0.000210
-0.000000 0.002160 0.877659 0.120181
-0.000000 0.933276 0.066724 0.000000
-0.000000 -0.000000 0.000020 0.999980
-0.000000 0.115942 0.884045 0.000013
0.000000 0.209676 0.775799 0.014526
-0.000000 0.208119 0.791866 0.000015
-0.000000 0.030672 0.416526 0.552802
-0.000000 0.102343 0.754679 0.142978
-0.000000 0.000020 0.103607 0.896373
-0.000000 0.000002 0.005734 0.994264
0.000000 0.100137 0.892738 0.007125
0.000000 0.999816 0.000184 0.000000
-0.000000 0.741520 0.258230 0.000250
-0.000000 0.000000 0.000274 0.999726
0.000000 0.013190 0.490994 0.495815
0.000000 0.851528 0.148472 0.000000
-0.000000 0.457209 0.539890 0.002901
0.000000 0.000001 0.998716 0.001283
-0.000000 0.203763 0.794244 0.001992
-0.000000 0.000000 0.006857 0.993143
0.000000 0.542653 0.387248 0.070099
0.000000 0.000016 0.164024 0.835961
-0.000000 0.124881 0.630043 0.245076
-0.000000 0.956099 0.043897 0.000003
0.000000 0.187083 0.132632 0.680285
-0.000000 0.955061 0.044939 0.000000
-0.000000 0.403568 0.572817 0.023615
0.000000 0.095862 0.333486 0.570651
0.000000 0.174755 0.822479 0.002766
0.000000 0.892207 0.107778 0.000014
-0.000000 0.000001 0.025491 0.974508
-0.000000 0.000758 0.745169 0.254073
0.000000 0.024719 0.766730 0.208551
0.000000 0.000106 0.999764 0.000130
0.000000 0.014146 0.853677 0.132177
0.000000 0.058877 0.744625 0.196499
0.000000 0.999486 0.000514 0.000000
0.000000 0.005906 0.316627 0.677466
-0.000000 0.834669 0.165232 0.000099
0.000000 0.000006 0.035626 0.964369
0.000000 0.937271 0.062725 0.000003
0.000000 0.000038 0.009807 0.990155
-0.000000 0.000001 0.062244 0.937755
0.000000 0.217373 0.128039 0.654588
0.000000 0.992113 0.007887 0.000000
0.000000 0.384630 0.614980 0.000390
0.000000 0.021936 0.886152 0.091912
0.000000 0.043005 0.905238 0.051756
-0.000000 0.165025 0.265381 0.569594
-0.000000 0.005462 0.823929 0.170609
-0.000000 0.193241 0.805427 0.001332
0.000000 0.612722 0.386545 0.000733
-0.000000 0.000000 0.000620 0.999380
0.000000 0.000365 0.291116 0.708519
0.000000 0.017846 0.707119 0.275036
0.000000 0.000000 0.000574 0.999426
0.000000 0.006514 0.101396 0.892090
-0.000000 0.248791 0.751185 0.000025
0.000000 0.856988 0.143009 0.000004
-0.000000 0.014486 0.949265 0.036249
0.000000 0.000200 0.226597 0.773203
0.000000 0.661127 0.338873 0.000000
0.000000 0.206097 0.778112 0.015790
-0.000000 0.519204 0.451914 0.028882
0.000000 0.866958 0.132953 0.000089
-0.000000 0.000000 0.006592 0.993408
0.000000 0.028012 0.227734 0.744254
-0.000000 0.000001 0.082189 0.917810
-0.000000 0.999853 0.000147 0.000000
-0.000000 0.188193 0.624639 0.187168
0.000000 0.001357 0.261037 0.737606
0.000000 0.153662 0.769299 0.077039
-0.000000 -0.000000 0.000000 1.000000
0.000000 0.010351 0.641496 0.348153
0.000000 0.510307 0.487856 0.001836
-0.000000 0.670888 0.262478 0.066634
0.000000 0.002054 0.444138 0.553808
0.000000 0.000096 0.999872 0.000032
0.000000 0.000002 0.021534 0.978463
0.000000 0.072496 0.489199 0.438305
0.000000 0.999981 0.000019 -0.000000
0.000000 0.001794 0.107476 0.890730
0.000000 0.155623 0.841937 0.002439
0.000000 0.000000 0.000487 0.999513
0.000000 0.028447 0.734558 0.236995
-0.000000 0.000003 0.036533 0.963465
0.000000 0.000086 0.045535 0.954379
-0.000000 0.015010 0.974986 0.010004
-0.000000 0.157828 0.841635 0.000537
0.000000 0.004797 0.960404 0.034799
-0.000000 0.106528 0.870060 0.023412
0.000000 0.992273 0.007727 0.000000
0.000000 0.133915 0.865936 0.000149
-0.000000 0.000000 0.000034 0.999966
0.000000 0.006120 0.428944 0.564936
0.000000 0.025105 0.310323 0.664572
0.000000 0.000010 0.006103 0.993887
0.000000 0.027640 0.694109 0.278251
-0.000000 0.165669 0.809271 0.025060
-0.000000 0.000605 0.312525 0.686871
0.000000 0.456017 0.530582 0.013401
0.000000 0.027604 0.972375 0.000021
0.000000 0.777903 0.222065 0.000033
0.000000 0.217744 0.716274 0.065982
-0.000000 0.377746 0.415398 0.206856
-0.000000 0.000408 0.024479 0.975114
0.000000 0.901241 0.098758 0.000001
0.000000 0.001081 0.898793 0.100126
-0.000000 0.004517 0.252291 0.743192
-0.000000 0.001164 0.448370 0.550466
-0.000000 0.000000 0.000143 0.999857
0.000000 0.774132 0.225867 0.000001
-0.000000 0.707393 0.268288 0.024319
-0.000000 0.025192 0.551462 0.423346
0.000000 0.028016 0.276652 0.695331
0.000000 0.030842 0.412746 0.556412
0.000000 0.012321 0.144127 0.843553
0.000000 0.156701 0.824328 0.018971
0.000000 0.000596 0.346522 0.652882
-0.000000 0.156359 0.785793 0.057848
0.000000 0.001466 0.040035 0.958499
-0.000000 0.454220 0.545687 0.000093
-0.000000 0.000001 0.040276 0.959723
0.000000 0.205033 0.288945 0.506022
0.000000 0.006266 0.492871 0.500862
-0.000000 0.120490 0.878374 0.001136
-0.000000 0.160584 0.512728 0.326689
-0.000000 0.064754 0.593886 0.341360
0.000000 0.160222 0.833168 0.006609
-0.000000 0.000403 0.059502 0.940095
0.000000 0.912184 0.087799 0.000018
0.000000 0.078443 0.921476 0.000081
-0.000000 0.055730 0.940195 0.004075
0.000000 0.023627 0.574670 0.401703
0.000000 0.012719 0.918226 0.069055
-0.000000 0.050734 0.449196 0.500070
0.000000 0.194681 0.784162 0.021157
-0.000000 0.000047 0.038670 0.961283
-0.000000 0.000034 0.999837 0.000129
0.000000 0.484626 0.514917 0.000457
-0.000000 0.000000 0.001122 0.998878
-0.000000 0.001953 0.515767 0.482280
0.000000 0.112662 0.887206 0.000132
0.000000 0.387278 0.600075 0.012647
0.000000 0.003836 0.957672 0.038492
-0.000000 0.000005 0.992566 0.007429
-0.000000 0.989791 0.010209 0.000000
0.000000 0.001727 0.119056 0.879216
-0.000000 0.003250 0.957975 0.038775
-0.000000 0.998467 0.001533 0.000000
-0.000000 0.268179 0.731538 0.000283
0.000000 0.017557 0.982439 0.000004
-0.000000 0.000001 0.997117 0.002883
-0.000000 0.000002 0.024032 0.975965
0.000000 0.937176 0.062817 0.000008
-0.000000 0.844259 0.155735 0.000006
0.000000 0.999719 0.000281 0.000000
0.000000 0.000000 0.802330 0.197670
0.000000 0.000008 0.023962 0.976030
-0.000000 0.999617 0.000383 0.000000
-0.000000 0.003748 0.149469 0.846783
0.000000 0.000189 0.005303 0.994508
0.000000 0.708554 0.291419 0.000028
-0.000000 0.946088 0.053912 0.000000
0.000000 0.999789 0.000211 0.000000
0.000000 0.148837 0.486252 0.364912
0.000000 0.033973 0.966021 0.000006
-0.000000 0.107645 0.383300 0.509055
-0.000000 0.630764 0.263656 0.105580
-0.000000 0.001168 0.331309 0.667523
0.000000 0.000017 0.148799 0.851184
0.000000 0.125699 0.763083 0.111218
0.000000 0.000627 0.161817 0.837556
-0.000000 0.000000 0.084188 0.915812
0.000000 0.067199 0.917772 0.015029
-0.000000 0.000000 0.000007 0.999993
0.000000 0.000000 0.000491 0.999508
-0.000000 0.017221 0.969757 0.013021
0.000000 0.000009 0.999728 0.000263
-0.000000 0.000000 0.000014 0.999986
0.000000 0.999995 0.000005 -0.000000
-0.000000 0.111454 0.880164 0.008382
0.000000 0.071752 0.915205 0.013043
-0.000000 0.000374 0.225844 0.773782
0.000000 0.005087 0.053605 0.941308
-0.000000 0.173014 0.742575 0.084410
-0.000000 0.198687 0.796087 0.005226
0.000000 0.506656 0.453188 0.040156
0.000000 0.016734 0.983252 0.000014
0.000000 0.000034 0.288271 0.711695
-0.000000 0.000027 0.023076 0.976897
-0.000000 0.381097 0.616945 0.001957
-0.000000 0.056978 0.639568 0.303454
-0.000000 0.156441 0.842565 0.000994
-0.000000 0.020770 0.737053 0.242177
0.000000 0.322396 0.677372 0.000232
-0.000000 0.001024 0.328409 0.670567
-0.000000 0.000755 0.820463 0.178782
0.000000 0.001519 0.133083 0.865398
0.000000 0.000000 0.000014 0.999986
0.000000 0.298235 0.701556 0.000209
0.000000 0.173631 0.792757 0.033612
-0.000000 0.004840 0.076649 0.918511
-0.000000 0.000001 0.023174 0.976825
-0.000000 0.000324 0.999649 0.000027
0.000000 0.315090 0.669368 0.015543
0.000000 0.000285 0.999708 0.000008
-0.000000 0.000000 0.013464 0.986536
0.000000 0.007044 0.424288 0.568669
-0.000000 0.442779 0.556953 0.000268
0.000000 0.000000 0.000000 1.000000
0.000000 0.932271 0.067589 0.000140
0.000000 0.014816 0.985184 0.000000
-0.000000 0.000279 0.085048 0.914673
0.000000 0.204780 0.792338 0.002883
0.000000 0.113926 0.881238 0.004836
-0.000000 0.216668 0.369705 0.413627
0.000000 0.000000 0.005019 0.994981
-0.000000 0.000130 0.445100 0.554771
0.000000 0.003104 0.996894 0.000002
0.000000 0.000104 0.075228 0.924668
0.000000 0.627881 0.371342 0.000776
0.000000 0.032668 0.966820 0.000512
-0.000000 0.016411 0.579381 0.404208
0.000000 0.048900 0.945998 0.005101
-0.000000 0.005356 0.969777 0.024868
-0.000000 0.067169 0.932831 0.000000
-0.000000 0.779741 0.219979 0.000280
0.000000 0.018784 0.784925 0.196291
0.000000 0.000506 0.781019 0.218474
0.000000 0.684214 0.315750 0.000037
-0.000000 0.032936 0.966437 0.000628
0.000000 0.000000 0.002794 0.997206
-0.000000 0.121013 0.878621 0.000366
-0.000000 0.000119 0.133414 0.866467
-0.000000 0.081972 0.553604 0.364424
-0.000000 0.343724 0.655914 0.000362
-0.000000 0.009210 0.379484 0.611306
0.000000 0.000055 0.998695 0.001250
0.000000 0.455881 0.544038 0.000082
-0.000000 -0.000000 0.000328 0.999672
-0.000000 0.769815 0.229688 0.000497
-0.000000 0.447852 0.520376 0.031771
