0.000064 0.608900 0.291264 0.099771
0.012427 0.799715 0.067462 0.120395
0.068953 0.496833 0.008466 0.425748
0.014127 0.738768 0.030661 0.216444
0.000423 0.697274 0.050167 0.252136
0.000033 0.519941 0.391125 0.088900
0.004349 0.674341 0.282533 0.038778
0.005403 0.747641 0.041261 0.205696
0.000000 0.000920 0.997724 0.001356
0.426394 0.543486 0.005921 0.024199
0.991119 0.000379 0.000000 0.008503
0.059994 0.853863 0.008040 0.078103
0.143058 0.123798 0.000001 0.733143
0.014529 0.700365 0.021335 0.263771
0.883545 0.091839 0.000116 0.024501
0.009992 0.670807 0.123614 0.195587
0.842508 0.126481 0.000141 0.030870
0.018004 0.704930 0.185555 0.091511
0.000150 0.579672 0.245150 0.175028
0.268573 0.303992 0.000007 0.427427
0.974588 0.009384 0.000122 0.015907
0.000378 0.626610 0.138688 0.234324
0.309521 0.661799 0.000685 0.027994
0.115698 0.295908 0.000099 0.588294
0.052185 0.608068 0.254159 0.085588
0.046410 0.853354 0.089135 0.011102
0.080984 0.299895 0.000010 0.619111
0.000955 0.109155 0.865412 0.024479
0.095873 0.878874 0.007254 0.017999
0.335478 0.019469 0.000000 0.645053
0.000485 0.016264 0.976248 0.007003
0.004622 0.098366 0.000010 0.897003
0.012468 0.791415 0.096533 0.099585
0.000449 0.664791 0.079635 0.255125
0.236866 0.227656 0.000019 0.535459
0.000768 0.001149 0.997735 0.000348
0.000350 0.616119 0.146296 0.237236
0.013646 0.602295 0.092951 0.291107
0.000305 0.761289 0.006072 0.232334
0.000260 0.586868 0.206232 0.206640
0.229569 0.071320 0.000009 0.699102
0.577521 0.384111 0.000196 0.038172
0.000157 0.138956 0.824568 0.036319
0.099727 0.380470 0.000267 0.519535
0.001340 0.319537 0.617874 0.061250
0.996520 0.000011 0.000000 0.003469
0.012170 0.773973 0.010059 0.203799
0.004438 0.489593 0.358560 0.147409
0.040779 0.612290 0.030568 0.316363
0.547514 0.054069 0.000000 0.398417
0.000104 0.789638 0.063358 0.146900
0.000318 0.755378 0.008827 0.235477
0.000002 0.013802 0.975882 0.010315
0.000301 0.601100 0.185145 0.213454
0.000114 0.764685 0.099199 0.136002
0.798083 0.000022 0.000000 0.201894
0.008531 0.092590 0.895145 0.003734
0.980715 0.006085 0.000138 0.013062
0.048357 0.496218 0.092019 0.363406
0.000003 0.075056 0.905773 0.019168
0.001140 0.607780 0.011605 0.379476
0.019171 0.894474 0.037394 0.048961
0.012193 0.748955 0.006421 0.232431
0.000207 0.549125 0.235711 0.214958
0.228706 0.111942 0.000017 0.659334
0.000060 0.622458 0.278783 0.098700
0.085984 0.440183 0.001992 0.471841
0.008867 0.309091 0.000040 0.682002
0.540191 0.403605 0.007627 0.048577
0.000001 0.000097 0.998967 0.000935
0.002857 0.644312 0.210533 0.142298
0.000000 0.000532 0.998971 0.000497
0.008257 0.725753 0.080763 0.185227
0.003345 0.324222 0.668224 0.004209
0.001136 0.074040 0.868308 0.056516
0.328234 0.020180 0.000000 0.651586
0.122680 0.343337 0.000320 0.533663
0.041303 0.585840 0.000239 0.372617
0.098108 0.494776 0.001108 0.406008
0.053995 0.516631 0.002530 0.426844
0.005367 0.083133 0.000011 0.911489
0.000190 0.798993 0.023192 0.177625
0.263070 0.139365 0.000009 0.597556
0.009434 0.650373 0.230499 0.109693
0.885062 0.077654 0.005254 0.032029
0.004666 0.876078 0.013726 0.105529
0.000081 0.710562 0.174364 0.114993
0.011981 0.736936 0.004249 0.246833
0.848444 0.114541 0.000012 0.037004
0.000006 0.062791 0.916180 0.021023
0.186466 0.786665 0.004777 0.022092
0.029982 0.730529 0.003428 0.236060
0.012981 0.675754 0.159846 0.151419
0.029915 0.582344 0.094258 0.293482
0.981321 0.006767 0.000126 0.011786
0.015438 0.717521 0.015632 0.251409
0.998451 0.000000 0.000000 0.001549
0.014364 0.789810 0.137947 0.057879
0.000039 0.443431 0.481880 0.074651
0.017914 0.759662 0.037905 0.184519
0.007051 0.677651 0.104363 0.210934
0.000044 0.781737 0.110169 0.108050
0.026225 0.553804 0.104971 0.315000
0.000007 0.535322 0.404844 0.059827
0.922870 0.000591 0.000000 0.076539
0.051028 0.662859 0.154601 0.131513
0.000742 0.652930 0.039304 0.307024
0.007914 0.140599 0.847883 0.003604
0.001700 0.752317 0.191273 0.054711
0.000007 0.536622 0.403465 0.059906
0.960142 0.019364 0.000211 0.020283
0.000393 0.727668 0.011334 0.260605
0.993328 0.000149 0.000000 0.006523
0.000356 0.002338 0.996876 0.000429
0.000003 0.026141 0.960442 0.013415
0.581709 0.389337 0.002131 0.026823
0.006490 0.729036 0.120278 0.144196
0.000194 0.790380 0.005297 0.204129
0.007300 0.181188 0.805526 0.005985
0.005757 0.842717 0.102219 0.049307
0.984074 0.004936 0.000107 0.010882
0.988696 0.000278 0.000000 0.011026
0.002249 0.666539 0.283464 0.047748
0.006038 0.640328 0.176546 0.177088
0.001623 0.530066 0.004624 0.463687
0.000028 0.348770 0.588921 0.062281
0.003303 0.499880 0.416169 0.080647
0.027227 0.601017 0.050220 0.321536
0.000691 0.012817 0.983038 0.003455
0.000228 0.572330 0.239610 0.187832
0.048891 0.623840 0.116604 0.210666
0.156832 0.806423 0.018250 0.018496
0.016218 0.583005 0.087616 0.313161
0.143872 0.189274 0.000065 0.666789
0.001677 0.161320 0.795660 0.041343
0.000006 0.061477 0.918026 0.020490
0.000174 0.025449 0.959435 0.014942
0.036900 0.603434 0.019200 0.340466
0.024331 0.563989 0.069833 0.341848
0.000946 0.595124 0.067456 0.336475
0.042712 0.170816 0.736721 0.049752
0.007962 0.815101 0.080672 0.096266
0.000009 0.109184 0.861854 0.028953
0.007607 0.851158 0.006728 0.134506
0.000266 0.584017 0.203020 0.212697
0.001386 0.003321 0.994712 0.000581
0.002289 0.525213 0.379094 0.093404
0.041324 0.530220 0.000646 0.427810
0.000128 0.802683 0.051628 0.145561
0.079002 0.882165 0.025585 0.013248
0.305612 0.074684 0.000055 0.619649
0.000039 0.413989 0.514420 0.071552
0.022162 0.585256 0.090013 0.302569
0.003410 0.834532 0.108144 0.053914
0.000081 0.523549 0.359942 0.116428
0.049696 0.753147 0.021670 0.175487
0.056035 0.479540 0.001509 0.462916
0.164901 0.483467 0.000066 0.351566
0.019900 0.829567 0.030930 0.119603
0.018619 0.446391 0.527535 0.007455
0.000001 0.002204 0.991457 0.006338
0.160609 0.223789 0.000917 0.614685
0.052544 0.654114 0.278062 0.015280
0.000407 0.722946 0.011485 0.265162
0.003673 0.458873 0.424389 0.113065
0.003630 0.052187 0.941814 0.002369
0.060350 0.741190 0.180219 0.018241
0.014366 0.597696 0.091334 0.296604
0.007988 0.801568 0.052516 0.137928
0.000927 0.645851 0.012438 0.340783
0.918323 0.034046 0.031231 0.016400
0.001324 0.130216 0.801758 0.066702
0.000033 0.347797 0.589768 0.062401
0.002564 0.160591 0.700806 0.136039
0.000441 0.649272 0.105480 0.244808
0.000018 0.000115 0.999837 0.000030
0.004325 0.910882 0.025388 0.059405
0.015778 0.715128 0.044903 0.224191
0.000248 0.580471 0.215299 0.203982
0.951523 0.024085 0.000028 0.024363
0.000068 0.001579 0.998159 0.000194
0.987859 0.001869 0.000002 0.010271
0.009201 0.016405 0.972160 0.002234
0.963999 0.031036 0.000009 0.004956
0.666858 0.296864 0.000233 0.036046
0.000001 0.003805 0.989262 0.006932
0.091978 0.743942 0.053202 0.110879
0.000681 0.574979 0.000073 0.424268
0.956443 0.000029 0.000000 0.043527
0.000638 0.681768 0.029932 0.287662
0.180545 0.493305 0.000028 0.326122
0.000049 0.560900 0.349529 0.089522
0.009901 0.906282 0.000885 0.082932
0.000008 0.000026 0.999766 0.000200
0.005349 0.772741 0.086843 0.135068
0.259353 0.039105 0.000000 0.701542
0.001541 0.108690 0.796961 0.092808
0.000015 0.178959 0.782575 0.038450
0.959696 0.023882 0.001438 0.014983
0.003587 0.829034 0.100741 0.066638
0.078609 0.193824 0.658851 0.068717
0.375379 0.591849 0.000824 0.031949
0.001126 0.315065 0.593677 0.090132
0.961607 0.012231 0.000000 0.026162
0.013708 0.870367 0.018266 0.097659
0.000112 0.534807 0.336993 0.128088
0.009892 0.896951 0.002601 0.090556
0.038793 0.885790 0.006282 0.069135
0.031467 0.675918 0.014048 0.278567
0.000981 0.791088 0.127831 0.080100
0.000304 0.001371 0.996771 0.001554
0.001246 0.597855 0.008019 0.392880
0.922352 0.050138 0.001858 0.025652
0.996615 0.000007 0.000000 0.003379
0.338832 0.005193 0.000000 0.655975
0.007211 0.495606 0.414955 0.082228
0.005302 0.681452 0.126979 0.186267
0.015419 0.550261 0.086155 0.348165
0.000100 0.531237 0.349160 0.119503
0.021750 0.019075 0.956302 0.002873
0.000090 0.524385 0.353007 0.122518
0.000122 0.534036 0.325976 0.139865
0.000435 0.670594 0.000216 0.328756
0.154444 0.642998 0.183055 0.019503
0.649149 0.313829 0.012728 0.024293
0.001580 0.597111 0.316457 0.084853
0.003741 0.555041 0.317941 0.123278
0.178501 0.153813 0.000001 0.667686
0.000205 0.567201 0.263120 0.169474
0.008773 0.734720 0.011235 0.245273
0.019697 0.651499 0.116845 0.211958
0.003098 0.026821 0.963031 0.007050
0.010308 0.773576 0.032607 0.183509
0.000002 0.000435 0.998536 0.001028
0.935631 0.039201 0.001297 0.023871
0.000020 0.247530 0.703218 0.049233
0.112801 0.261226 0.000009 0.625964
0.977605 0.004146 0.000000 0.018249
0.020395 0.233590 0.737558 0.008457
0.182364 0.698042 0.010274 0.109320
0.000002 0.032110 0.955665 0.012224
0.000169 0.800448 0.032673 0.166710
0.026453 0.617967 0.000427 0.355153
0.000178 0.805183 0.022364 0.172274
0.000098 0.001082 0.998606 0.000214
0.010838 0.630675 0.248066 0.110421
0.006846 0.879254 0.000205 0.113695
0.056900 0.483488 0.000352 0.459260
0.000621 0.143412 0.819572 0.036395
0.022090 0.743945 0.000186 0.233779
0.000714 0.516343 0.448923 0.034020
0.001008 0.526073 0.000420 0.472499
0.042513 0.873494 0.007142 0.076851
0.011167 0.793545 0.003879 0.191409
0.001060 0.572606 0.377680 0.048653
0.000237 0.575198 0.224912 0.199653
0.000094 0.525430 0.349726 0.124749
0.275828 0.058735 0.000002 0.665435
0.057788 0.578889 0.018669 0.344655
0.117784 0.540286 0.000015 0.341915
0.051780 0.505940 0.003372 0.438909
0.004174 0.615745 0.203643 0.176438
0.078615 0.430121 0.000026 0.491238
0.000003 0.031451 0.955380 0.013166
0.000021 0.228865 0.726232 0.044882
0.002292 0.882022 0.051538 0.064148
0.431121 0.386928 0.116921 0.065030
0.007008 0.541029 0.292889 0.159074
0.068678 0.548004 0.027471 0.355847
0.020287 0.601788 0.079423 0.298503
0.056202 0.705846 0.000555 0.237397
0.009121 0.677834 0.135249 0.177796
0.000427 0.197310 0.765877 0.036386
0.157127 0.663082 0.157538 0.022253
0.034601 0.572398 0.053143 0.339859
0.612459 0.183504 0.000063 0.203974
0.008481 0.656219 0.238186 0.097114
0.000035 0.424346 0.503609 0.072009
0.751167 0.206497 0.000006 0.042329
0.001415 0.920619 0.016473 0.061493
0.020123 0.561460 0.078337 0.340080
0.012180 0.679882 0.086501 0.221437
0.009797 0.653426 0.095056 0.241721
0.006066 0.781498 0.029787 0.182649
0.021680 0.720149 0.116225 0.141945
0.004318 0.435406 0.402267 0.158009
0.944370 0.014452 0.000004 0.041174
0.023175 0.812954 0.000272 0.163599
0.050616 0.517856 0.000079 0.431449
0.017656 0.704697 0.036891 0.240756
0.041249 0.722244 0.177821 0.058686
0.000017 0.424847 0.514759 0.060377
0.000001 0.018995 0.974488 0.006516
0.052012 0.481192 0.000388 0.466408
0.006088 0.561524 0.290710 0.141679
0.000054 0.563479 0.345208 0.091259
0.981915 0.003740 0.000004 0.014341
0.037554 0.679575 0.084234 0.198637
0.000882 0.029044 0.968858 0.001215
0.653365 0.317475 0.000884 0.028276
0.001412 0.203642 0.763184 0.031762
0.000145 0.539931 0.306790 0.153134
0.000022 0.482238 0.447839 0.069901
0.052390 0.914345 0.019362 0.013903
0.002839 0.825919 0.036850 0.134392
0.000604 0.653310 0.067850 0.278236
0.000371 0.600159 0.187053 0.212417
0.005931 0.648987 0.147247 0.197836
0.103092 0.654784 0.000089 0.242035
0.046737 0.905776 0.034188 0.013299
0.000066 0.000175 0.999504 0.000255
0.010998 0.733776 0.043028 0.212198
0.066076 0.533743 0.069402 0.330779
0.010716 0.891918 0.002976 0.094390
0.205938 0.053196 0.000000 0.740865
0.006883 0.540778 0.294851 0.157489
0.956512 0.016666 0.000000 0.026822
0.000001 0.017441 0.974905 0.007652
0.003961 0.618195 0.218349 0.159495
0.000791 0.610371 0.003776 0.385063
0.254439 0.560308 0.161630 0.023623
0.016610 0.658808 0.315827 0.008755
0.700333 0.259629 0.000019 0.040019
0.032486 0.794180 0.002771 0.170563
0.005164 0.847466 0.001545 0.145825
0.000441 0.002235 0.996841 0.000483
0.000152 0.803489 0.018085 0.178274
0.329822 0.058188 0.000031 0.611959
0.062113 0.487836 0.009107 0.440944
0.005405 0.424503 0.452571 0.117521
0.008881 0.741004 0.061204 0.188911
0.194332 0.058588 0.732230 0.014851
0.125965 0.330424 0.001326 0.542285
0.006083 0.194831 0.798129 0.000957
0.000215 0.566763 0.248029 0.184993
0.000003 0.000009 0.999978 0.000011
0.000022 0.012976 0.982016 0.004987
0.000995 0.007599 0.988269 0.003137
0.010877 0.866410 0.034833 0.087880
0.028234 0.635328 0.000354 0.336084
0.339441 0.627091 0.004997 0.028471
0.000017 0.053074 0.929029 0.017880
0.103350 0.060981 0.826347 0.009322
0.097791 0.394498 0.000305 0.507405
0.317261 0.152400 0.000023 0.530316
0.021758 0.832467 0.042001 0.103775
0.000004 0.042183 0.941986 0.015827
0.004368 0.324626 0.485431 0.185575
0.016405 0.658153 0.087294 0.238147
0.050665 0.648359 0.019702 0.281273
0.000001 0.018615 0.974281 0.007103
0.003755 0.054557 0.939262 0.002427
0.010836 0.754962 0.031585 0.202618
0.017044 0.542051 0.136260 0.304645
0.000000 0.002770 0.996276 0.000954
0.124750 0.254518 0.000289 0.620443
0.000241 0.006588 0.990341 0.002829
0.035908 0.581870 0.000760 0.381463
0.043398 0.711123 0.007385 0.238094
0.001088 0.592193 0.279306 0.127413
0.038998 0.717492 0.000305 0.243206
0.080054 0.669747 0.097975 0.152224
0.005157 0.451695 0.390655 0.152494
0.008547 0.590633 0.170793 0.230026
0.001697 0.891996 0.031373 0.074934
0.001902 0.696171 0.161917 0.140010
0.016061 0.560027 0.139008 0.284904
0.224362 0.746863 0.000327 0.028447
0.006503 0.546638 0.277256 0.169603
0.126867 0.245610 0.000053 0.627470
0.000000 0.004126 0.992514 0.003360
0.012083 0.010341 0.975750 0.001827
0.982045 0.001493 0.000000 0.016461
0.000246 0.783198 0.011535 0.205021
0.201763 0.149411 0.000136 0.648690
0.018786 0.711260 0.033725 0.236229
0.393066 0.436055 0.002328 0.168552
0.001293 0.012584 0.983881 0.002241
0.007734 0.884518 0.054190 0.053558
0.026107 0.677618 0.016711 0.279565
0.431213 0.186108 0.000006 0.382673
0.000047 0.515961 0.397867 0.086125
0.053966 0.790749 0.030593 0.124692
0.054821 0.496136 0.015538 0.433505
0.230674 0.025302 0.000000 0.744024
0.010206 0.803017 0.000940 0.185836
0.010951 0.748185 0.055318 0.185546
0.002243 0.662061 0.215931 0.119765
0.001529 0.856343 0.088881 0.053247
0.000024 0.570580 0.347395 0.082001
0.000008 0.549583 0.389801 0.060608
0.866139 0.010129 0.000000 0.123732
0.095093 0.433156 0.002792 0.468959
0.025818 0.706266 0.013001 0.254915
0.007226 0.005816 0.985706 0.001252
0.000029 0.070810 0.917921 0.011240
0.000004 0.033333 0.951381 0.015283
0.000246 0.510439 0.294038 0.195277
0.000389 0.504012 0.260371 0.235228
0.001592 0.409984 0.515034 0.073389
0.080695 0.448104 0.003926 0.467274
0.541640 0.417973 0.018877 0.021510
0.015763 0.778316 0.005356 0.200565
0.009935 0.558937 0.242615 0.188513
0.577247 0.188361 0.200669 0.033723
0.139856 0.392054 0.006150 0.461940
0.004573 0.696949 0.133200 0.165278
0.000000 0.000723 0.998224 0.001054
0.838865 0.133041 0.000135 0.027958
0.000108 0.522910 0.341170 0.135811
0.050969 0.915494 0.019779 0.013758
0.037967 0.639532 0.000716 0.321786
0.433668 0.379835 0.001461 0.185036
0.000203 0.799032 0.016229 0.184537
0.029336 0.733491 0.078492 0.158681
0.000801 0.136139 0.827058 0.036001
0.267632 0.642345 0.067082 0.022940
0.000627 0.909448 0.037994 0.051931
0.284951 0.043384 0.000000 0.671665
0.217784 0.695861 0.002655 0.083701
0.033534 0.519555 0.061343 0.385569
0.000002 0.054719 0.929840 0.015438
0.020121 0.795371 0.101483 0.083025
0.248296 0.680602 0.007205 0.063897
0.026460 0.829415 0.133116 0.011009
0.000007 0.127811 0.843078 0.029105
0.049772 0.519623 0.006305 0.424300
0.086029 0.527267 0.007159 0.379546
0.000171 0.730741 0.108709 0.160379
0.001518 0.682281 0.181753 0.134449
0.000253 0.027297 0.932874 0.039576
0.000116 0.766622 0.096385 0.136877
0.216460 0.552026 0.000013 0.231501
0.038324 0.665166 0.283545 0.012966
0.011345 0.677279 0.100489 0.210887
0.086300 0.328047 0.000035 0.585618
0.001365 0.002273 0.995864 0.000498
0.030517 0.655067 0.001578 0.312837
0.023023 0.629124 0.119922 0.227931
0.000001 0.033974 0.956537 0.009488
0.000149 0.540369 0.291584 0.167897
0.000231 0.695496 0.123579 0.180693
0.189804 0.157972 0.000200 0.652024
0.983255 0.001016 0.000000 0.015729
0.006246 0.675950 0.134218 0.183586
0.051172 0.587202 0.004088 0.357538
0.000031 0.517376 0.403829 0.078764
0.092886 0.406492 0.000133 0.500490
0.001607 0.012645 0.984079 0.001670
0.025120 0.683474 0.274135 0.017271
0.012207 0.804723 0.005829 0.177241
0.000070 0.522616 0.367807 0.109507
0.011784 0.680465 0.265685 0.042066
0.020564 0.562497 0.077089 0.339850
0.990472 0.001110 0.000005 0.008413
0.041367 0.622092 0.050788 0.285753
0.549494 0.310101 0.002492 0.137913
0.213404 0.649058 0.021740 0.115798
0.000042 0.000015 0.999890 0.000053
0.000982 0.547618 0.001092 0.450308
0.006069 0.743255 0.157549 0.093127
0.247435 0.643348 0.086317 0.022899
0.030376 0.564529 0.000166 0.404929
0.003446 0.328648 0.549702 0.118204
0.000052 0.731989 0.158208 0.109751
0.002748 0.309743 0.000798 0.686712
0.142115 0.515444 0.013513 0.328927
0.107077 0.058491 0.823628 0.010803
0.019046 0.050474 0.923819 0.006661
0.081769 0.460431 0.013114 0.444686
0.124882 0.230983 0.000019 0.644115
0.000048 0.518787 0.396196 0.084969
0.000061 0.498673 0.381977 0.119289
0.000239 0.786725 0.010916 0.202120
0.008699 0.685809 0.094323 0.211169
0.002873 0.936381 0.008712 0.052034
0.015764 0.169155 0.783859 0.031223
0.007556 0.136698 0.851869 0.003876
0.011137 0.856502 0.002205 0.130157
0.000052 0.487720 0.428532 0.083695
0.151190 0.775923 0.054141 0.018746
0.000007 0.081114 0.895465 0.023414
0.000025 0.264374 0.685378 0.050223
0.011994 0.500750 0.273621 0.213635
0.019729 0.162323 0.786943 0.031005
0.000179 0.678446 0.240081 0.081293
0.000486 0.661282 0.077852 0.260381
0.013722 0.590589 0.178510 0.217179
0.010471 0.877611 0.001405 0.110514
0.006658 0.678790 0.177644 0.136907
0.009292 0.911077 0.031790 0.047842
0.069435 0.464295 0.019537 0.446734
0.008080 0.253431 0.733386 0.005103
0.000012 0.143680 0.822315 0.033993
0.500726 0.465051 0.007884 0.026340
0.637046 0.322618 0.000069 0.040266
0.076957 0.454331 0.000087 0.468626
0.008418 0.556315 0.267682 0.167584
0.015086 0.238192 0.739045 0.007677
0.000056 0.523234 0.377589 0.099121
0.000324 0.393674 0.556678 0.049323
0.029487 0.458532 0.509988 0.001994
0.063012 0.367432 0.000012 0.569544
0.000180 0.000405 0.998214 0.001201
0.064885 0.748910 0.000922 0.185283
0.000400 0.724507 0.004010 0.271084
0.014746 0.597676 0.090154 0.297424
0.524416 0.271189 0.036214 0.168182
0.003640 0.788744 0.093998 0.113619
0.000000 0.000092 0.999364 0.000544
0.057046 0.800029 0.130449 0.012476
0.812867 0.160601 0.000261 0.026272
0.039187 0.064777 0.888947 0.007089
0.018645 0.592407 0.212763 0.176185
0.003013 0.804888 0.117464 0.074636
0.000020 0.012299 0.977848 0.009833
0.001908 0.293280 0.684437 0.020375
0.728574 0.213051 0.000481 0.057894
0.000002 0.016999 0.972634 0.010365
0.000001 0.004301 0.988569 0.007129
0.000538 0.009917 0.986453 0.003092
0.000824 0.528750 0.000050 0.470375
0.000037 0.435771 0.490664 0.073528
0.002092 0.023560 0.972687 0.001662
0.051605 0.504630 0.000335 0.443429
0.275882 0.618677 0.020669 0.084772
0.001982 0.326368 0.666916 0.004734
0.046141 0.745391 0.197831 0.010637
0.000000 0.001775 0.996329 0.001897
0.002355 0.937977 0.007872 0.051795
0.000041 0.511732 0.406068 0.082160
0.082945 0.825467 0.077938 0.013650
0.000001 0.008330 0.983014 0.008654
0.018697 0.681797 0.011113 0.288393
0.000218 0.002546 0.969964 0.027273
0.000454 0.661855 0.000188 0.337504
0.003054 0.793686 0.002758 0.200501
0.035370 0.660159 0.235019 0.069452
0.002933 0.298753 0.639443 0.058872
0.155420 0.305753 0.000906 0.537921
0.105096 0.426864 0.002328 0.465712
0.000195 0.792780 0.027852 0.179173
0.000363 0.613734 0.160039 0.225864
0.078562 0.260342 0.644696 0.016399
0.146807 0.280695 0.000868 0.571630
0.000160 0.551869 0.299967 0.148004
0.000976 0.056181 0.899084 0.043759
0.000085 0.505901 0.357171 0.136843
0.030618 0.595307 0.364570 0.009505
0.620081 0.313442 0.021019 0.045458
0.025105 0.734190 0.005767 0.234938
0.000382 0.731876 0.009492 0.258250
0.615460 0.347776 0.012097 0.024667
0.001202 0.009493 0.985779 0.003525
0.047584 0.771100 0.170473 0.010843
0.003813 0.744757 0.048661 0.202769
0.001021 0.931305 0.002180 0.065493
0.054054 0.493004 0.002392 0.450550
0.017805 0.674486 0.066733 0.240977
0.000000 0.006071 0.989667 0.004262
0.979197 0.007458 0.000116 0.013229
0.000208 0.047586 0.932044 0.020162
0.000821 0.119540 0.812872 0.066766
0.387401 0.022391 0.000003 0.590205
0.000243 0.577147 0.234136 0.188474
0.009841 0.785160 0.082792 0.122208
0.887860 0.041863 0.052616 0.017661
0.033277 0.638578 0.004738 0.323407
0.000031 0.376856 0.557251 0.065861
0.010251 0.209572 0.773121 0.007057
0.238141 0.084386 0.000009 0.677464
0.157055 0.600251 0.000766 0.241927
0.000227 0.567656 0.226988 0.205130
0.000671 0.425205 0.509636 0.064488
0.000102 0.797886 0.055222 0.146790
0.018662 0.771629 0.000599 0.209110
0.000314 0.602622 0.182775 0.214290
0.007606 0.768741 0.129517 0.094136
0.000439 0.695433 0.046470 0.257658
0.016408 0.609396 0.158049 0.216148
0.022386 0.654244 0.014278 0.309092
0.000377 0.705510 0.001042 0.293070
0.027077 0.815018 0.022839 0.135066
0.015957 0.647835 0.077310 0.258898
0.164719 0.238479 0.000453 0.596349
0.981307 0.002283 0.000000 0.016410
0.067008 0.426399 0.000700 0.505893
0.057653 0.681081 0.030815 0.230452
0.005528 0.867219 0.039572 0.087681
0.003648 0.790226 0.136241 0.069885
0.022672 0.685305 0.024883 0.267141
0.011434 0.697863 0.090582 0.200121
0.011775 0.693599 0.045371 0.249255
0.000089 0.529537 0.352269 0.118104
0.001034 0.007881 0.987727 0.003358
0.014992 0.681062 0.083781 0.220165
0.006436 0.840978 0.059831 0.092755
0.049036 0.669289 0.269080 0.012595
0.530186 0.089100 0.000081 0.380633
0.006613 0.531958 0.299984 0.161446
0.025496 0.022448 0.948786 0.003270
0.030190 0.761427 0.033038 0.175345
0.065318 0.861224 0.019558 0.053900
0.010844 0.769830 0.004381 0.214944
0.018975 0.653715 0.000588 0.326722
0.007892 0.741587 0.155303 0.095218
0.003319 0.173561 0.000027 0.823093
0.000080 0.528941 0.363914 0.107065
0.000193 0.559273 0.267536 0.172998
0.008415 0.681731 0.137096 0.172758
0.011403 0.861186 0.014362 0.113048
0.017908 0.665446 0.048150 0.268496
0.000002 0.044168 0.944771 0.011059
0.011296 0.698054 0.044146 0.246504
0.003374 0.599112 0.280046 0.117467
0.001692 0.881846 0.030930 0.085532
0.000001 0.005572 0.986695 0.007732
0.000147 0.550165 0.284504 0.165184
0.063514 0.515159 0.004533 0.416794
0.003340 0.652088 0.210356 0.134217
0.008164 0.739339 0.078450 0.174047
0.046923 0.612075 0.000818 0.340184
0.035175 0.517164 0.043135 0.404525
0.002617 0.261179 0.000115 0.736089
0.000041 0.466510 0.455764 0.077685
0.044897 0.607092 0.001949 0.346062
0.979704 0.002549 0.000000 0.017747
0.000161 0.800345 0.036667 0.162827
0.016567 0.611113 0.143038 0.229282
0.553866 0.416966 0.002034 0.027133
0.067545 0.911236 0.005726 0.015492
0.333400 0.015013 0.000000 0.651587
0.157346 0.120176 0.000003 0.722475
0.062934 0.549982 0.003978 0.383106
0.010602 0.749368 0.102417 0.137613
0.000180 0.797057 0.002119 0.200643
0.000062 0.000806 0.998982 0.000150
0.008122 0.804774 0.036156 0.150947
0.002134 0.581937 0.306227 0.109703
0.000780 0.935607 0.000319 0.063294
0.000278 0.084841 0.900510 0.014370
0.124731 0.745025 0.020938 0.109306
0.002881 0.471949 0.331783 0.193387
0.119350 0.849503 0.013639 0.017508
0.000323 0.434281 0.525553 0.039843
0.013289 0.603974 0.093885 0.288852
0.022484 0.698913 0.005506 0.273097
0.046086 0.665181 0.201098 0.087634
0.000080 0.847319 0.016258 0.136342
0.045807 0.527283 0.001994 0.424915
0.000000 0.001008 0.997704 0.001288
0.018479 0.714792 0.019396 0.247332
0.001681 0.932234 0.002390 0.063695
0.022238 0.821164 0.030315 0.126282
0.981414 0.002356 0.000000 0.016230
0.088331 0.731615 0.165817 0.014238
0.019720 0.762425 0.086955 0.130900
0.002843 0.669321 0.178718 0.149118
0.028866 0.616492 0.161815 0.192828
0.000345 0.051238 0.911806 0.036611
0.002227 0.763157 0.125166 0.109451
0.000457 0.613516 0.312690 0.073337
0.707497 0.254105 0.000115 0.038284
0.000011 0.000057 0.999904 0.000028
0.005029 0.003817 0.990251 0.000903
0.000021 0.515177 0.413645 0.071157
0.000050 0.546053 0.365721 0.088176
0.013130 0.679857 0.179827 0.127186
0.004121 0.717872 0.159591 0.118416
0.000001 0.016585 0.977576 0.005839
0.007049 0.063941 0.926197 0.002813
0.013395 0.795802 0.005138 0.185665
0.000000 0.003609 0.993412 0.002979
0.092459 0.809033 0.015374 0.083135
0.000001 0.000057 0.999937 0.000004
0.000003 0.091012 0.888893 0.020092
0.006118 0.913537 0.005005 0.075340
0.002478 0.004351 0.992320 0.000851
0.010248 0.903246 0.014512 0.071994
0.029509 0.794947 0.000618 0.174926
0.000851 0.018511 0.979617 0.001021
0.004992 0.625509 0.277341 0.092157
0.018734 0.761482 0.006010 0.213773
0.778554 0.157593 0.000084 0.063769
0.223907 0.061291 0.701107 0.013695
0.000107 0.791152 0.075245 0.133497
0.014472 0.025346 0.956976 0.003206
0.000014 0.178923 0.781735 0.039327
0.000000 0.000036 0.999826 0.000138
0.019312 0.653773 0.114245 0.212670
0.000337 0.619192 0.153006 0.227465
0.000000 0.002214 0.995875 0.001911
0.000386 0.019456 0.979537 0.000621
0.008389 0.894537 0.049420 0.047653
0.000285 0.600578 0.161536 0.237601
0.030115 0.524399 0.053917 0.391570
0.038537 0.617469 0.002647 0.341347
0.009186 0.653158 0.135605 0.202050
0.000208 0.796610 0.015945 0.187236
0.003443 0.319962 0.002399 0.674196
0.000000 0.012080 0.983049 0.004871
0.025306 0.552601 0.108402 0.313691
0.225850 0.109804 0.000137 0.664209
0.029725 0.645207 0.000073 0.324994
0.064233 0.726641 0.034064 0.175063
0.035567 0.828242 0.028265 0.107926
0.410128 0.556766 0.008026 0.025081
0.011404 0.209362 0.774601 0.004633
0.042559 0.748837 0.197401 0.011203
0.031755 0.535331 0.053571 0.379343
0.055918 0.818249 0.058857 0.066976
0.001279 0.008968 0.988477 0.001276
0.096810 0.653654 0.013310 0.236226
0.000004 0.248748 0.718595 0.032653
0.002215 0.666930 0.287984 0.042872
0.000001 0.015149 0.977953 0.006897
0.000268 0.765396 0.023781 0.210555
0.005647 0.665067 0.177720 0.151567
0.510599 0.453400 0.000138 0.035863
0.001912 0.550377 0.345722 0.101989
0.006742 0.870448 0.007780 0.115030
0.024803 0.677213 0.287292 0.010692
0.113920 0.421289 0.008865 0.455926
0.938149 0.037208 0.000007 0.024636
0.042357 0.752772 0.049758 0.155113
0.021344 0.582213 0.088591 0.307851
0.051894 0.536995 0.031833 0.379279
0.011048 0.214888 0.768989 0.005075
0.020787 0.036073 0.938788 0.004353
0.012734 0.737052 0.042637 0.207577
0.037607 0.568974 0.002133 0.391285
0.000015 0.411991 0.527896 0.060099
0.016572 0.718378 0.142747 0.122303
0.006807 0.655640 0.108467 0.229086
0.041185 0.634349 0.051682 0.272784
0.936596 0.000090 0.000000 0.063314
0.235729 0.062574 0.687936 0.013761
0.000018 0.222307 0.732155 0.045520
0.086202 0.443779 0.001335 0.468684
0.354424 0.430292 0.012719 0.202566
0.000211 0.565905 0.253365 0.180519
0.000047 0.004787 0.980153 0.015013
0.005028 0.048165 0.944554 0.002253
0.281445 0.534291 0.019112 0.165152
0.001028 0.615853 0.021071 0.362049
0.085420 0.892958 0.004400 0.017222
0.000115 0.534517 0.330615 0.134753
0.000073 0.090372 0.893479 0.016076
0.000005 0.000040 0.999817 0.000138
0.041661 0.671143 0.276250 0.010946
0.025056 0.624851 0.191949 0.158144
0.215396 0.063613 0.000001 0.720990
0.000009 0.551007 0.387968 0.061016
0.358362 0.503782 0.011866 0.125989
0.058494 0.849089 0.080620 0.011797
0.047265 0.810458 0.011135 0.131142
0.000018 0.008744 0.987113 0.004125
0.415640 0.550079 0.000528 0.033753
0.995261 0.000147 0.000000 0.004592
0.043267 0.531632 0.000094 0.425007
0.008637 0.787259 0.089925 0.114179
0.037347 0.871813 0.017936 0.072904
0.884481 0.075398 0.000000 0.040121
0.024182 0.648158 0.007729 0.319931
0.005174 0.765359 0.072350 0.157117
0.000299 0.762923 0.008488 0.228290
0.028952 0.542853 0.060411 0.367784
0.008760 0.771179 0.011531 0.208530
0.018428 0.742933 0.003610 0.235028
0.000001 0.028443 0.963207 0.008349
0.909091 0.068388 0.000211 0.022311
0.555299 0.000153 0.000000 0.444548
0.445050 0.528339 0.003299 0.023312
0.000708 0.681881 0.017819 0.299592
0.977632 0.002967 0.000000 0.019400
0.000045 0.515989 0.400196 0.083770
0.008490 0.710787 0.094633 0.186090
0.060292 0.729598 0.197810 0.012300
0.058092 0.538623 0.012352 0.390933
0.024027 0.541012 0.068805 0.366156
0.007356 0.813400 0.096077 0.083167
0.313761 0.537498 0.109183 0.039557
0.001073 0.635372 0.038606 0.324948
0.000131 0.776716 0.077569 0.145584
0.000262 0.777597 0.009676 0.212465
0.000058 0.617341 0.284819 0.097781
0.000252 0.582840 0.212729 0.204179
0.001342 0.011946 0.985773 0.000939
0.036792 0.632317 0.059888 0.271004
0.003938 0.308376 0.628774 0.058911
0.007947 0.630428 0.178816 0.182808
0.004983 0.687581 0.128743 0.178692
0.010170 0.664364 0.083928 0.241538
0.099116 0.351057 0.000075 0.549752
0.134091 0.441711 0.002395 0.421803
0.000006 0.063494 0.916730 0.019769
0.070820 0.388513 0.000136 0.540531
0.010386 0.022879 0.963968 0.002767
0.015198 0.738374 0.085664 0.160764
0.000062 0.549987 0.356462 0.093490
0.142311 0.407966 0.000047 0.449677
0.018694 0.194264 0.771080 0.015962
0.003075 0.093476 0.900097 0.003352
0.990355 0.000636 0.000000 0.009008
0.000074 0.517739 0.375519 0.106668
0.142349 0.220006 0.000240 0.637405
0.015377 0.158749 0.819891 0.005983
0.027839 0.667255 0.009508 0.295398
0.102425 0.706139 0.013386 0.178049
0.000034 0.000614 0.999197 0.000155
0.461573 0.475408 0.000859 0.062161
0.000115 0.164747 0.809684 0.025454
0.029066 0.634068 0.001497 0.335369
0.000885 0.006654 0.991725 0.000736
0.065103 0.496314 0.017166 0.421417
0.018803 0.723859 0.005807 0.251531
0.002940 0.005234 0.990855 0.000971
0.310338 0.054388 0.000006 0.635268
0.025789 0.640068 0.003405 0.330738
0.001821 0.929474 0.020428 0.048277
0.001576 0.393482 0.483266 0.121676
0.013236 0.167341 0.787495 0.031927
0.006394 0.822079 0.104784 0.066744
0.000030 0.359330 0.577187 0.063453
0.003081 0.354127 0.000993 0.641799
0.025492 0.599324 0.086021 0.289163
0.005156 0.904880 0.027976 0.061988
0.011884 0.007737 0.000000 0.980379
0.049760 0.745799 0.191889 0.012552
0.000831 0.661762 0.014757 0.322650
0.860447 0.088098 0.023420 0.028034
0.048596 0.678064 0.000018 0.273321
0.000093 0.527487 0.349232 0.123188
0.000038 0.441710 0.483848 0.074403
0.479206 0.324906 0.026895 0.168993
0.950593 0.026738 0.000293 0.022376
0.020087 0.264512 0.664704 0.050696
0.020500 0.845419 0.007994 0.126087
0.057584 0.833524 0.096236 0.012656
0.022422 0.687069 0.006624 0.283885
0.170211 0.581663 0.004144 0.243982
0.000109 0.010578 0.988895 0.000418
0.080061 0.452588 0.003005 0.464346
0.029378 0.806544 0.002634 0.161444
0.000020 0.458678 0.472492 0.068810
0.003492 0.902812 0.048079 0.045618
0.016131 0.756591 0.218670 0.008608
0.012458 0.618385 0.112522 0.256635
0.000000 0.000117 0.999343 0.000539
0.039672 0.535060 0.001892 0.423376
0.158133 0.061362 0.770098 0.010406
0.017367 0.579712 0.133017 0.269905
0.000026 0.318485 0.623445 0.058044
0.000006 0.144173 0.826215 0.029606
0.695405 0.087864 0.000000 0.216731
0.000001 0.008698 0.982813 0.008488
0.345130 0.018735 0.000000 0.636134
0.000572 0.000099 0.999074 0.000254
0.000056 0.525524 0.376204 0.098216
0.000003 0.031605 0.953803 0.014589
0.001264 0.306441 0.632478 0.059817
0.006397 0.031614 0.000000 0.961988
0.000173 0.795155 0.036156 0.168516
0.013489 0.630531 0.347582 0.008398
0.000034 0.383500 0.549637 0.066829
0.007914 0.685180 0.125196 0.181710
0.005046 0.744194 0.046538 0.204222
0.571289 0.001004 0.000000 0.427707
0.000953 0.541176 0.000476 0.457395
0.934881 0.039333 0.000001 0.025784
0.000823 0.599082 0.002898 0.397197
0.448529 0.520734 0.005134 0.025603
0.000020 0.249273 0.702057 0.048650
0.008801 0.799129 0.020463 0.171608
0.003361 0.624784 0.267287 0.104568
0.176023 0.123307 0.000005 0.700665
0.000483 0.084359 0.858201 0.056957
0.277405 0.673700 0.024412 0.024483
0.002218 0.325267 0.642041 0.030473
0.001354 0.760616 0.101590 0.136440
0.000028 0.004419 0.990340 0.005213
0.003686 0.823429 0.056932 0.115954
0.075353 0.352205 0.000081 0.572360
0.297464 0.060871 0.000019 0.641645
0.000856 0.122653 0.785953 0.090538
0.022623 0.829436 0.022333 0.125608
0.029138 0.024696 0.942672 0.003494
0.000495 0.671339 0.065095 0.263072
0.001288 0.520666 0.003215 0.474831
0.034276 0.714279 0.241614 0.009831
0.015706 0.866305 0.008679 0.109309
0.000069 0.525382 0.379749 0.094800
0.092815 0.334272 0.000047 0.572866
0.000326 0.008484 0.990607 0.000583
0.039279 0.616617 0.001847 0.342257
0.040883 0.633517 0.009027 0.316572
0.026159 0.639864 0.072512 0.261465
0.014143 0.866712 0.000661 0.118484
0.338929 0.018512 0.000000 0.642558
0.002720 0.774672 0.121329 0.101279
0.000001 0.005902 0.986383 0.007714
0.007906 0.908348 0.004014 0.079731
0.000120 0.532600 0.327533 0.139747
0.049082 0.565378 0.001186 0.384354
0.000000 0.000702 0.998160 0.001137
0.000274 0.593731 0.194498 0.211497
0.028473 0.413086 0.492350 0.066090
0.000101 0.016398 0.980104 0.003396
0.012502 0.738826 0.084290 0.164382
0.174732 0.774873 0.012084 0.038311
0.162155 0.315849 0.000394 0.521603
0.002006 0.464965 0.528780 0.004249
0.005247 0.685712 0.108270 0.200771
0.002159 0.001206 0.996102 0.000532
0.000292 0.742714 0.001605 0.255389
0.001240 0.002034 0.996245 0.000481
0.050479 0.434156 0.000028 0.515337
0.065104 0.433423 0.000032 0.501441
0.179071 0.340863 0.450951 0.029115
0.521096 0.000565 0.000000 0.478339
0.002171 0.589701 0.302103 0.106025
0.007871 0.721185 0.114053 0.156891
0.006252 0.677217 0.309217 0.007314
0.060580 0.635244 0.007110 0.297065
0.001620 0.860871 0.083596 0.053913
0.000042 0.484027 0.436159 0.079773
0.001184 0.807413 0.148190 0.043213
0.068857 0.800603 0.127456 0.003083
0.000005 0.050482 0.930875 0.018639
0.179942 0.781387 0.017666 0.021006
0.000089 0.518736 0.357462 0.123713
0.001909 0.294996 0.563406 0.139689
0.011133 0.763036 0.001403 0.224429
0.000004 0.090673 0.889052 0.020272
0.085595 0.490204 0.002395 0.421806
0.010892 0.685434 0.114951 0.188723
0.001962 0.591896 0.312349 0.093793
0.023218 0.838163 0.011476 0.127143
0.001057 0.499602 0.426142 0.073198
0.174583 0.259193 0.000281 0.565943
0.000156 0.542711 0.290238 0.166895
0.027383 0.680174 0.021078 0.271365
0.004602 0.693910 0.107864 0.193624
0.000000 0.000006 0.999968 0.000025
0.022362 0.557645 0.072784 0.347209
0.338298 0.018020 0.000001 0.643681
0.000008 0.216054 0.744633 0.039305
0.000004 0.094075 0.886151 0.019771
0.000069 0.522717 0.368448 0.108765
0.728400 0.231094 0.000035 0.040471
0.114951 0.837902 0.030129 0.017018
0.104900 0.364215 0.000254 0.530631
0.003562 0.619429 0.224736 0.152273
0.005165 0.800528 0.041522 0.152785
0.099150 0.454701 0.002428 0.443721
0.032268 0.841998 0.034133 0.091601
0.059442 0.440924 0.000301 0.499333
0.131849 0.484080 0.000286 0.383785
0.045826 0.517978 0.361283 0.074913
0.000514 0.544129 0.419206 0.036152
0.147502 0.058290 0.781519 0.012690
0.011179 0.654334 0.088323 0.246164
0.002366 0.140491 0.720969 0.136174
0.103559 0.238837 0.000033 0.657572
0.087909 0.562409 0.012168 0.337514
0.588362 0.000184 0.000000 0.411454
0.000156 0.544493 0.297573 0.157777
0.000077 0.051699 0.934253 0.013971
0.000788 0.645759 0.316397 0.037057
0.011835 0.779061 0.004075 0.205029
0.007031 0.635722 0.104821 0.252426
0.001549 0.722475 0.215242 0.060734
0.014645 0.717209 0.021020 0.247126
0.027686 0.627736 0.002526 0.342053
0.000783 0.051413 0.915309 0.032494
0.121291 0.183864 0.615159 0.079686
0.000185 0.545916 0.284496 0.169403
0.005302 0.620572 0.251909 0.122217
0.004647 0.871177 0.010848 0.113328
0.007096 0.606626 0.202223 0.184055
0.000174 0.000160 0.999541 0.000124
0.354875 0.010202 0.000000 0.634923
0.037281 0.618601 0.006553 0.337565
0.054821 0.665321 0.266552 0.013306
0.005908 0.514541 0.370852 0.108699
0.000001 0.002134 0.991557 0.006308
0.077193 0.417232 0.000202 0.505373
0.008413 0.847478 0.003165 0.140944
0.460419 0.290626 0.000293 0.248661
0.008996 0.007477 0.982061 0.001467
0.011014 0.689728 0.053783 0.245475
0.014091 0.749388 0.021585 0.214936
0.088831 0.810167 0.019515 0.081487
0.000002 0.041747 0.947347 0.010904
0.317652 0.600289 0.006580 0.075479
0.001374 0.333908 0.601151 0.063567
0.014399 0.742267 0.000054 0.243280
0.000528 0.631994 0.000137 0.367340
0.994068 0.000042 0.000000 0.005891
0.970862 0.006783 0.000000 0.022356
0.006217 0.767441 0.124394 0.101947
0.011198 0.860399 0.036149 0.092254
0.000000 0.003104 0.994062 0.002834
0.000257 0.027387 0.961986 0.010370
0.007923 0.743811 0.010317 0.237949
0.034686 0.623948 0.000817 0.340549
0.002888 0.369334 0.002819 0.624959
0.000136 0.542675 0.319283 0.137905
0.017646 0.690416 0.219372 0.072566
0.060846 0.708974 0.000636 0.229543
0.094545 0.855319 0.035494 0.014641
0.003152 0.872045 0.020259 0.104544
0.009398 0.661281 0.122589 0.206732
0.000167 0.014018 0.977858 0.007957
0.010887 0.632346 0.132146 0.224621
0.030714 0.207141 0.750384 0.011761
0.188898 0.249361 0.001046 0.560696
0.077789 0.588807 0.008091 0.325313
0.000229 0.566537 0.217868 0.215367
0.140388 0.660332 0.179169 0.020112
0.069795 0.500338 0.004572 0.425296
0.000432 0.000043 0.999288 0.000236
0.000315 0.757210 0.006763 0.235712
0.339218 0.028394 0.000001 0.632386
0.021950 0.836443 0.015972 0.125635
0.002022 0.462212 0.001403 0.534363
0.002539 0.161099 0.815955 0.020407
0.995012 0.000082 0.000000 0.004906
0.108168 0.568612 0.000438 0.322783
0.005535 0.680292 0.232634 0.081539
0.007333 0.648165 0.100034 0.244468
0.012439 0.621517 0.132613 0.233431
0.001702 0.514637 0.002182 0.481480
0.000076 0.726948 0.148794 0.124183
0.266810 0.585505 0.028334 0.119351
0.000173 0.801330 0.029411 0.169086
0.896322 0.005457 0.000001 0.098220
0.002188 0.904718 0.058059 0.035035
0.000000 0.000120 0.998813 0.001067
0.002063 0.299283 0.000050 0.698604
0.043180 0.558433 0.203022 0.195365
0.000898 0.197819 0.713159 0.088123
0.000015 0.173992 0.788420 0.037573
0.105943 0.387345 0.001377 0.505336
0.001986 0.052775 0.934858 0.010381
0.018183 0.675864 0.020341 0.285613
0.196053 0.646574 0.137519 0.019855
0.000004 0.038472 0.945710 0.015814
0.040807 0.755318 0.032511 0.171365
0.037317 0.617408 0.000099 0.345176
0.000361 0.739517 0.006982 0.253140
0.050358 0.500508 0.028751 0.420384
0.001156 0.431425 0.000017 0.567402
0.013052 0.757547 0.014618 0.214784
0.041133 0.502908 0.056378 0.399582
0.000080 0.510901 0.358354 0.130665
0.018655 0.657222 0.000827 0.323296
0.042400 0.576518 0.040377 0.340705
0.001041 0.064529 0.924515 0.009915
0.034348 0.602462 0.063653 0.299537
0.001097 0.304131 0.661915 0.032857
0.150066 0.826056 0.000898 0.022980
0.042345 0.573403 0.305030 0.079221
0.442269 0.199134 0.331007 0.027589
0.008332 0.815237 0.105465 0.070966
0.150103 0.241188 0.000172 0.608536
0.005435 0.828934 0.009459 0.156171
0.000333 0.742250 0.022924 0.234492
0.023987 0.678040 0.287428 0.010545
0.868951 0.086611 0.000639 0.043799
0.003571 0.136586 0.000009 0.859833
0.000047 0.526680 0.381119 0.092154
0.000005 0.325950 0.633496 0.040549
0.993096 0.000166 0.000000 0.006738
0.038855 0.505624 0.000071 0.455450
0.221806 0.062370 0.703508 0.012316
0.000022 0.003116 0.995181 0.001681
0.189996 0.269176 0.424969 0.115859
0.066490 0.436387 0.000796 0.496328
0.012209 0.525757 0.274626 0.187409
0.000013 0.544161 0.390807 0.065019
0.025586 0.153976 0.788357 0.032080
0.000023 0.285468 0.660929 0.053579
0.005247 0.068872 0.909046 0.016836
0.007783 0.671990 0.098107 0.222120
0.158887 0.718484 0.103588 0.019040
0.008861 0.165731 0.821088 0.004320
0.007437 0.698639 0.057632 0.236292
0.277877 0.100519 0.000131 0.621473
0.011771 0.728382 0.029302 0.230545
0.031923 0.630438 0.081668 0.255971
0.008797 0.626143 0.130649 0.234411
0.001449 0.302267 0.586581 0.109703
0.000137 0.516382 0.309009 0.174472
0.007414 0.092832 0.896002 0.003753
0.134368 0.461107 0.004763 0.399762
0.053875 0.415949 0.000023 0.530152
0.000750 0.000814 0.998151 0.000285
0.020414 0.847527 0.001329 0.130730
0.002272 0.001354 0.995834 0.000540
0.000002 0.015389 0.974043 0.010566
0.604694 0.185124 0.000002 0.210179
0.117174 0.289409 0.571015 0.022401
0.000419 0.626334 0.124659 0.248589
0.006111 0.690160 0.243877 0.059852
0.001412 0.231055 0.718963 0.048571
0.000251 0.761860 0.144333 0.093556
0.699656 0.118799 0.009113 0.172432
0.148777 0.335468 0.006699 0.509055
0.001764 0.675034 0.144878 0.178323
0.000013 0.552820 0.382254 0.064913
