0.735347 0.000045 0.264608 -0.000000
0.918654 0.010738 0.070609 -0.000000
0.856444 0.140742 0.002814 0.000000
0.964706 0.020333 0.014961 -0.000000
0.955350 0.000344 0.044305 -0.000000
0.640747 0.000020 0.359233 0.000000
0.815826 0.001356 0.182818 -0.000000
0.982306 0.006443 0.011251 -0.000000
0.021318 0.000000 0.978682 -0.000000
0.682859 0.312288 0.004852 -0.000000
0.006342 0.993658 0.000000 -0.000000
0.950483 0.042636 0.006881 0.000000
0.691242 0.308758 0.000000 -0.000000
0.969383 0.024751 0.005867 -0.000000
0.310070 0.689823 0.000107 -0.000000
0.904215 0.014191 0.081594 0.000000
0.376013 0.623865 0.000122 0.000000
0.818739 0.012884 0.168377 -0.000000
0.783593 0.000103 0.216303 0.000000
0.815332 0.184663 0.000005 0.000000
0.031069 0.968796 0.000135 -0.000000
0.873624 0.000309 0.126067 -0.000000
0.811294 0.188186 0.000520 -0.000000
0.796255 0.203704 0.000041 -0.000000
0.767672 0.037785 0.194543 -0.000000
0.891802 0.029612 0.078586 0.000000
0.846321 0.153676 0.000003 -0.000000
0.299480 0.000491 0.700029 0.000000
0.929580 0.063741 0.006680 0.000000
0.271006 0.728993 0.000000 -0.000000
0.104173 0.000205 0.895622 -0.000000
0.995040 0.004947 0.000012 0.000000
0.893424 0.010905 0.095671 0.000000
0.923868 0.000383 0.075749 0.000000
0.755796 0.244187 0.000017 -0.000000
0.005158 0.000357 0.994485 0.000000
0.868710 0.000277 0.131013 -0.000000
0.953663 0.021627 0.024711 0.000000
0.993920 0.000242 0.005838 0.000000
0.819760 0.000197 0.180044 0.000000
0.486401 0.513596 0.000003 -0.000000
0.656090 0.343760 0.000151 -0.000000
0.473844 0.000097 0.526059 0.000000
0.856297 0.143475 0.000228 0.000000
0.486566 0.000946 0.512488 0.000000
0.000930 0.999070 0.000000 -0.000000
0.978045 0.012204 0.009751 -0.000000
0.760379 0.005637 0.233984 0.000000
0.927522 0.044296 0.028182 -0.000000
0.435617 0.564383 0.000000 0.000000
0.941902 0.000075 0.058023 -0.000000
0.991431 0.000253 0.008316 -0.000000
0.096736 0.000001 0.903264 0.000000
0.834956 0.000236 0.164808 0.000000
0.903605 0.000089 0.096305 0.000000
0.006073 0.993927 0.000000 -0.000000
0.110218 0.005188 0.884594 0.000000
0.021482 0.978371 0.000146 0.000000
0.852230 0.084905 0.062865 0.000000
0.223631 0.000001 0.776367 0.000000
0.988261 0.000987 0.010752 -0.000000
0.938589 0.016555 0.044856 -0.000000
0.978931 0.017335 0.003734 0.000000
0.805365 0.000139 0.194495 0.000000
0.502632 0.497362 0.000006 0.000000
0.747424 0.000040 0.252536 -0.000000
0.816410 0.183007 0.000583 -0.000000
0.993043 0.006925 0.000033 0.000000
0.595547 0.397928 0.006525 -0.000000
0.040349 0.000001 0.959650 -0.000000
0.822953 0.004011 0.173036 -0.000000
0.012469 0.000000 0.987531 -0.000000
0.938230 0.012005 0.049765 -0.000000
0.470291 0.001188 0.528521 -0.000000
0.415636 0.001019 0.583345 0.000000
0.267894 0.732106 0.000000 -0.000000
0.747289 0.252620 0.000092 -0.000000
0.945093 0.054691 0.000215 0.000000
0.893660 0.105360 0.000979 0.000000
0.898354 0.100858 0.000788 -0.000000
0.993585 0.006400 0.000015 -0.000000
0.976790 0.000155 0.023055 0.000000
0.598175 0.401819 0.000006 -0.000000
0.770910 0.009642 0.219448 0.000000
0.184228 0.810361 0.005411 0.000000
0.984097 0.004049 0.011855 -0.000000
0.835291 0.000059 0.164650 0.000000
0.977260 0.019522 0.003218 -0.000000
0.425604 0.574386 0.000010 -0.000000
0.192967 0.000003 0.807030 -0.000000
0.866702 0.128971 0.004327 -0.000000
0.953451 0.043788 0.002761 0.000000
0.839366 0.012553 0.148082 -0.000000
0.898335 0.041544 0.060121 -0.000000
0.022593 0.977265 0.000142 0.000000
0.968177 0.026715 0.005107 -0.000000
0.000100 0.999900 0.000000 -0.000000
0.840032 0.011751 0.148217 0.000000
0.582719 0.000024 0.417257 -0.000000
0.942735 0.025426 0.031839 -0.000000
0.935445 0.008320 0.056235 -0.000000
0.902066 0.000027 0.097908 0.000000
0.890960 0.040549 0.068490 -0.000000
0.671885 0.000003 0.328112 -0.000000
0.026731 0.973269 0.000000 0.000000
0.807118 0.046076 0.146806 -0.000000
0.962153 0.000658 0.037189 0.000000
0.281355 0.003759 0.714886 0.000000
0.838123 0.001048 0.160829 0.000000
0.674510 0.000003 0.325488 -0.000000
0.051657 0.948101 0.000242 -0.000000
0.989437 0.000310 0.010252 0.000000
0.003533 0.996467 0.000000 -0.000000
0.014089 0.000142 0.985769 -0.000000
0.126054 0.000001 0.873944 0.000000
0.567345 0.430840 0.001815 -0.000000
0.894441 0.008793 0.096766 -0.000000
0.994861 0.000146 0.004993 -0.000000
0.220014 0.003709 0.776277 0.000000
0.888654 0.004473 0.106873 -0.000000
0.018594 0.981288 0.000118 0.000000
0.024323 0.975677 0.000000 0.000000
0.744977 0.001412 0.253611 -0.000000
0.871643 0.007797 0.120560 0.000000
0.994546 0.001341 0.004114 -0.000000
0.500984 0.000016 0.499000 -0.000000
0.705437 0.001948 0.292615 -0.000000
0.934835 0.045018 0.020147 -0.000000
0.035285 0.000352 0.964364 -0.000000
0.789209 0.000173 0.210619 -0.000000
0.849099 0.051912 0.098989 -0.000000
0.875400 0.109468 0.015132 0.000000
0.950886 0.026066 0.023049 -0.000000
0.703482 0.296499 0.000019 -0.000000
0.344087 0.001246 0.654667 -0.000000
0.187825 0.000003 0.812172 -0.000000
0.136671 0.000138 0.863191 -0.000000
0.913170 0.070804 0.016026 -0.000000
0.938909 0.042524 0.018567 0.000000
0.939177 0.000817 0.060007 0.000000
0.237300 0.032403 0.730297 0.000000
0.934787 0.007185 0.058028 0.000000
0.257177 0.000005 0.742818 0.000000
0.983365 0.010696 0.005938 -0.000000
0.821934 0.000201 0.177864 0.000000
0.008947 0.000689 0.990364 -0.000000
0.666894 0.001772 0.331334 -0.000000
0.927910 0.071625 0.000465 0.000000
0.948002 0.000103 0.051895 0.000000
0.916683 0.059376 0.023941 -0.000000
0.432530 0.567430 0.000039 -0.000000
0.549686 0.000025 0.450289 0.000000
0.911935 0.034559 0.053506 -0.000000
0.881811 0.002782 0.115408 -0.000000
0.676299 0.000056 0.323646 -0.000000
0.926639 0.051585 0.021776 -0.000000
0.892674 0.106916 0.000410 -0.000000
0.845974 0.153971 0.000056 -0.000000
0.949807 0.018139 0.032053 -0.000000
0.559131 0.009167 0.431702 0.000000
0.053815 0.000000 0.946185 0.000000
0.839714 0.159474 0.000812 0.000000
0.744611 0.028322 0.227067 0.000000
0.989345 0.000321 0.010334 0.000000
0.659983 0.003616 0.336401 0.000000
0.197223 0.001495 0.801283 0.000000
0.820208 0.031118 0.148675 0.000000
0.952869 0.022906 0.024225 -0.000000
0.940259 0.008266 0.051476 0.000000
0.987112 0.000824 0.012064 0.000000
0.051080 0.917397 0.031523 -0.000000
0.409665 0.001612 0.588723 -0.000000
0.483635 0.000021 0.516344 -0.000000
0.786304 0.003378 0.210318 -0.000000
0.901117 0.000376 0.098507 0.000000
0.000706 0.000006 0.999288 -0.000000
0.965663 0.003940 0.030397 -0.000000
0.948799 0.025313 0.025888 -0.000000
0.813292 0.000184 0.186524 -0.000000
0.063878 0.936087 0.000034 -0.000000
0.010443 0.000023 0.989534 0.000000
0.010590 0.989408 0.000002 0.000000
0.029324 0.005406 0.965270 0.000000
0.189933 0.810058 0.000009 0.000000
0.553082 0.446736 0.000183 -0.000000
0.057365 0.000000 0.942634 -0.000000
0.872557 0.084116 0.043327 -0.000000
0.999476 0.000460 0.000064 0.000000
0.010126 0.989874 0.000000 0.000000
0.969546 0.000578 0.029876 0.000000
0.897193 0.102788 0.000019 -0.000000
0.691338 0.000032 0.308631 0.000000
0.990979 0.008279 0.000742 -0.000000
0.001831 0.000002 0.998167 -0.000000
0.934306 0.007292 0.058403 -0.000000
0.473525 0.526475 0.000000 0.000000
0.640515 0.001725 0.357760 0.000000
0.326419 0.000008 0.673573 0.000000
0.041526 0.956946 0.001528 -0.000000
0.892111 0.002692 0.105197 -0.000000
0.282874 0.063540 0.653586 -0.000000
0.768415 0.230929 0.000656 -0.000000
0.619714 0.001119 0.379167 -0.000000
0.186011 0.813988 0.000000 -0.000000
0.965843 0.014019 0.020138 -0.000000
0.698003 0.000081 0.301915 0.000000
0.987958 0.009036 0.003006 -0.000000
0.958381 0.034246 0.007373 0.000000
0.942017 0.045474 0.012509 -0.000000
0.894101 0.000943 0.104955 -0.000000
0.011576 0.000131 0.988293 0.000000
0.991565 0.001085 0.007350 -0.000000
0.091399 0.906497 0.002104 -0.000000
0.000633 0.999367 0.000000 0.000000
0.206984 0.793016 0.000000 0.000000
0.618601 0.006497 0.374903 -0.000000
0.933043 0.006084 0.060873 0.000000
0.955055 0.023072 0.021873 0.000000
0.682303 0.000073 0.317624 0.000000
0.030011 0.014804 0.955186 -0.000000
0.684503 0.000063 0.315434 -0.000000
0.711527 0.000087 0.288386 0.000000
0.999501 0.000303 0.000196 -0.000000
0.744876 0.101647 0.153478 0.000000
0.488890 0.500342 0.010768 -0.000000
0.701319 0.001185 0.297496 0.000000
0.732209 0.003642 0.264149 -0.000000
0.872908 0.127091 0.000000 -0.000000
0.765664 0.000159 0.234177 0.000000
0.984279 0.012807 0.002913 0.000000
0.890421 0.025213 0.084366 0.000000
0.053601 0.001930 0.944469 -0.000000
0.958705 0.010364 0.030931 -0.000000
0.015503 0.000001 0.984497 -0.000000
0.077496 0.921049 0.001455 -0.000000
0.409304 0.000011 0.590685 -0.000000
0.797156 0.202840 0.000004 -0.000000
0.108145 0.891855 0.000000 -0.000000
0.236502 0.012912 0.750586 0.000000
0.842329 0.149233 0.008438 -0.000000
0.138032 0.000001 0.861967 -0.000000
0.967347 0.000138 0.032516 0.000000
0.954344 0.045516 0.000140 0.000000
0.977339 0.000146 0.022515 0.000000
0.008844 0.000033 0.991123 -0.000000
0.755857 0.012146 0.231997 -0.000000
0.993097 0.006704 0.000199 0.000000
0.902677 0.097106 0.000217 0.000000
0.310889 0.000406 0.688706 0.000000
0.969487 0.030356 0.000157 0.000000
0.635190 0.000331 0.364479 0.000000
0.998950 0.000697 0.000352 0.000000
0.955573 0.036195 0.008232 -0.000000
0.982254 0.015043 0.002703 -0.000000
0.769959 0.000361 0.229679 -0.000000
0.805350 0.000175 0.194474 -0.000000
0.687960 0.000066 0.311975 -0.000000
0.482234 0.517765 0.000001 -0.000000
0.889332 0.096709 0.013959 0.000000
0.920814 0.079175 0.000011 -0.000000
0.899686 0.099406 0.000908 -0.000000
0.846853 0.005558 0.147589 -0.000000
0.891891 0.108093 0.000017 0.000000
0.118349 0.000002 0.881649 -0.000000
0.362645 0.000013 0.637342 0.000000
0.970829 0.000927 0.028244 -0.000000
0.469838 0.414133 0.116030 0.000000
0.744833 0.006050 0.249117 -0.000000
0.864106 0.110539 0.025355 -0.000000
0.925186 0.030143 0.044670 0.000000
0.957566 0.041975 0.000459 -0.000000
0.900424 0.011291 0.088285 -0.000000
0.365058 0.000261 0.634681 -0.000000
0.778017 0.096456 0.125527 0.000000
0.914320 0.056241 0.029439 -0.000000
0.463907 0.536045 0.000049 -0.000000
0.758920 0.008827 0.232253 -0.000000
0.569439 0.000021 0.430540 -0.000000
0.530727 0.469267 0.000005 0.000000
0.980259 0.001157 0.018585 -0.000000
0.946562 0.033029 0.020408 0.000000
0.924371 0.013193 0.062437 -0.000000
0.955374 0.014729 0.029898 0.000000
0.976642 0.007472 0.015886 0.000000
0.873728 0.021106 0.105166 0.000000
0.849953 0.004828 0.145220 -0.000000
0.076201 0.923795 0.000004 -0.000000
0.982231 0.017519 0.000249 -0.000000
0.924717 0.075244 0.000039 -0.000000
0.954573 0.030079 0.015347 0.000000
0.829397 0.027542 0.143062 0.000000
0.554862 0.000009 0.445129 -0.000000
0.094556 0.000000 0.905444 -0.000000
0.954242 0.045435 0.000323 0.000000
0.823857 0.006477 0.169666 0.000000
0.692142 0.000036 0.307822 0.000000
0.021909 0.978086 0.000005 0.000000
0.882642 0.033597 0.083761 -0.000000
0.142809 0.000316 0.856875 -0.000000
0.532651 0.466590 0.000759 -0.000000
0.319141 0.000839 0.680020 0.000000
0.730859 0.000105 0.269036 0.000000
0.608834 0.000012 0.391154 0.000000
0.947827 0.033684 0.018489 0.000000
0.964263 0.004243 0.031494 -0.000000
0.935599 0.000529 0.063872 -0.000000
0.830105 0.000311 0.169584 -0.000000
0.909083 0.007202 0.083715 -0.000000
0.929833 0.070093 0.000075 0.000000
0.939021 0.029134 0.031845 0.000000
0.022698 0.000014 0.977288 -0.000000
0.949051 0.018478 0.032471 -0.000000
0.853175 0.096001 0.050824 -0.000000
0.986944 0.009698 0.003358 0.000000
0.536252 0.463748 0.000000 0.000000
0.742861 0.005941 0.251198 -0.000000
0.220452 0.779548 0.000000 -0.000000
0.099685 0.000000 0.900315 0.000000
0.859140 0.004298 0.136562 0.000000
0.996233 0.000594 0.003172 0.000000
0.696315 0.171518 0.132167 0.000000
0.721674 0.007757 0.270568 0.000000
0.601876 0.398110 0.000014 0.000000
0.965486 0.031791 0.002723 0.000000
0.990429 0.008133 0.001439 0.000000
0.008060 0.000200 0.991740 0.000000
0.983010 0.000114 0.016876 0.000000
0.360723 0.639254 0.000022 -0.000000
0.867238 0.130102 0.002660 -0.000000
0.636941 0.005780 0.357279 0.000000
0.948078 0.013354 0.038568 -0.000000
0.086771 0.157831 0.755398 -0.000000
0.739245 0.260388 0.000368 -0.000000
0.355193 0.002535 0.642272 -0.000000
0.783104 0.000161 0.216735 -0.000000
0.000299 0.000001 0.999701 0.000000
0.072208 0.000011 0.927781 0.000000
0.024489 0.000544 0.974967 0.000000
0.951175 0.010822 0.038002 0.000000
0.956300 0.043485 0.000215 -0.000000
0.772157 0.223859 0.003984 -0.000000
0.196016 0.000009 0.803975 0.000000
0.071061 0.080320 0.848619 -0.000000
0.847404 0.152382 0.000214 -0.000000
0.644580 0.355398 0.000022 0.000000
0.948721 0.015426 0.035853 -0.000000
0.144655 0.000002 0.855343 0.000000
0.875130 0.005209 0.119661 0.000000
0.923407 0.020940 0.055653 -0.000000
0.915417 0.065116 0.019467 -0.000000
0.090792 0.000000 0.909207 -0.000000
0.201901 0.001549 0.796550 0.000000
0.969226 0.017345 0.013429 0.000000
0.890919 0.023294 0.085787 -0.000000
0.021439 0.000000 0.978561 0.000000
0.745678 0.254241 0.000080 0.000000
0.075745 0.000091 0.924164 0.000000
0.967442 0.031909 0.000649 -0.000000
0.957948 0.035248 0.006804 -0.000000
0.857877 0.000728 0.141395 0.000000
0.955987 0.043753 0.000260 -0.000000
0.841514 0.068620 0.089866 -0.000000
0.760367 0.005871 0.233761 -0.000000
0.946009 0.011939 0.042052 -0.000000
0.966315 0.001247 0.032438 0.000000
0.938802 0.001851 0.059347 0.000000
0.887857 0.022582 0.089561 -0.000000
0.863971 0.135753 0.000276 -0.000000
0.814828 0.008183 0.176989 0.000000
0.779795 0.220171 0.000034 -0.000000
0.044610 0.000000 0.955390 0.000000
0.019646 0.007813 0.972541 -0.000000
0.067617 0.932383 0.000000 0.000000
0.988510 0.000199 0.011291 -0.000000
0.596913 0.403049 0.000038 0.000000
0.940153 0.031809 0.028038 -0.000000
0.609853 0.388256 0.001890 -0.000000
0.108202 0.000469 0.891330 0.000000
0.931958 0.006856 0.061186 0.000000
0.958112 0.025969 0.015919 0.000000
0.616925 0.383072 0.000003 -0.000000
0.633335 0.000030 0.366635 0.000000
0.919103 0.047985 0.032912 0.000000
0.884186 0.111391 0.004423 -0.000000
0.424393 0.575607 0.000000 0.000000
0.982879 0.016399 0.000723 -0.000000
0.938039 0.010965 0.050996 0.000000
0.871854 0.001990 0.126156 -0.000000
0.908201 0.001112 0.090687 0.000000
0.723187 0.000012 0.276801 0.000000
0.671790 0.000003 0.328206 -0.000000
0.155420 0.844580 0.000000 -0.000000
0.811028 0.186914 0.002058 0.000000
0.950730 0.037316 0.011954 -0.000000
0.013769 0.004423 0.981807 -0.000000
0.336904 0.000012 0.663085 0.000000
0.143633 0.000002 0.856365 -0.000000
0.739845 0.000186 0.259969 0.000000
0.767816 0.000309 0.231876 -0.000000
0.655561 0.001287 0.343152 0.000000
0.827136 0.171715 0.001149 0.000000
0.540329 0.442435 0.017235 -0.000000
0.968605 0.027379 0.004015 0.000000
0.786940 0.008793 0.204267 -0.000000
0.234133 0.544454 0.221412 -0.000000
0.734169 0.261634 0.004197 -0.000000
0.920316 0.005372 0.074312 -0.000000
0.015966 0.000000 0.984034 0.000000
0.383347 0.616532 0.000121 -0.000000
0.700460 0.000075 0.299465 0.000000
0.948423 0.032664 0.018913 0.000000
0.942780 0.056681 0.000539 0.000000
0.614108 0.384812 0.001079 0.000000
0.983604 0.000166 0.016230 -0.000000
0.897173 0.030126 0.072701 0.000000
0.314778 0.000535 0.684687 -0.000000
0.748392 0.193791 0.057817 -0.000000
0.958092 0.000413 0.041496 -0.000000
0.436797 0.563203 0.000000 -0.000000
0.836269 0.161465 0.002266 -0.000000
0.921438 0.059188 0.019373 0.000000
0.185845 0.000001 0.814154 0.000000
0.883569 0.016672 0.099759 0.000000
0.745353 0.246314 0.008333 -0.000000
0.874705 0.013594 0.111701 0.000000
0.287040 0.000003 0.712957 0.000000
0.902358 0.095956 0.001686 0.000000
0.899180 0.094561 0.006259 0.000000
0.898261 0.000137 0.101602 -0.000000
0.890550 0.001241 0.108210 -0.000000
0.508504 0.000347 0.491149 0.000000
0.906236 0.000091 0.093673 0.000000
0.874212 0.125777 0.000011 0.000000
0.735985 0.020916 0.243099 0.000000
0.908782 0.018705 0.072513 0.000000
0.838450 0.161538 0.000012 0.000000
0.007109 0.000692 0.992199 -0.000000
0.957415 0.041191 0.001394 0.000000
0.871052 0.023740 0.105208 0.000000
0.115183 0.000001 0.884816 -0.000000
0.741511 0.000105 0.258385 0.000000
0.887357 0.000187 0.112456 0.000000
0.591926 0.408017 0.000057 0.000000
0.052612 0.947388 0.000000 0.000000
0.931677 0.007037 0.061286 0.000000
0.923601 0.072867 0.003532 -0.000000
0.634351 0.000018 0.365631 -0.000000
0.871623 0.128283 0.000094 0.000000
0.154257 0.000545 0.845198 0.000000
0.752696 0.013557 0.233747 -0.000000
0.978870 0.016116 0.005014 0.000000
0.666714 0.000048 0.333238 -0.000000
0.715984 0.007980 0.276036 0.000000
0.945785 0.034058 0.020157 -0.000000
0.009157 0.990837 0.000006 0.000000
0.905469 0.057555 0.036976 -0.000000
0.553468 0.444600 0.001932 0.000000
0.819229 0.164114 0.016657 -0.000000
0.000702 0.000012 0.999287 0.000000
0.998387 0.000706 0.000907 0.000000
0.894369 0.004549 0.101082 0.000000
0.753088 0.174011 0.072900 -0.000000
0.946653 0.053299 0.000048 0.000000
0.668693 0.004256 0.327051 0.000000
0.860426 0.000033 0.139541 -0.000000
0.996931 0.002345 0.000725 0.000000
0.864246 0.123374 0.012380 0.000000
0.075130 0.081316 0.843554 -0.000000
0.102616 0.012332 0.885052 -0.000000
0.829584 0.160874 0.009542 0.000000
0.788119 0.211869 0.000013 0.000000
0.650928 0.000031 0.349041 -0.000000
0.667000 0.000038 0.332962 0.000000
0.989035 0.000194 0.010771 -0.000000
0.947886 0.012707 0.039407 -0.000000
0.990982 0.001968 0.007051 0.000000
0.204805 0.010445 0.784751 -0.000000
0.307405 0.003303 0.689292 0.000000
0.985840 0.011993 0.002168 -0.000000
0.618611 0.000035 0.381354 0.000000
0.844962 0.107392 0.047645 -0.000000
0.210584 0.000004 0.789412 0.000000
0.398149 0.000016 0.601835 0.000000
0.765864 0.013752 0.220384 0.000000
0.211874 0.013920 0.774206 0.000000
0.781994 0.000138 0.217868 0.000000
0.925830 0.000418 0.073751 -0.000000
0.834379 0.012729 0.152892 0.000000
0.988547 0.009976 0.001477 -0.000000
0.846051 0.007717 0.146232 -0.000000
0.965273 0.006149 0.028578 -0.000000
0.852038 0.142597 0.005365 -0.000000
0.427294 0.003263 0.569443 0.000000
0.295422 0.000006 0.704572 0.000000
0.621347 0.371903 0.006750 -0.000000
0.627393 0.372553 0.000054 0.000000
0.891121 0.108824 0.000055 0.000000
0.772169 0.007139 0.220692 0.000000
0.234726 0.008973 0.756301 0.000000
0.653043 0.000037 0.346919 -0.000000
0.564324 0.000150 0.435526 0.000000
0.562353 0.015758 0.421889 -0.000000
0.885451 0.114545 0.000004 -0.000000
0.008628 0.000067 0.991306 -0.000000
0.948522 0.050639 0.000839 0.000000
0.995990 0.000308 0.003702 -0.000000
0.952446 0.023648 0.023906 -0.000000
0.440265 0.519927 0.039808 -0.000000
0.915982 0.005315 0.078703 0.000000
0.007753 0.000000 0.992247 0.000000
0.841888 0.037530 0.120582 -0.000000
0.405711 0.594054 0.000235 -0.000000
0.071703 0.025410 0.902887 -0.000000
0.816288 0.015600 0.168112 -0.000000
0.886052 0.001985 0.111963 0.000000
0.176584 0.000015 0.823401 0.000000
0.448605 0.000761 0.550634 0.000000
0.436363 0.563139 0.000497 -0.000000
0.093703 0.000001 0.906296 -0.000000
0.062242 0.000000 0.937757 -0.000000
0.032754 0.000260 0.966987 -0.000000
0.999401 0.000555 0.000044 -0.000000
0.577299 0.000023 0.422678 -0.000000
0.138077 0.000809 0.861113 0.000000
0.907190 0.092700 0.000109 -0.000000
0.772148 0.211429 0.016423 0.000000
0.565900 0.000486 0.433614 0.000000
0.807768 0.028968 0.163264 0.000000
0.030085 0.000000 0.969915 0.000000
0.988524 0.001926 0.009550 -0.000000
0.627497 0.000026 0.372477 -0.000000
0.875907 0.057087 0.067006 -0.000000
0.080002 0.000001 0.919998 -0.000000
0.963377 0.033505 0.003118 -0.000000
0.160404 0.000171 0.839425 -0.000000
0.999515 0.000315 0.000170 0.000000
0.994854 0.002520 0.002626 0.000000
0.796046 0.020935 0.183019 -0.000000
0.470487 0.002362 0.527151 -0.000000
0.683988 0.315761 0.000250 -0.000000
0.801515 0.197010 0.001475 0.000000
0.972508 0.000159 0.027333 -0.000000
0.855197 0.000296 0.144507 -0.000000
0.299931 0.057908 0.642161 -0.000000
0.698677 0.301085 0.000238 0.000000
0.730473 0.000122 0.269405 -0.000000
0.329152 0.000790 0.670058 0.000000
0.693244 0.000055 0.306701 -0.000000
0.682449 0.016387 0.301164 -0.000000
0.445656 0.531619 0.022725 -0.000000
0.965989 0.028546 0.005465 -0.000000
0.991045 0.000301 0.008654 0.000000
0.521115 0.468589 0.010296 0.000000
0.027326 0.000678 0.971996 0.000000
0.827406 0.030284 0.142310 -0.000000
0.949379 0.003451 0.047170 0.000000
0.997571 0.001731 0.000698 -0.000000
0.895748 0.103606 0.000646 0.000000
0.929809 0.026853 0.043338 0.000000
0.057046 0.000000 0.942954 -0.000000
0.021546 0.978335 0.000119 -0.000000
0.195408 0.000158 0.804433 0.000000
0.579399 0.000778 0.419823 -0.000000
0.358482 0.641516 0.000002 -0.000000
0.791978 0.000188 0.207834 0.000000
0.916118 0.008859 0.075024 0.000000
0.059915 0.886345 0.053740 -0.000000
0.939913 0.056728 0.003358 -0.000000
0.525275 0.000018 0.474706 -0.000000
0.206164 0.005707 0.788129 0.000000
0.514944 0.485053 0.000003 -0.000000
0.864286 0.135157 0.000558 0.000000
0.804421 0.000164 0.195414 -0.000000
0.599968 0.000357 0.399675 -0.000000
0.949027 0.000074 0.050900 0.000000
0.973086 0.026407 0.000507 0.000000
0.836245 0.000250 0.163505 0.000000
0.870796 0.007253 0.121951 0.000000
0.958702 0.000357 0.040941 -0.000000
0.843352 0.016405 0.140243 0.000000
0.955479 0.040609 0.003912 -0.000000
0.998793 0.000275 0.000932 -0.000000
0.952240 0.024677 0.023083 -0.000000
0.943499 0.025104 0.031398 -0.000000
0.664642 0.335234 0.000124 0.000000
0.072722 0.927278 0.000000 0.000000
0.871908 0.127900 0.000191 0.000000
0.914428 0.054134 0.031438 0.000000
0.954160 0.006654 0.039185 0.000000
0.862223 0.003212 0.134565 0.000000
0.944594 0.038022 0.017383 0.000000
0.923112 0.016741 0.060148 0.000000
0.969422 0.018635 0.011943 0.000000
0.683278 0.000063 0.316659 -0.000000
0.026902 0.000560 0.972538 0.000000
0.939874 0.021169 0.038957 -0.000000
0.935298 0.007728 0.056974 -0.000000
0.733311 0.029269 0.237420 -0.000000
0.362375 0.637554 0.000072 -0.000000
0.741541 0.007316 0.251143 0.000000
0.033913 0.017544 0.948544 -0.000000
0.937557 0.032127 0.030316 -0.000000
0.937117 0.045651 0.017232 0.000000
0.986170 0.009676 0.004154 0.000000
0.967394 0.032436 0.000169 0.000000
0.840914 0.008213 0.150872 0.000000
0.997103 0.002869 0.000028 0.000000
0.664756 0.000057 0.335187 -0.000000
0.764673 0.000145 0.235182 -0.000000
0.899503 0.010339 0.090158 0.000000
0.973165 0.011946 0.014888 -0.000000
0.925521 0.033071 0.041408 0.000000
0.130831 0.000001 0.869168 -0.000000
0.970727 0.017667 0.011606 -0.000000
0.743679 0.002725 0.253596 -0.000000
0.968680 0.001137 0.030182 -0.000000
0.070464 0.000000 0.929536 0.000000
0.747381 0.000103 0.252515 0.000000
0.867178 0.131258 0.001564 0.000000
0.819518 0.004985 0.175497 0.000000
0.931649 0.009858 0.058493 -0.000000
0.931409 0.068047 0.000544 -0.000000
0.925190 0.063356 0.011454 -0.000000
0.997814 0.002080 0.000106 -0.000000
0.603996 0.000026 0.395978 -0.000000
0.930718 0.067878 0.001404 -0.000000
0.091476 0.908524 0.000000 0.000000
0.963367 0.000131 0.036501 -0.000000
0.857899 0.016164 0.125936 -0.000000
0.593680 0.404538 0.001782 0.000000
0.949287 0.045071 0.005642 -0.000000
0.310307 0.689693 0.000000 -0.000000
0.674056 0.325943 0.000001 -0.000000
0.873529 0.124687 0.001784 -0.000000
0.898489 0.009162 0.092349 0.000000
0.997784 0.000135 0.002081 -0.000000
0.006722 0.000021 0.993257 0.000000
0.960558 0.013023 0.026419 0.000000
0.741587 0.001893 0.256520 -0.000000
0.998614 0.001281 0.000106 0.000000
0.195197 0.000133 0.804670 0.000000
0.868778 0.109717 0.021505 0.000000
0.929700 0.002612 0.067687 -0.000000
0.900062 0.086715 0.013224 0.000000
0.650400 0.000129 0.349471 -0.000000
0.954030 0.020982 0.024988 -0.000000
0.956968 0.039361 0.003671 0.000000
0.806512 0.033355 0.160132 -0.000000
0.983735 0.000058 0.016207 0.000000
0.912775 0.086678 0.000547 0.000000
0.019902 0.000000 0.980098 -0.000000
0.955571 0.031836 0.012593 -0.000000
0.995685 0.001560 0.002755 0.000000
0.946610 0.021424 0.031966 -0.000000
0.084801 0.915199 0.000000 0.000000
0.792058 0.060600 0.147342 0.000000
0.899613 0.021021 0.079367 -0.000000
0.874742 0.003169 0.122089 0.000000
0.820657 0.033361 0.145982 0.000000
0.325241 0.000326 0.674433 -0.000000
0.890849 0.001637 0.107514 -0.000000
0.718125 0.000319 0.281556 -0.000000
0.555957 0.443952 0.000091 0.000000
0.000755 0.000003 0.999242 -0.000000
0.009682 0.003021 0.987296 0.000000
0.633366 0.000011 0.366623 -0.000000
0.676764 0.000032 0.323204 -0.000000
0.838585 0.009698 0.151717 0.000000
0.848222 0.003697 0.148081 -0.000000
0.085171 0.000000 0.914829 -0.000000
0.084449 0.004393 0.911158 0.000000
0.972648 0.023384 0.003968 -0.000000
0.038987 0.000000 0.961013 0.000000
0.914147 0.072381 0.013472 0.000000
0.003587 0.000000 0.996413 0.000000
0.249391 0.000001 0.750608 -0.000000
0.988583 0.005650 0.005767 0.000000
0.012232 0.001285 0.986482 0.000000
0.976857 0.009502 0.013641 0.000000
0.977425 0.022017 0.000558 -0.000000
0.044964 0.000385 0.954651 -0.000000
0.728967 0.004780 0.266253 -0.000000
0.974672 0.019603 0.005726 -0.000000
0.279907 0.720007 0.000086 0.000000
0.082886 0.192241 0.724873 0.000000
0.924909 0.000084 0.075008 -0.000000
0.040849 0.008759 0.950392 0.000000
0.335912 0.000008 0.664080 -0.000000
0.003481 0.000000 0.996519 -0.000000
0.875368 0.026724 0.097908 0.000000
0.862154 0.000269 0.137577 0.000000
0.029785 0.000000 0.970215 -0.000000
0.081504 0.000144 0.918352 0.000000
0.953056 0.005102 0.041842 -0.000000
0.860030 0.000208 0.139762 -0.000000
0.933823 0.052116 0.014061 -0.000000
0.934700 0.063732 0.001569 0.000000
0.904344 0.010695 0.084962 -0.000000
0.983953 0.000170 0.015877 -0.000000
0.994777 0.003026 0.002197 0.000000
0.072539 0.000000 0.927461 0.000000
0.891032 0.038644 0.070324 -0.000000
0.700198 0.299649 0.000153 0.000000
0.954660 0.045289 0.000051 0.000000
0.917662 0.056351 0.025987 -0.000000
0.953739 0.023592 0.022668 -0.000000
0.679857 0.312827 0.007316 0.000000
0.352665 0.005575 0.641760 -0.000000
0.799391 0.025549 0.175059 -0.000000
0.928372 0.057344 0.014284 0.000000
0.907668 0.041378 0.050954 0.000000
0.105107 0.000446 0.894447 0.000000
0.861835 0.124718 0.013447 0.000000
0.400236 0.000002 0.599763 0.000000
0.741389 0.001125 0.257487 0.000000
0.090141 0.000000 0.909859 -0.000000
0.977424 0.000217 0.022359 -0.000000
0.866268 0.006711 0.127020 -0.000000
0.711017 0.288885 0.000098 0.000000
0.736605 0.002396 0.260999 0.000000
0.983693 0.008311 0.007997 -0.000000
0.727677 0.013333 0.258990 -0.000000
0.785744 0.209330 0.004926 -0.000000
0.245342 0.754651 0.000007 0.000000
0.920496 0.036990 0.042515 -0.000000
0.913771 0.033149 0.053080 0.000000
0.892212 0.089266 0.018522 0.000000
0.388780 0.004928 0.606291 -0.000000
0.054336 0.012795 0.932869 -0.000000
0.948217 0.015881 0.035902 -0.000000
0.928816 0.070590 0.000594 0.000000
0.559085 0.000007 0.440907 -0.000000
0.853640 0.014055 0.132306 0.000000
0.962180 0.009368 0.028453 -0.000000
0.906413 0.046590 0.046998 -0.000000
0.011781 0.988219 0.000000 0.000000
0.082943 0.204912 0.712145 -0.000000
0.381657 0.000010 0.618333 0.000000
0.913294 0.085525 0.001180 -0.000000
0.670161 0.315992 0.013847 0.000000
0.777099 0.000159 0.222742 0.000000
0.315258 0.000080 0.684663 -0.000000
0.069845 0.003007 0.927148 -0.000000
0.711999 0.272950 0.015051 0.000000
0.979663 0.000887 0.019449 -0.000000
0.938782 0.057006 0.004212 0.000000
0.705642 0.000083 0.294275 -0.000000
0.233082 0.000034 0.766884 0.000000
0.001661 0.000001 0.998338 -0.000000
0.722820 0.025197 0.251983 0.000000
0.811700 0.024860 0.163440 0.000000
0.574106 0.425894 0.000001 0.000000
0.663062 0.000004 0.336934 0.000000
0.694064 0.296388 0.009548 -0.000000
0.887984 0.040545 0.071471 -0.000000
0.949503 0.039867 0.010630 -0.000000
0.059258 0.000012 0.940730 -0.000000
0.748886 0.250699 0.000415 -0.000000
0.001950 0.998050 0.000000 -0.000000
0.931529 0.068404 0.000068 -0.000000
0.907190 0.007743 0.085067 -0.000000
0.950866 0.030425 0.018709 0.000000
0.389974 0.610026 0.000000 0.000000
0.953383 0.044462 0.002155 -0.000000
0.943904 0.006742 0.049354 0.000000
0.991663 0.000238 0.008099 0.000000
0.932148 0.051610 0.016242 -0.000000
0.981961 0.011506 0.006533 0.000000
0.971839 0.025751 0.002410 0.000000
0.117187 0.000000 0.882812 0.000000
0.250415 0.749387 0.000198 0.000000
0.026993 0.973007 0.000000 -0.000000
0.652893 0.344382 0.002725 -0.000000
0.981683 0.000643 0.017674 -0.000000
0.096814 0.903186 0.000000 0.000000
0.650802 0.000028 0.349170 -0.000000
0.929660 0.012396 0.057945 0.000000
0.783633 0.039395 0.176972 -0.000000
0.887471 0.104887 0.007642 -0.000000
0.942305 0.039929 0.017766 0.000000
0.897650 0.005865 0.096484 -0.000000
0.670980 0.233838 0.095182 -0.000000
0.960782 0.001016 0.038203 0.000000
0.924241 0.000104 0.075655 -0.000000
0.990365 0.000211 0.009424 -0.000000
0.742624 0.000039 0.257337 0.000000
0.814711 0.000189 0.185100 0.000000
0.031273 0.000673 0.968053 -0.000000
0.901306 0.051264 0.047430 -0.000000
0.501971 0.002767 0.495262 -0.000000
0.876384 0.010346 0.113270 0.000000
0.921792 0.006126 0.072082 -0.000000
0.963700 0.015074 0.021226 -0.000000
0.910413 0.089524 0.000063 -0.000000
0.787069 0.211242 0.001688 0.000000
0.178495 0.000003 0.821502 -0.000000
0.868482 0.131479 0.000039 -0.000000
0.036200 0.005845 0.957954 -0.000000
0.909466 0.016949 0.073584 -0.000000
0.679166 0.000043 0.320791 0.000000
0.809819 0.190146 0.000035 0.000000
0.296809 0.011109 0.692082 0.000000
0.138694 0.001390 0.859916 -0.000000
0.007651 0.992349 0.000000 0.000000
0.662957 0.000052 0.336991 -0.000000
0.704266 0.295667 0.000067 -0.000000
0.181934 0.009695 0.808371 -0.000000
0.945833 0.047431 0.006736 -0.000000
0.888577 0.100757 0.010666 0.000000
0.022445 0.000008 0.977547 0.000000
0.714582 0.284744 0.000674 0.000000
0.340522 0.000052 0.659426 -0.000000
0.972099 0.026598 0.001303 -0.000000
0.025044 0.000411 0.974545 0.000000
0.864821 0.129689 0.005490 -0.000000
0.963122 0.032909 0.003969 0.000000
0.013842 0.001547 0.984611 0.000000
0.430163 0.569834 0.000004 -0.000000
0.951173 0.047852 0.000975 -0.000000
0.975514 0.001343 0.023142 -0.000000
0.742725 0.001215 0.256060 0.000000
0.206896 0.008467 0.784637 -0.000000
0.882702 0.005809 0.111489 -0.000000
0.505473 0.000018 0.494509 0.000000
0.996750 0.002383 0.000868 -0.000000
0.903719 0.043101 0.053180 0.000000
0.961264 0.005015 0.033721 0.000000
0.965706 0.034294 0.000000 -0.000000
0.811242 0.029364 0.159394 0.000000
0.984671 0.000748 0.014581 -0.000000
0.125952 0.848636 0.025412 -0.000000
0.969758 0.030228 0.000015 0.000000
0.687416 0.000065 0.312519 -0.000000
0.581340 0.000024 0.418637 0.000000
0.488053 0.481295 0.030651 -0.000000
0.064018 0.935640 0.000342 -0.000000
0.516507 0.011827 0.471666 -0.000000
0.972017 0.019468 0.008515 0.000000
0.870203 0.038532 0.091265 0.000000
0.960262 0.035996 0.003742 0.000000
0.864942 0.131709 0.003349 0.000000
0.028162 0.000038 0.971800 -0.000000
0.827715 0.171390 0.000896 -0.000000
0.967878 0.029438 0.002683 0.000000
0.620761 0.000010 0.379229 -0.000000
0.947410 0.002465 0.050125 -0.000000
0.812539 0.007493 0.179968 0.000000
0.933067 0.015677 0.051256 -0.000000
0.008500 0.000000 0.991500 0.000000
0.926326 0.073168 0.000506 0.000000
0.072815 0.133255 0.793929 -0.000000
0.858950 0.030471 0.110579 0.000000
0.468690 0.000015 0.531294 0.000000
0.318958 0.000002 0.681040 -0.000000
0.369517 0.630482 0.000000 0.000000
0.076552 0.000001 0.923448 -0.000000
0.255258 0.744742 0.000000 0.000000
0.002383 0.000213 0.997404 0.000000
0.655771 0.000037 0.344192 -0.000000
0.136604 0.000002 0.863394 -0.000000
0.477912 0.000877 0.521211 -0.000000
0.990334 0.009665 0.000001 -0.000000
0.964213 0.000141 0.035645 -0.000000
0.710496 0.005702 0.283803 0.000000
0.523775 0.000021 0.476204 0.000000
0.913594 0.011219 0.075187 -0.000000
0.981795 0.005782 0.012422 0.000000
0.054604 0.945396 0.000000 -0.000000
0.998937 0.000662 0.000401 -0.000000
0.256370 0.743629 0.000001 0.000000
0.996960 0.000613 0.002427 -0.000000
0.656333 0.339018 0.004649 -0.000000
0.401972 0.000012 0.598016 -0.000000
0.970733 0.008916 0.020351 0.000000
0.758654 0.002862 0.238484 0.000000
0.674934 0.325062 0.000004 0.000000
0.580520 0.000510 0.418970 -0.000000
0.773224 0.204444 0.022332 -0.000000
0.445445 0.001244 0.553312 0.000000
0.962519 0.001116 0.036366 0.000000
0.059797 0.000018 0.940185 0.000000
0.945451 0.003094 0.051455 -0.000000
0.854411 0.145566 0.000023 -0.000000
0.400116 0.599878 0.000006 0.000000
0.746761 0.001029 0.252210 -0.000000
0.955644 0.020944 0.023412 -0.000000
0.035406 0.020553 0.944040 -0.000000
0.936846 0.000431 0.062723 -0.000000
0.996198 0.001053 0.002748 0.000000
0.788225 0.019000 0.192775 0.000000
0.971836 0.018366 0.009798 0.000000
0.657296 0.000049 0.342655 0.000000
0.835247 0.164748 0.000005 0.000000
0.070720 0.000109 0.929171 0.000000
0.931982 0.066929 0.001088 0.000000
0.933207 0.058922 0.007871 0.000000
0.904605 0.028125 0.067269 -0.000000
0.986987 0.012319 0.000694 -0.000000
0.294781 0.705219 0.000000 0.000000
0.894708 0.003018 0.102274 -0.000000
0.069163 0.000000 0.930837 0.000000
0.987766 0.007422 0.004812 -0.000000
0.710599 0.000086 0.289315 -0.000000
0.931450 0.067540 0.001010 0.000000
0.017579 0.000000 0.982421 0.000000
0.829240 0.000209 0.170551 -0.000000
0.502325 0.018103 0.479572 0.000000
0.084001 0.000038 0.915960 -0.000000
0.909909 0.013069 0.077022 -0.000000
0.867232 0.121881 0.010887 -0.000000
0.749056 0.250666 0.000278 -0.000000
0.573053 0.000646 0.426301 0.000000
0.983346 0.006284 0.010371 0.000000
0.005851 0.001125 0.993024 -0.000000
0.998310 0.000215 0.001474 0.000000
0.006972 0.000614 0.992413 -0.000000
0.909682 0.090310 0.000008 -0.000000
0.898276 0.101704 0.000019 0.000000
0.416079 0.136253 0.447668 -0.000000
0.055984 0.944016 0.000000 -0.000000
0.726685 0.001618 0.271697 0.000000
0.899128 0.010755 0.090117 -0.000000
0.752377 0.002194 0.245429 0.000000
0.896325 0.097315 0.006360 0.000000
0.910830 0.001226 0.087944 -0.000000
0.621297 0.000026 0.378677 -0.000000
0.849746 0.000692 0.149562 -0.000000
0.829760 0.047722 0.122518 -0.000000
0.172629 0.000002 0.827368 -0.000000
0.857775 0.126674 0.015550 -0.000000
0.682470 0.000061 0.317469 -0.000000
0.853496 0.002114 0.144390 0.000000
0.981549 0.017819 0.000632 -0.000000
0.230220 0.000002 0.769778 -0.000000
0.869917 0.128607 0.001476 0.000000
0.893477 0.013099 0.093424 -0.000000
0.707401 0.001506 0.291093 -0.000000
0.965146 0.022182 0.012672 -0.000000
0.635280 0.000712 0.364008 -0.000000
0.694281 0.305525 0.000194 0.000000
0.747701 0.000111 0.252188 0.000000
0.948008 0.030765 0.021227 0.000000
0.962232 0.005572 0.032196 -0.000000
0.000496 0.000000 0.999504 -0.000000
0.943267 0.037652 0.019081 -0.000000
0.274348 0.725652 0.000000 0.000000
0.399760 0.000004 0.600237 0.000000
0.221103 0.000002 0.778895 0.000000
0.665838 0.000047 0.334115 0.000000
0.558257 0.441714 0.000028 -0.000000
0.888837 0.082835 0.028328 0.000000
0.834094 0.165786 0.000120 0.000000
0.868831 0.004020 0.127149 0.000000
0.969629 0.005383 0.024988 -0.000000
0.811291 0.186929 0.001780 0.000000
0.947736 0.023265 0.028999 0.000000
0.947722 0.052028 0.000250 -0.000000
0.873038 0.126729 0.000233 0.000000
0.698573 0.032804 0.268623 0.000000
0.694472 0.000183 0.305345 -0.000000
0.080364 0.116533 0.803103 0.000000
0.960228 0.017172 0.022600 0.000000
0.908625 0.002952 0.088423 0.000000
0.904240 0.095730 0.000030 0.000000
0.853347 0.137461 0.009192 -0.000000
0.041808 0.958192 0.000000 -0.000000
0.738832 0.000114 0.261054 0.000000
0.184260 0.000039 0.815701 0.000000
0.723947 0.000381 0.275672 -0.000000
0.980154 0.016713 0.003133 -0.000000
0.962338 0.009828 0.027833 -0.000000
0.806189 0.001094 0.192717 0.000000
0.968285 0.024938 0.006778 0.000000
0.947748 0.051526 0.000726 -0.000000
0.213109 0.000709 0.786182 -0.000000
0.276913 0.103628 0.619459 0.000000
0.746250 0.000137 0.253612 -0.000000
0.768318 0.004934 0.226748 -0.000000
0.985136 0.003743 0.011121 0.000000
0.859372 0.009193 0.131434 0.000000
0.001829 0.000065 0.998106 0.000000
0.306010 0.693990 0.000000 -0.000000
0.931679 0.063781 0.004540 0.000000
0.735124 0.032775 0.232101 0.000000
0.660256 0.004195 0.335549 -0.000000
0.053806 0.000000 0.946193 -0.000000
0.874028 0.125831 0.000141 -0.000000
0.985114 0.012030 0.002855 0.000000
0.603828 0.395842 0.000330 -0.000000
0.015979 0.005646 0.978375 0.000000
0.969059 0.016974 0.013968 0.000000
0.964147 0.022832 0.013021 0.000000
0.913623 0.069356 0.017021 0.000000
0.130553 0.000001 0.869446 -0.000000
0.698167 0.295099 0.006733 -0.000000
0.504199 0.000959 0.494842 -0.000000
0.991384 0.008573 0.000043 0.000000
0.999515 0.000363 0.000122 -0.000000
0.002108 0.997892 0.000000 0.000000
0.136162 0.863838 0.000000 0.000000
0.878847 0.007027 0.114126 -0.000000
0.971573 0.009748 0.018679 -0.000000
0.037198 0.000000 0.962802 0.000000
0.114643 0.000123 0.885234 -0.000000
0.986032 0.011289 0.002679 0.000000
0.939082 0.060563 0.000356 0.000000
0.995063 0.002440 0.002497 0.000000
0.712840 0.000102 0.287058 -0.000000
0.830015 0.010249 0.159735 0.000000
0.947848 0.051589 0.000563 0.000000
0.901878 0.066849 0.031272 -0.000000
0.978280 0.002262 0.019457 0.000000
0.930894 0.011806 0.057300 -0.000000
0.087908 0.000075 0.912018 0.000000
0.902372 0.016092 0.081536 -0.000000
0.236548 0.019332 0.744121 -0.000000
0.644569 0.355114 0.000317 0.000000
0.871493 0.121754 0.006753 -0.000000
0.815370 0.000161 0.184469 0.000000
0.767777 0.087554 0.144669 -0.000000
0.853461 0.144967 0.001573 -0.000000
0.002006 0.000141 0.997854 0.000000
0.993313 0.000249 0.006438 0.000000
0.307030 0.692970 0.000001 0.000000
0.962184 0.020575 0.017241 -0.000000
0.997168 0.001595 0.001237 0.000000
0.299431 0.001331 0.699238 0.000000
0.002067 0.997933 0.000000 0.000000
0.901164 0.098482 0.000354 -0.000000
0.766518 0.004112 0.229369 0.000000
0.958958 0.010129 0.030913 0.000000
0.908295 0.017209 0.074496 -0.000000
0.996672 0.001371 0.001957 0.000000
0.867355 0.000052 0.132594 -0.000000
0.758791 0.218167 0.023042 -0.000000
0.970539 0.000142 0.029320 0.000000
0.054035 0.945963 0.000002 -0.000000
0.946642 0.001052 0.052306 -0.000000
0.012298 0.000000 0.987702 0.000000
0.998486 0.001470 0.000044 -0.000000
0.769931 0.037971 0.192098 0.000000
0.647711 0.000688 0.351601 0.000000
0.319207 0.000008 0.680785 0.000000
0.776924 0.222686 0.000390 -0.000000
0.104505 0.000963 0.894532 -0.000000
0.962391 0.032051 0.005558 -0.000000
0.744355 0.138510 0.117135 -0.000000
0.146916 0.000002 0.853082 0.000000
0.920578 0.047798 0.031623 0.000000
0.948916 0.051017 0.000067 -0.000000
0.993245 0.000283 0.006472 0.000000
0.892584 0.099513 0.007903 0.000000
0.999207 0.000778 0.000015 -0.000000
0.971413 0.022129 0.006457 -0.000000
0.906104 0.078552 0.015345 -0.000000
0.688601 0.000052 0.311347 0.000000
0.967935 0.031830 0.000235 0.000000
0.902985 0.073921 0.023095 0.000000
0.265259 0.000392 0.734349 -0.000000
0.902184 0.052406 0.045409 0.000000
0.483649 0.000529 0.515821 -0.000000
0.903281 0.095910 0.000808 0.000000
0.754031 0.027883 0.218086 0.000000
0.219227 0.409023 0.371750 -0.000000
0.883440 0.006749 0.109810 -0.000000
0.840926 0.158915 0.000159 -0.000000
0.985806 0.004979 0.009215 -0.000000
0.978800 0.000268 0.020932 -0.000000
0.727059 0.012869 0.260072 0.000000
0.176157 0.823217 0.000626 0.000000
0.996795 0.003195 0.000010 -0.000000
0.647301 0.000031 0.352668 0.000000
0.500899 0.000002 0.499099 -0.000000
0.003373 0.996627 0.000000 -0.000000
0.931236 0.068743 0.000021 0.000000
0.077992 0.195116 0.726892 -0.000000
0.035680 0.000008 0.964312 0.000000
0.398440 0.167382 0.434179 0.000000
0.882158 0.117276 0.000566 -0.000000
0.754925 0.015049 0.230025 -0.000000
0.652364 0.000006 0.347630 -0.000000
0.199026 0.019443 0.781531 0.000000
0.437010 0.000014 0.562976 -0.000000
0.271235 0.002597 0.726168 -0.000000
0.957637 0.011292 0.031071 -0.000000
0.814812 0.104146 0.081042 0.000000
0.337846 0.003921 0.658232 0.000000
0.976329 0.009918 0.013753 0.000000
0.445187 0.554772 0.000041 -0.000000
0.971674 0.019018 0.009308 -0.000000
0.898396 0.043021 0.058583 -0.000000
0.955769 0.012234 0.031997 0.000000
0.783667 0.001372 0.214960 -0.000000
0.743006 0.000089 0.256904 -0.000000
0.116812 0.004269 0.878919 0.000000
