0.034882 0.000942 0.201903 0.762236 0.000037
0.001715 0.007039 0.490632 0.203790 0.296824
0.010204 0.001183 0.201454 0.764142 0.023016
0.978682 0.000266 0.013002 0.007838 0.000212
0.978552 0.000270 0.013020 0.007938 0.000221
0.536322 0.003715 0.196963 0.249382 0.013618
0.005019 0.019632 0.289888 0.425075 0.260386
0.002501 0.924477 0.045279 0.026209 0.001534
0.927939 0.005266 0.034774 0.029048 0.002973
0.950270 0.001310 0.016867 0.029423 0.002130
0.001853 0.057618 0.296779 0.575817 0.067932
0.006455 0.617498 0.158739 0.208675 0.008634
0.000864 0.841602 0.148588 0.008941 0.000005
0.013480 0.006209 0.112906 0.861914 0.005491
0.001651 0.954272 0.031010 0.013055 0.000012
0.890227 0.001152 0.038388 0.069325 0.000908
0.967632 0.000024 0.024762 0.006348 0.001233
0.038109 0.000810 0.227542 0.730745 0.002794
0.000003 0.005934 0.063726 0.026488 0.903849
0.008226 0.001623 0.285884 0.607842 0.096425
0.009368 0.004665 0.071372 0.883969 0.030627
0.000000 0.431727 0.561820 0.006426 0.000027
0.964554 0.000707 0.014937 0.018642 0.001160
0.000452 0.010263 0.162350 0.170917 0.656018
0.020300 0.001232 0.131489 0.846906 0.000073
0.933347 0.004639 0.034389 0.025550 0.002075
0.069102 0.010618 0.101178 0.728997 0.090105
0.000433 0.131587 0.084402 0.773007 0.010572
0.007495 0.320945 0.236021 0.266307 0.169232
0.000652 0.010899 0.083602 0.902615 0.002232
0.024436 0.464090 0.116358 0.391248 0.003868
0.006361 0.002744 0.064184 0.926599 0.000113
0.000063 0.018095 0.039396 0.932382 0.010064
0.000109 0.162330 0.132098 0.705081 0.000381
0.000003 0.005512 0.062949 0.026594 0.904942
0.000493 0.556383 0.132012 0.309612 0.001500
0.049819 0.345380 0.366415 0.150243 0.088142
0.000000 0.332536 0.604845 0.012540 0.050079
0.015734 0.001208 0.114352 0.860582 0.008124
0.971761 0.000016 0.023492 0.004252 0.000478
0.000847 0.090977 0.238071 0.626401 0.043705
0.382259 0.050787 0.301912 0.250507 0.014535
0.925009 0.005632 0.034979 0.030924 0.003457
0.000000 0.005884 0.590228 0.183597 0.220291
0.020049 0.004632 0.105588 0.842897 0.026834
0.002392 0.562726 0.199802 0.231273 0.003807
0.000058 0.006470 0.061994 0.168100 0.763378
0.013834 0.008415 0.104688 0.860071 0.012992
0.947834 0.000044 0.031203 0.020843 0.000075
0.000000 0.389825 0.567836 0.007494 0.034845
0.002819 0.003067 0.421308 0.559353 0.013453
0.018021 0.125729 0.108751 0.743152 0.004347
0.000003 0.005664 0.063226 0.026555 0.904551
0.003493 0.337103 0.123681 0.498395 0.037328
0.026783 0.014651 0.137404 0.819361 0.001802
0.003387 0.001694 0.052357 0.912709 0.029852
0.000003 0.005504 0.063003 0.026597 0.904892
0.100511 0.235115 0.155844 0.457074 0.051456
0.036054 0.134898 0.416205 0.405802 0.007041
0.046750 0.016687 0.337264 0.549162 0.050137
0.109637 0.110384 0.579646 0.139871 0.060462
0.000629 0.712076 0.138941 0.147325 0.001029
0.000000 0.096261 0.821591 0.019763 0.062385
0.165911 0.040736 0.710661 0.070604 0.012088
0.000005 0.006642 0.070337 0.026412 0.896606
0.580365 0.000713 0.077561 0.337790 0.003571
0.028641 0.082712 0.149928 0.735132 0.003587
0.032345 0.005343 0.221146 0.738951 0.002214
0.068707 0.007464 0.428801 0.462730 0.032297
0.221242 0.144156 0.220275 0.378117 0.036210
0.000000 0.079870 0.042321 0.288163 0.589646
0.008900 0.151549 0.562169 0.275252 0.002130
0.000004 0.008027 0.067624 0.025962 0.898382
0.153045 0.143964 0.278394 0.278779 0.145818
0.971408 0.007611 0.012811 0.006952 0.001217
0.041281 0.090448 0.752059 0.116185 0.000027
0.000022 0.065392 0.076853 0.857264 0.000468
0.971746 0.000016 0.023497 0.004260 0.000481
0.006550 0.004932 0.315754 0.672087 0.000678
0.676698 0.000646 0.065400 0.254571 0.002686
0.978675 0.000266 0.013003 0.007843 0.000212
0.957485 0.000858 0.015916 0.024112 0.001629
0.133722 0.014541 0.272115 0.579469 0.000153
0.000000 0.145467 0.575284 0.033173 0.246076
0.022919 0.016885 0.884232 0.075964 0.000000
0.008417 0.156046 0.071919 0.758583 0.005035
0.024532 0.409177 0.022598 0.286602 0.257092
0.978680 0.000266 0.013002 0.007840 0.000212
0.956935 0.007473 0.014891 0.018555 0.002146
0.019214 0.070321 0.115772 0.790429 0.004265
0.002538 0.968460 0.023775 0.004833 0.000395
0.005959 0.002267 0.060570 0.901701 0.029502
0.013046 0.017739 0.199297 0.696412 0.073506
0.857448 0.006014 0.029278 0.098771 0.008489
0.009888 0.135161 0.606482 0.247040 0.001429
0.204593 0.128633 0.221427 0.381713 0.063634
0.001284 0.011204 0.232353 0.708854 0.046305
0.946002 0.000422 0.030742 0.016147 0.006687
0.954175 0.000066 0.028871 0.013129 0.003758
0.008417 0.519272 0.143690 0.327905 0.000716
0.000000 0.336839 0.516555 0.015169 0.131437
0.011356 0.026217 0.410860 0.548402 0.003165
0.000000 0.003346 0.789569 0.131280 0.075805
0.000000 0.410851 0.554315 0.005629 0.029205
0.978677 0.000266 0.013003 0.007842 0.000212
0.003970 0.000000 0.961690 0.016442 0.017898
0.004207 0.400541 0.128955 0.454587 0.011711
0.000117 0.170824 0.137177 0.691508 0.000374
0.012183 0.004478 0.344593 0.546592 0.092154
0.822977 0.115796 0.030195 0.020760 0.010272
0.013163 0.001754 0.101338 0.874702 0.009044
0.000017 0.032200 0.112776 0.019898 0.835109
0.000000 0.287475 0.687164 0.025322 0.000039
0.000113 0.031285 0.045546 0.912972 0.010084
0.003452 0.008922 0.055302 0.924961 0.007363
0.048197 0.172178 0.120181 0.640964 0.018481
0.105342 0.152324 0.132156 0.453124 0.157055
0.001575 0.077773 0.860050 0.060602 0.000000
0.909341 0.007438 0.036095 0.041068 0.006058
0.002546 0.973865 0.021145 0.002191 0.000254
0.971021 0.000018 0.023720 0.004628 0.000613
0.965718 0.000468 0.024517 0.005852 0.003444
0.000061 0.187902 0.096602 0.715011 0.000424
0.000124 0.035728 0.046843 0.907182 0.010124
0.007989 0.168123 0.520949 0.300177 0.002762
0.000029 0.006586 0.182471 0.028581 0.782333
0.006683 0.112303 0.067599 0.808253 0.005162
0.000111 0.202632 0.130481 0.666399 0.000377
0.016010 0.001662 0.405114 0.507441 0.069773
0.020213 0.001236 0.469802 0.454834 0.053915
0.046274 0.001420 0.189754 0.748069 0.014482
0.000000 0.028414 0.466307 0.497251 0.008028
0.967108 0.000026 0.024922 0.006613 0.001330
0.017236 0.075941 0.132337 0.765609 0.008877
0.000418 0.045284 0.357171 0.597023 0.000105
0.005447 0.062398 0.065410 0.861492 0.005254
0.002060 0.084668 0.450546 0.462122 0.000604
0.006341 0.117451 0.137115 0.739094 0.000000
0.000912 0.148752 0.246597 0.601914 0.001826
0.026411 0.001000 0.160996 0.811536 0.000057
0.000470 0.055393 0.147890 0.101381 0.694866
0.944798 0.003754 0.017237 0.031550 0.002662
0.011836 0.458683 0.437570 0.089147 0.002765
0.001479 0.009527 0.256490 0.690821 0.041683
0.065268 0.226565 0.125274 0.566123 0.016771
0.050208 0.046965 0.171008 0.295041 0.436777
0.001963 0.418867 0.577934 0.000781 0.000455
0.000869 0.780568 0.187734 0.030819 0.000010
0.007083 0.008642 0.893108 0.069083 0.022084
0.005847 0.225854 0.419642 0.344590 0.004067
0.028000 0.092102 0.552850 0.238259 0.088789
0.881458 0.000417 0.050840 0.049354 0.017931
0.004442 0.041204 0.728918 0.136209 0.089227
0.000162 0.018880 0.083796 0.151178 0.745985
0.977917 0.000286 0.013107 0.008426 0.000263
0.002593 0.010234 0.050339 0.929248 0.007586
0.000000 0.003335 0.791171 0.130843 0.074651
0.000133 0.129058 0.151066 0.719381 0.000362
0.965615 0.000973 0.014742 0.017560 0.001110
0.000030 0.058085 0.160471 0.013391 0.768023
0.057954 0.307180 0.083970 0.420459 0.130437
0.013266 0.003155 0.362072 0.537409 0.084098
0.000035 0.006204 0.211488 0.029247 0.753026
0.971406 0.007611 0.012811 0.006954 0.001217
0.000753 0.006533 0.241982 0.183352 0.567379
0.001506 0.504338 0.176994 0.312018 0.005145
0.933358 0.004637 0.034389 0.025542 0.002074
0.003332 0.001821 0.051608 0.931920 0.011319
0.005650 0.019647 0.067117 0.905157 0.002430
0.000004 0.006848 0.068988 0.026327 0.897833
0.000000 0.078719 0.170248 0.681217 0.069816
0.000000 0.029537 0.955668 0.006359 0.008436
0.060252 0.040816 0.268415 0.629198 0.001320
0.001879 0.001030 0.044263 0.941666 0.011162
0.971678 0.000017 0.023518 0.004294 0.000493
0.025431 0.684462 0.238526 0.049703 0.001878
0.003638 0.245722 0.190373 0.553702 0.006565
0.001573 0.826708 0.055583 0.116082 0.000053
0.041406 0.058829 0.858265 0.041113 0.000387
0.002528 0.958038 0.028869 0.009900 0.000665
0.002516 0.954207 0.030713 0.011797 0.000766
0.916008 0.001944 0.021632 0.056019 0.004397
0.007023 0.025697 0.075278 0.884280 0.007721
0.000393 0.198810 0.761270 0.037812 0.001715
0.016432 0.457383 0.324914 0.201227 0.000045
0.019421 0.000752 0.332146 0.638761 0.008920
0.942325 0.000314 0.032091 0.018398 0.006873
0.059741 0.016103 0.390474 0.492606 0.041076
0.008190 0.033392 0.074921 0.881037 0.002459
0.041624 0.567332 0.349246 0.041022 0.000775
0.000031 0.094638 0.081529 0.823343 0.000458
0.063894 0.449551 0.343308 0.085136 0.058110
0.958267 0.001198 0.015748 0.023183 0.001603
0.002601 0.198981 0.412843 0.385553 0.000021
0.000000 0.030970 0.940381 0.008466 0.020184
0.000275 0.289329 0.499258 0.049660 0.161477
0.941657 0.000291 0.032342 0.018818 0.006892
0.038479 0.000918 0.219274 0.741301 0.000029
0.978679 0.000266 0.013002 0.007840 0.000212
0.017565 0.388905 0.230307 0.362546 0.000676
0.960484 0.000041 0.026956 0.009969 0.002550
0.005908 0.025534 0.068885 0.891770 0.007903
0.001487 0.135145 0.093147 0.754775 0.015446
0.977873 0.000287 0.013113 0.008461 0.000266
0.019931 0.092680 0.097114 0.275800 0.514474
0.000554 0.007122 0.190237 0.178049 0.624038
0.010238 0.039398 0.081441 0.866477 0.002446
0.000000 0.035859 0.872760 0.091326 0.000055
0.001367 0.063990 0.902800 0.015556 0.016287
0.052066 0.154152 0.474178 0.315040 0.004563
0.971705 0.000016 0.023510 0.004280 0.000488
0.000418 0.045283 0.357182 0.597013 0.000105
0.066771 0.001258 0.255420 0.669443 0.007108
0.002669 0.001436 0.046343 0.949438 0.000114
0.002706 0.356803 0.391414 0.061303 0.187774
0.165415 0.001104 0.313007 0.520413 0.000062
0.000029 0.086113 0.080173 0.833224 0.000461
0.002458 0.914837 0.049880 0.031031 0.001793
0.054426 0.118850 0.534467 0.292070 0.000187
0.113063 0.098108 0.082757 0.508423 0.197648
0.001193 0.012511 0.974185 0.000000 0.012111
0.000040 0.120410 0.085868 0.793234 0.000448
0.000000 0.434125 0.486522 0.006035 0.073317
0.965288 0.007553 0.013690 0.011859 0.001610
0.000645 0.032242 0.949843 0.017001 0.000270
0.008017 0.495042 0.145163 0.351022 0.000756
0.000000 0.449705 0.481730 0.004571 0.063994
0.000063 0.018125 0.039402 0.932347 0.010064
0.000000 0.050454 0.871754 0.013369 0.064423
0.002068 0.149743 0.103848 0.729487 0.014854
0.000409 0.039829 0.084141 0.866958 0.008662
0.000000 0.126291 0.581337 0.034959 0.257414
0.039885 0.013384 0.309843 0.583070 0.053819
0.005925 0.000000 0.128155 0.858363 0.007557
0.005214 0.080499 0.172542 0.729368 0.012377
0.000000 0.275524 0.536094 0.020859 0.167523
0.105644 0.016708 0.107862 0.683346 0.086439
0.010673 0.171295 0.079509 0.733651 0.004872
0.044149 0.288217 0.382708 0.182444 0.102482
0.002589 0.006791 0.159968 0.828967 0.001684
0.000000 0.412764 0.493095 0.008043 0.086098
0.000380 0.044689 0.129107 0.115980 0.709845
0.015914 0.765180 0.067284 0.150759 0.000863
0.001492 0.077719 0.074076 0.846713 0.000000
0.006933 0.003564 0.063626 0.895460 0.030417
0.000400 0.046147 0.344436 0.608896 0.000122
0.000179 0.049156 0.053725 0.886821 0.010119
0.042265 0.562705 0.353623 0.040675 0.000731
0.002859 0.592482 0.091285 0.145859 0.167515
0.000014 0.020413 0.107262 0.023172 0.849139
0.936330 0.006958 0.017906 0.035361 0.003444
0.000259 0.052938 0.244803 0.701749 0.000251
0.000097 0.138085 0.124652 0.736771 0.000395
0.002276 0.139565 0.840583 0.017576 0.000000
0.005421 0.249782 0.052952 0.689867 0.001978
0.001376 0.433956 0.202134 0.355063 0.007470
0.000052 0.005768 0.060770 0.169058 0.764352
0.006116 0.060150 0.067983 0.860545 0.005206
0.000000 0.030912 0.940599 0.008449 0.020040
0.000100 0.027553 0.043978 0.918298 0.010071
0.011863 0.000000 0.094475 0.855392 0.038269
0.434689 0.036382 0.326037 0.196183 0.006709
0.000000 0.030914 0.940590 0.008450 0.020046
0.002546 0.973882 0.021136 0.002183 0.000253
0.002538 0.001490 0.047591 0.937086 0.011295
0.004163 0.710552 0.112916 0.172300 0.000068
0.072754 0.244106 0.336665 0.340903 0.005571
0.011806 0.014020 0.194952 0.706009 0.073213
0.024587 0.214288 0.122518 0.637198 0.001409
0.000005 0.006569 0.069786 0.026422 0.897218
0.043041 0.295689 0.377323 0.181412 0.102535
0.000431 0.576639 0.348939 0.014140 0.059852
0.002545 0.973521 0.021312 0.002359 0.000263
0.014333 0.097905 0.736778 0.150984 0.000000
0.002928 0.007819 0.052334 0.929529 0.007389
0.002630 0.006014 0.970366 0.020989 -0.000000
0.000027 0.079094 0.079038 0.841379 0.000463
0.000119 0.161436 0.138914 0.699158 0.000373
0.971767 0.000016 0.023491 0.004249 0.000477
0.033754 0.005280 0.229226 0.729770 0.001970
0.000005 0.009335 0.071109 0.025654 0.893897
0.090081 0.207367 0.155748 0.492321 0.054483
0.002495 0.000000 0.857458 0.041341 0.098706
0.001216 0.018593 0.105427 0.872536 0.002228
0.000000 0.181263 0.701961 0.025993 0.090783
0.002800 0.008293 0.168190 0.819058 0.001658
0.566154 0.003228 0.203084 0.218816 0.008718
0.003657 0.008888 0.201863 0.784134 0.001458
0.975746 0.000342 0.013407 0.010098 0.000408
0.000415 0.045428 0.355041 0.599008 0.000108
0.000188 0.586447 0.160374 0.252711 0.000280
0.000016 0.013796 0.121393 0.025340 0.839454
0.005116 0.227971 0.052838 0.712054 0.002021
0.069968 0.000000 0.916371 0.000000 0.013661
0.000260 0.365259 0.593724 0.038635 0.002122
0.796166 0.053915 0.040059 0.088449 0.021411
0.000572 0.008116 0.080602 0.908508 0.002203
0.000087 0.008775 0.068633 0.165178 0.757327
0.034266 0.005257 0.232165 0.726432 0.001881
0.000000 0.158728 0.702748 0.017782 0.120743
0.000196 0.148929 0.123709 0.724499 0.002667
0.036449 0.165842 0.401010 0.396164 0.000535
0.000662 0.020353 0.155116 0.760249 0.063619
0.000103 0.011734 0.071411 0.160936 0.755816
0.002545 0.973470 0.021337 0.002384 0.000264
0.004026 0.000000 0.965420 0.015453 0.015100
0.000259 0.053077 0.244514 0.701900 0.000251
0.000214 0.006405 0.101897 0.829451 0.062033
0.963978 0.000032 0.025885 0.008203 0.001902
0.005074 0.021571 0.064224 0.901314 0.007816
0.002543 0.972085 0.022011 0.003061 0.000300
0.000000 0.041618 0.206837 0.726250 0.025295
0.000000 0.042178 0.583621 0.361253 0.012948
0.051232 0.214055 0.209503 0.522632 0.002578
0.009815 0.043066 0.090765 0.848107 0.008247
0.961289 0.000039 0.026709 0.009562 0.002401
0.933989 0.004564 0.034344 0.025134 0.001969
0.008152 0.059673 0.337847 0.589893 0.004435
0.933878 0.004577 0.034352 0.025206 0.001987
0.003869 0.005979 0.210329 0.778467 0.001355
0.052140 0.041093 0.163234 0.403385 0.340148
0.003832 0.002211 0.054133 0.928379 0.011445
0.002546 0.973884 0.021135 0.002182 0.000253
0.978661 0.000267 0.013005 0.007854 0.000213
0.030613 0.005420 0.211209 0.750243 0.002515
0.000000 0.081121 0.055819 0.294571 0.568489
0.000048 0.139989 0.090260 0.769264 0.000440
0.211342 0.508921 0.160097 0.099341 0.020299
0.504821 0.082845 0.180929 0.185150 0.046256
0.006876 0.130337 0.063416 0.797261 0.002110
0.023249 0.154358 0.407447 0.270939 0.144006
0.001635 0.006813 0.044945 0.939054 0.007552
0.824110 0.115967 0.030077 0.019793 0.010053
0.001181 0.021616 0.103918 0.870995 0.002289
0.004077 0.921608 0.051863 0.021244 0.001208
0.020255 0.414239 0.383804 0.181675 0.000026
0.002015 0.037325 0.914969 0.045691 0.000000
0.002541 0.970826 0.022624 0.003676 0.000333
0.041911 0.179738 0.428618 0.228919 0.120815
0.044976 0.011925 0.197844 0.743982 0.001273
0.012122 0.053274 0.103693 0.822469 0.008442
0.000000 0.111999 0.374123 0.511611 0.002268
0.061345 0.040520 0.272458 0.624435 0.001241
0.171050 0.104948 0.206293 0.505826 0.011883
0.002654 0.005696 0.971776 0.019874 0.000000
0.002545 0.973650 0.021249 0.002296 0.000259
0.000038 0.113809 0.085116 0.800586 0.000450
0.000190 0.593381 0.161486 0.244666 0.000278
0.003309 0.005920 0.188317 0.800962 0.001492
0.006369 0.895511 0.072214 0.024609 0.001296
0.000000 0.100845 0.150687 0.719486 0.028983
0.087190 0.156199 0.391860 0.359491 0.005260
0.002653 0.005709 0.971718 0.019920 0.000000
0.003505 0.070206 0.138692 0.773640 0.013958
0.020243 0.178062 0.675052 0.123429 0.003213
0.002517 0.951356 0.032118 0.013169 0.000839
0.011429 0.003317 0.088663 0.896487 0.000105
0.002595 0.957274 0.029463 0.010000 0.000668
0.001104 0.006675 0.332502 0.190857 0.468863
0.009103 0.876731 0.090417 0.022665 0.001084
0.000006 0.010552 0.072932 0.025340 0.891170
0.014656 0.000840 0.264588 0.703967 0.015949
0.003413 0.280739 0.468933 0.064475 0.182440
0.030666 0.744983 0.130135 0.091039 0.003177
0.978470 0.000272 0.013031 0.008001 0.000226
0.479938 0.064178 0.065779 0.313485 0.076619
0.005440 0.000000 0.124221 0.862789 0.007550
0.006838 0.057173 0.301478 0.629415 0.005097
0.002231 0.815220 0.134674 0.046377 0.001498
0.933977 0.004566 0.034345 0.025142 0.001971
0.000218 0.065512 0.058310 0.865689 0.010271
0.001988 0.415210 0.481781 0.100998 0.000023
0.000000 0.000000 0.208286 0.671719 0.119995
0.020499 0.411496 0.387553 0.180428 0.000025
0.002546 0.973854 0.021150 0.002196 0.000254
0.000000 0.564574 0.210187 0.195323 0.029916
0.000052 0.005791 0.060803 0.169027 0.764328
0.001211 0.000000 0.774505 0.064120 0.160164
0.978625 0.000268 0.013010 0.007882 0.000216
0.948309 0.000043 0.031143 0.020434 0.000071
0.000000 0.081484 0.056498 0.294760 0.567257
0.000370 0.218089 0.740382 0.039324 0.001835
0.000005 0.005541 0.072435 0.026768 0.895252
0.003306 0.339222 0.442552 0.056382 0.158537
0.002537 0.967863 0.024066 0.005124 0.000410
0.001221 0.019327 0.105586 0.871627 0.002240
0.578891 0.000711 0.077748 0.339066 0.003584
0.971767 0.000016 0.023491 0.004249 0.000477
0.029630 0.000878 0.614336 0.334816 0.020340
0.002546 0.973868 0.021143 0.002189 0.000254
0.001735 0.111725 0.152789 0.726133 0.007618
0.035399 0.001665 0.154906 0.789480 0.018550
0.002431 0.826087 0.066973 0.104463 0.000046
0.002588 0.069986 0.923899 0.002830 0.000697
0.026011 0.237955 0.474688 0.220705 0.040641
0.000830 0.805880 0.169481 0.023800 0.000008
0.002642 0.008443 0.050673 0.930768 0.007474
0.002108 0.083411 0.458869 0.455062 0.000550
0.008270 0.001856 0.067993 0.893592 0.028289
0.037062 0.000927 0.212433 0.749546 0.000032
0.971765 0.000016 0.023491 0.004250 0.000478
0.000705 0.123074 0.792715 -0.000000 0.083505
0.000000 0.420901 0.547854 0.004737 0.026508
0.961996 0.000035 0.026496 0.009210 0.002263
0.009806 0.610059 0.137421 0.242146 0.000567
0.002535 0.966979 0.024496 0.005555 0.000433
0.410438 0.007732 0.170893 0.375958 0.034980
0.032579 0.122747 0.739869 0.096743 0.008061
0.000000 0.354777 0.510911 0.013496 0.120816
0.963787 0.000654 0.015055 0.019298 0.001206
0.086968 0.177059 0.387373 0.343598 0.005001
0.942567 0.003882 0.017533 0.033202 0.002816
0.002306 0.114262 0.879454 0.003129 0.000849
0.213538 0.000863 0.374574 0.410997 0.000029
0.005900 0.093605 0.016875 0.511590 0.372030
0.000325 0.296738 0.664488 0.036584 0.001866
0.003191 0.057305 0.057335 0.876754 0.005416
0.971717 0.000016 0.023506 0.004274 0.000486
0.003639 0.015363 0.056179 0.917116 0.007703
0.017532 0.004696 0.426398 0.476913 0.074462
0.044661 0.074295 0.785072 0.095957 0.000015
0.000000 0.077209 0.873006 0.013153 0.036633
0.003852 0.002999 0.217945 0.659226 0.115978
0.000000 0.052863 0.947137 0.000000 0.000000
0.011057 0.691066 0.131907 0.165535 0.000434
0.932797 0.007235 0.018362 0.037912 0.003693
0.000151 0.471933 0.142016 0.385578 0.000322
0.000022 0.064280 0.076812 0.858418 0.000469
0.002627 0.006054 0.970175 0.021144 0.000000
0.032102 0.780877 0.127302 0.057175 0.002543
0.001002 0.206065 0.785388 0.005734 0.001811
0.817341 0.114948 0.030780 0.025570 0.011362
0.022844 0.001203 0.510133 0.421068 0.044754
0.017597 0.001984 0.429223 0.485832 0.065364
0.086076 0.005651 0.500148 0.388260 0.019865
0.012033 0.754051 0.127636 0.105950 0.000331
0.000165 0.514417 0.148828 0.336284 0.000306
0.027378 0.101020 0.112767 0.266422 0.492413
0.002544 0.972792 0.021667 0.002715 0.000282
0.000000 0.946619 0.019109 0.031652 0.002621
0.002359 0.851014 0.080934 0.062235 0.003458
0.232961 0.037702 0.131179 0.524571 0.073588
0.017301 0.001779 0.123515 0.857241 0.000164
0.971640 0.000017 0.023529 0.004313 0.000500
0.000047 0.141881 0.089696 0.767936 0.000440
0.000000 0.045102 0.127364 0.796950 0.030584
0.000000 0.328591 0.546710 0.012974 0.111725
0.007511 0.786628 0.080818 0.113810 0.011232
0.565954 0.003231 0.203043 0.219021 0.008751
0.000000 0.272645 0.702196 0.025097 0.000063
0.002480 0.000000 0.863012 0.042535 0.091974
0.000000 0.186595 0.184230 0.602500 0.026675
0.001650 0.953549 0.031140 0.013648 0.000012
0.000376 0.006588 0.072949 0.917863 0.002225
0.971767 0.000016 0.023491 0.004249 0.000477
0.000191 0.594806 0.161714 0.243012 0.000277
0.016338 0.058013 0.055522 0.705193 0.164935
0.970579 0.007603 0.012930 0.007617 0.001270
0.000000 0.098105 0.082214 0.300643 0.519038
0.031973 0.777652 0.127557 0.060218 0.002600
0.023659 0.013998 0.127078 0.833380 0.001884
0.000403 0.046176 0.083080 0.861502 0.008839
0.018104 0.295130 0.250527 0.435454 0.000785
0.002825 0.003064 0.422022 0.558743 0.013347
0.210256 0.127314 0.226519 0.377615 0.058295
0.889429 0.012660 0.037154 0.051694 0.009064
0.000807 0.229582 0.712779 0.000000 0.056832
0.039664 0.154092 0.425466 0.380301 0.000477
0.000000 0.027301 0.960334 0.005873 0.006491
0.014184 0.052482 0.356179 0.572674 0.004481
0.148097 0.554963 0.143028 0.146237 0.007675
0.000313 0.392413 0.441007 0.037852 0.128415
0.002676 0.488438 0.241280 0.262209 0.005397
0.978462 0.000272 0.013032 0.008007 0.000226
0.940943 0.000057 0.032073 0.026787 0.000141
0.929573 0.006034 0.019021 0.041557 0.003815
0.000416 0.045346 0.356246 0.597885 0.000106
0.000553 0.004434 0.143617 0.796733 0.054663
0.082319 0.239964 0.134774 0.527369 0.015573
0.974950 0.000365 0.013516 0.010708 0.000461
0.948447 0.000158 0.030480 0.015767 0.005147
0.009544 0.004065 0.083014 0.892088 0.011289
0.967358 0.000469 0.024005 0.005005 0.003162
0.008387 0.036737 0.082768 0.863982 0.008126
0.000052 0.005766 0.060807 0.169064 0.764310
0.003140 0.034053 0.960828 0.001696 0.000284
0.016613 0.000000 0.214425 0.763392 0.005569
0.000000 0.124721 0.029349 0.261543 0.584388
0.002333 0.000599 0.347693 0.630567 0.018808
0.000292 0.051357 0.267910 0.680220 0.000221
0.722006 0.029895 0.049326 0.161694 0.037078
0.002244 0.069832 0.343260 0.515326 0.069339
0.084640 0.120544 0.471983 0.266769 0.056064
0.010919 0.521339 0.060394 0.405956 0.001392
0.096100 0.003131 0.224284 0.676366 0.000119
0.000000 0.170147 0.280395 0.499961 0.049497
0.942513 0.000146 0.032350 0.018860 0.006130
0.004826 0.716161 0.120494 0.158459 0.000061
0.004668 0.092138 0.236896 0.660138 0.006160
0.002738 0.075392 0.614017 0.174405 0.133449
0.000000 0.027975 0.958923 0.006021 0.007081
0.000621 0.038346 0.940342 0.020239 0.000451
0.903007 0.000176 0.036854 0.059447 0.000516
0.002827 0.938971 0.039225 0.017898 0.001079
0.023544 0.000000 0.270357 0.701899 0.004201
0.024120 0.002313 0.118742 0.831675 0.023151
0.015712 0.006825 0.125690 0.846627 0.005145
0.002680 0.960090 0.028357 0.008300 0.000574
0.000000 0.433374 0.486750 0.006106 0.073770
0.003410 0.287276 0.466629 0.063460 0.179225
0.007118 0.341643 0.146494 0.470435 0.034310
0.020648 0.043180 0.115782 0.818207 0.002182
0.006309 0.089256 0.652434 0.252001 0.000000
0.024362 0.219625 0.307377 0.447896 0.000740
0.014713 0.241705 0.019603 0.406001 0.317977
0.007256 0.308750 0.056840 0.625324 0.001830
0.953907 0.000461 0.028207 0.011950 0.005475
0.001204 0.011972 0.976406 0.000000 0.010418
0.002492 0.014901 0.155784 0.824972 0.001850
0.917143 0.001854 0.021485 0.055201 0.004317
0.971011 0.000018 0.023723 0.004633 0.000615
0.000000 0.015276 0.439129 0.210092 0.335502
0.076099 0.538003 0.324136 0.029417 0.032344
0.000102 0.305976 0.117670 0.575874 0.000379
0.002525 0.960372 0.027712 0.008785 0.000606
0.969677 0.000574 0.014231 0.014700 0.000818
0.948414 0.000043 0.031130 0.020343 0.000070
0.004741 0.088024 0.240734 0.663926 0.002576
0.000463 0.371246 0.216399 0.087981 0.323911
0.056404 0.011341 0.235756 0.695552 0.000948
0.971586 0.000017 0.023546 0.004341 0.000510
0.933961 0.004567 0.034346 0.025152 0.001973
0.002097 0.001370 0.043582 0.952835 0.000115
0.001022 0.173149 0.817924 0.006037 0.001869
0.000112 0.012936 0.073344 0.159282 0.754326
0.000000 0.362430 0.585432 0.009928 0.042210
0.950849 0.006393 0.015937 0.024360 0.002462
0.006442 0.024455 0.069527 0.897134 0.002443
0.869777 0.014545 0.038600 0.064712 0.012366
0.969709 0.000471 0.023271 0.003791 0.002758
0.024981 0.211702 0.673467 0.087675 0.002174
0.014058 0.001439 0.101344 0.883071 0.000088
0.001024 0.001039 0.071335 0.890646 0.035956
0.146831 0.060129 0.555283 0.220632 0.017125
0.038898 0.155853 0.419816 0.384941 0.000492
0.963629 0.000034 0.025991 0.008376 0.001970
0.001412 0.015016 0.216214 0.764694 0.002664
0.000930 0.030302 0.914334 -0.000000 0.054434
0.000631 0.714303 0.139041 0.145004 0.001022
0.002448 0.001768 0.197261 0.681743 0.116779
0.000338 0.043638 0.074734 0.872158 0.009132
0.850187 0.019207 0.039700 0.075534 0.015372
0.098437 0.004886 0.550820 0.334678 0.011178
0.003752 0.002429 0.051582 0.942120 0.000118
0.002546 0.973714 0.021218 0.002265 0.000258
0.006145 0.260770 0.173273 0.558711 0.001101
0.000000 0.139206 0.592609 0.032105 0.236080
0.012959 0.000866 0.240529 0.727205 0.018441
0.070499 0.010235 0.282537 0.636183 0.000546
0.955443 0.007455 0.015106 0.019754 0.002241
0.004108 0.000000 0.970826 0.014020 0.011046
0.000845 0.017459 0.141926 0.833973 0.005797
0.010506 0.001122 0.084190 0.904087 0.000095
0.002539 0.969700 0.023172 0.004226 0.000362
0.822055 0.115658 0.030291 0.021547 0.010450
0.002387 0.003306 0.368433 0.604589 0.021285
0.000000 0.076464 0.878456 0.012165 0.032915
0.925784 0.005515 0.034927 0.030443 0.003331
0.000000 0.129166 0.580260 0.034709 0.255865
0.032776 0.180437 0.372864 0.413322 0.000599
0.017339 0.010361 0.218277 0.685714 0.068309
0.000016 0.030934 0.110248 0.020212 0.838590
0.004097 0.003211 0.221549 0.655314 0.115830
0.007198 0.004691 0.341255 0.646341 0.000515
0.000301 0.050966 0.274255 0.674266 0.000213
0.100488 0.050298 0.138328 0.605781 0.105106
0.976977 0.000310 0.013237 0.009150 0.000326
0.001715 0.007039 0.490564 0.203784 0.296898
0.000000 0.076337 0.027133 0.281897 0.614634
0.326416 0.006825 0.153929 0.464845 0.047984
0.000187 0.582595 0.159757 0.257180 0.000282
0.002545 0.973677 0.021236 0.002283 0.000259
0.018197 0.128542 0.109265 0.739661 0.004335
0.000977 0.835405 0.110938 0.006067 0.046612
0.000004 0.005518 0.065988 0.026650 0.901840
0.011233 0.173647 0.047567 0.521642 0.245910
0.009083 0.000986 0.080707 0.899725 0.009498
0.163381 0.042751 0.705283 0.074157 0.014427
0.000623 0.038111 0.940834 0.019994 0.000438
0.010128 0.041591 0.395065 0.549759 0.003457
0.951348 0.000057 0.029770 0.014615 0.004211
0.000033 0.063968 0.171381 0.011914 0.752705
0.000138 0.059463 0.158601 0.781436 0.000362
0.975358 0.000352 0.013460 0.010396 0.000434
0.000441 0.031032 0.088605 0.871628 0.008293
0.024353 0.013235 0.902602 0.059811 0.000000
0.006566 0.388969 0.153686 0.449853 0.000926
0.007260 0.028641 0.072052 0.889596 0.002450
0.031851 0.140713 0.214211 0.603107 0.010119
0.023002 0.016595 0.885344 0.075059 0.000000
0.000648 0.006670 0.214517 0.180803 0.597362
0.936343 0.000208 0.034153 0.021826 0.007470
0.008344 0.062799 0.237207 0.681990 0.009660
0.019005 0.024181 0.222404 0.663004 0.071406
0.066793 0.001258 0.255491 0.669359 0.007100
0.000381 0.047104 0.330896 0.621480 0.000139
0.921679 0.000168 0.034497 0.043311 0.000346
0.000000 0.334715 0.521514 0.014905 0.128865
0.000521 0.069651 0.895454 0.033183 0.001191
0.001373 0.755486 0.067241 0.175822 0.000078
0.000000 0.154475 0.788018 0.013781 0.043726
0.000000 0.390095 0.567665 0.007470 0.034771
0.014703 0.341887 0.162392 0.470743 0.010275
0.973135 0.000413 0.013766 0.012105 0.000582
0.013808 0.034172 0.498588 0.451817 0.001615
0.005584 0.237535 0.424842 0.326790 0.005248
0.033086 0.069094 0.166955 0.727596 0.003269
0.002544 0.972683 0.021720 0.002769 0.000284
0.038199 0.000000 0.389961 0.562988 0.008851
0.959000 0.002471 0.015432 0.021449 0.001648
0.029962 0.005451 0.207472 0.754486 0.002628
0.773186 0.066837 0.040437 0.095370 0.024170
0.000183 0.570950 0.157890 0.270691 0.000286
0.000337 0.480161 0.508251 0.010344 0.000907
0.003036 0.012435 0.052808 0.924085 0.007637
0.012472 0.782387 0.125720 0.079137 0.000284
0.926856 0.005430 0.034846 0.029719 0.003149
0.095643 0.005060 0.539363 0.346792 0.013142
0.077132 0.177176 0.154975 0.532679 0.058037
0.008342 0.004820 0.073773 0.912945 0.000120
0.978467 0.000272 0.013031 0.008003 0.000226
0.043684 0.078808 0.775612 0.101877 0.000018
0.000412 0.045582 0.352765 0.601131 0.000111
0.000000 0.027471 0.959979 0.005910 0.006640
0.000000 0.173421 0.688746 0.017420 0.120412
0.000946 0.011528 0.190930 0.744065 0.052532
0.002770 0.077703 0.916765 0.002245 0.000516
0.005032 0.302461 0.158195 0.533240 0.001072
0.000917 0.781166 0.123257 0.015640 0.079020
0.566137 0.003228 0.203081 0.218833 0.008721
0.019299 0.006545 0.103094 0.842109 0.028953
0.008763 0.162586 0.072884 0.750758 0.005010
0.030089 0.020991 0.132264 0.447517 0.369138
0.000510 0.006171 0.179062 0.178536 0.635722
0.001336 0.006755 0.392533 0.195854 0.403522
0.023587 0.253440 0.296042 0.426216 0.000714
0.055507 0.008776 0.374594 0.519398 0.041725
0.187760 0.000991 0.341595 0.469608 0.000047
0.000000 0.095957 0.244493 0.656380 0.003170
0.000997 0.147920 0.842757 0.006377 0.001949
0.566090 0.003229 0.203071 0.218881 0.008729
0.000290 0.357673 0.458245 0.042351 0.141441
0.000133 0.037700 0.047940 0.904108 0.010119
0.000187 0.252287 0.678322 0.065914 0.003290
0.000486 0.547635 0.131627 0.318726 0.001527
0.005287 0.003128 0.131571 0.826186 0.033827
0.911406 0.000127 0.035798 0.052243 0.000426
0.022333 0.366732 0.047812 0.374826 0.188298
0.973442 0.000402 0.013724 0.011871 0.000561
0.946792 0.002909 0.017094 0.030733 0.002471
0.000006 0.010813 0.073440 0.025275 0.890466
0.000668 0.027485 0.118382 0.846483 0.006983
0.964316 0.000744 0.014964 0.018798 0.001178
0.003343 0.024789 0.970510 0.001236 0.000122
0.038108 0.000810 0.227534 0.730754 0.002794
0.006103 0.085623 0.652436 0.255838 0.000000
0.007457 0.048878 0.315493 0.376923 0.251249
0.002495 0.940800 0.037237 0.018351 0.001116
0.970937 0.000018 0.023746 0.004671 0.000629
0.006084 0.320956 0.217877 0.276797 0.178287
0.000092 0.007144 0.480279 0.034139 0.478346
0.000412 0.045568 0.352974 0.600936 0.000110
0.065899 0.033722 0.506847 0.311181 0.082351
0.007140 0.124841 0.068689 0.794201 0.005129
0.034260 0.005257 0.232132 0.726469 0.001882
0.919131 0.001192 0.034734 0.044283 0.000659
0.011503 0.356089 0.184831 0.434377 0.013200
0.001210 0.015589 0.189668 0.789756 0.003777
0.276620 0.032752 0.140654 0.485038 0.064936
0.000100 0.027158 0.043972 0.918707 0.010063
0.005405 0.095908 0.063665 0.829767 0.005255
0.015255 0.050702 0.377988 0.552524 0.003530
0.005380 0.429530 0.358332 0.206746 0.000013
0.004573 0.273487 0.160087 0.560734 0.001120
0.052721 0.097982 0.227484 0.621142 0.000671
0.000181 0.564935 0.156925 0.277671 0.000288
0.127251 0.001749 0.264169 0.606740 0.000091
0.000125 0.006224 0.079642 0.169977 0.744031
0.030240 0.000858 0.623685 0.327039 0.018178
0.002360 0.851628 0.080635 0.061935 0.003442
0.040531 0.700612 0.047352 0.121837 0.089669
0.000125 0.035987 0.046946 0.906818 0.010125
0.018108 0.296884 0.047537 0.428122 0.209348
0.971733 0.000016 0.023501 0.004266 0.000483
0.001166 0.095851 0.834761 0.022760 0.045462
0.000960 0.819723 0.114497 0.008836 0.055985
0.054393 0.118928 0.534222 0.292269 0.000188
0.001699 0.007027 0.486371 0.203445 0.301459
0.012951 0.002099 0.100265 0.875380 0.009305
0.426304 0.038055 0.322275 0.205375 0.007991
0.000067 0.006685 0.361885 0.031997 0.599367
0.065998 0.035697 0.251273 0.606257 0.040775
0.000382 0.006698 0.073184 0.917511 0.002225
0.019450 0.421265 0.160349 0.390224 0.008711
0.968259 0.000023 0.024569 0.006030 0.001119
0.971764 0.000016 0.023491 0.004250 0.000478
0.977206 0.000305 0.013205 0.008974 0.000310
0.000055 0.158727 0.093902 0.746885 0.000432
0.003143 0.285766 0.627547 0.083529 0.000015
0.037242 0.047258 0.183306 0.729223 0.002972
0.001380 0.015090 0.211947 0.768741 0.002842
0.001339 0.015182 0.206610 0.773803 0.003066
0.303935 0.050113 0.297507 0.343921 0.004524
0.010628 0.000984 0.088523 0.890720 0.009145
0.006252 0.025123 0.068868 0.897304 0.002453
0.033055 0.169864 0.376664 0.419810 0.000607
0.000000 0.036680 0.941019 0.007857 0.014444
0.970363 0.000484 0.014148 0.014238 0.000767
0.000000 0.026765 0.499756 0.467677 0.005802
0.000806 0.277737 0.200804 0.512701 0.007952
0.000000 0.920640 0.020742 0.054960 0.003658
0.000000 0.073684 0.811081 0.016941 0.098295
0.000000 0.817782 0.027289 0.147170 0.007759
0.005079 0.044113 0.626678 0.316717 0.007414
0.000000 0.060888 0.286572 0.649587 0.002952
0.003387 0.002214 0.211345 0.668044 0.115009
0.000000 0.032403 0.935004 0.008861 0.023731
0.933867 0.004578 0.034352 0.025213 0.001989
0.006682 0.029142 0.073218 0.882979 0.007979
0.003118 0.571598 0.097090 0.153446 0.174748
0.022228 0.370686 0.021880 0.314043 0.271162
0.970068 0.000020 0.024013 0.005112 0.000788
0.165912 0.040735 0.710662 0.070603 0.012087
0.070399 0.006781 0.435851 0.456039 0.030930
0.011137 0.008999 0.325529 0.543788 0.110548
0.396362 0.006096 0.168232 0.392670 0.036640
0.044580 0.074667 0.784293 0.096445 0.000015
0.863286 0.003470 0.028872 0.096447 0.007926
0.028182 0.022972 0.577310 0.273910 0.097626
0.017126 0.323965 0.096058 0.558450 0.004401
0.000147 0.058569 0.165021 0.775909 0.000354
0.000008 0.005966 0.086272 0.026911 0.880843
0.971749 0.000016 0.023496 0.004258 0.000481
0.001577 0.550974 0.245107 0.044428 0.157915
0.002545 0.973221 0.021458 0.002506 0.000270
0.003324 0.939342 0.040672 0.015718 0.000943
0.002542 0.971606 0.022244 0.003295 0.000313
0.775935 0.088996 0.037489 0.076179 0.021400
0.935667 0.000450 0.033905 0.021366 0.008611
0.006354 0.022669 0.069315 0.899231 0.002432
0.933988 0.004564 0.034344 0.025135 0.001969
0.024545 0.001017 0.151986 0.822391 0.000061
0.006568 0.024867 0.069928 0.896195 0.002442
0.002511 0.946365 0.034551 0.015605 0.000969
0.000022 0.064260 0.077093 0.858157 0.000468
0.978247 0.000278 0.013062 0.008173 0.000241
0.000000 0.058669 0.836594 0.016105 0.088632
0.001411 0.015018 0.216096 0.764806 0.002669
0.027950 0.666141 0.255798 0.048402 0.001709
0.000327 0.017619 0.394065 0.558605 0.029384
0.005282 0.504362 0.143200 0.336917 0.010239
0.978682 0.000266 0.013002 0.007838 0.000212
0.040726 0.049637 0.079824 0.682099 0.147714
0.161618 0.044182 0.701524 0.076623 0.016054
0.000623 0.037780 0.941218 0.019945 0.000434
0.000280 0.018741 0.114339 0.153992 0.712648
0.000665 0.134179 0.775960 -0.000000 0.089196
0.089281 0.198677 0.503258 0.140130 0.068654
0.046082 0.140356 0.472578 0.340634 0.000349
0.006373 0.067957 0.068559 0.851923 0.005187
0.968634 0.000530 0.014386 0.015567 0.000882
0.019623 0.044074 0.320207 0.616096 0.000000
0.014347 0.007675 0.087176 0.859009 0.031793
0.001873 0.680115 0.151291 0.163601 0.003120
0.000236 0.251428 0.119754 0.626168 0.002415
0.003770 0.851245 0.085452 0.056438 0.003094
0.000000 0.372294 0.579163 0.009038 0.039505
0.000761 0.572338 0.176451 0.051516 0.198934
0.000003 0.005560 0.063046 0.026582 0.904809
0.971766 0.000016 0.023491 0.004250 0.000477
0.004838 0.005427 0.248426 0.740201 0.001108
0.008872 0.236860 0.196466 0.556732 0.001070
0.971322 0.007610 0.012823 0.007021 0.001223
0.000582 0.006285 0.197749 0.179956 0.615428
0.017732 0.006607 0.098073 0.848023 0.029565
0.003850 0.006787 0.209521 0.778468 0.001374
0.000019 0.014883 0.135110 0.025292 0.824695
0.002546 0.973798 0.021177 0.002224 0.000255
0.012768 0.801480 0.124431 0.061068 0.000253
0.000014 0.019201 0.107532 0.023524 0.849728
0.000246 0.074378 0.061701 0.853358 0.010316
0.015301 0.617611 0.341561 0.024426 0.001100
0.011031 0.008912 0.323973 0.545459 0.110625
0.967766 0.000470 0.023878 0.004795 0.003092
0.002015 0.733359 0.144765 0.117380 0.002481
0.005281 0.308729 0.377242 0.304992 0.003755
0.006785 0.004805 0.325017 0.662775 0.000618
0.971212 0.000017 0.023661 0.004531 0.000579
0.069403 0.122028 0.539741 0.265342 0.003486
0.016056 0.405494 0.216880 0.360882 0.000689
0.032797 0.005323 0.223736 0.736009 0.002136
0.000109 0.210046 0.128659 0.660807 0.000379
0.776669 0.108827 0.034999 0.060277 0.019228
0.978341 0.000275 0.013049 0.008100 0.000235
0.566186 0.003227 0.203091 0.218783 0.008713
0.004615 0.281009 0.373988 0.334607 0.005781
0.080299 0.006067 0.476452 0.413239 0.023942
0.036908 0.008963 0.813187 0.140849 0.000093
0.018443 0.000000 0.229174 0.747291 0.005092
0.002545 0.973710 0.021220 0.002267 0.000258
0.000019 0.015293 0.133186 0.025138 0.826364
0.001116 0.030001 0.209645 0.697092 0.062145
0.000328 0.049869 0.293247 0.656369 0.000188
0.165920 0.397638 0.158211 0.245208 0.033023
0.001271 0.004786 0.231498 0.720299 0.042145
0.044036 0.144181 0.457655 0.353738 0.000391
0.016308 0.772449 0.165331 0.043977 0.001934
0.007535 0.316712 0.390677 0.284939 0.000137
0.000121 0.156779 0.140994 0.701735 0.000371
0.030202 0.125730 0.143749 0.697799 0.002520
0.075104 0.530795 0.325698 0.033959 0.034444
0.029478 0.560646 0.130367 0.276008 0.003501
0.032098 0.005354 0.219728 0.740563 0.002257
0.000026 0.051027 0.147383 0.015164 0.786401
0.000114 0.012848 0.073901 0.159463 0.753674
0.000000 0.135478 0.809484 0.013505 0.041532
0.000141 0.440163 0.136967 0.422395 0.000333
0.000004 0.005518 0.066574 0.026662 0.901243
0.000022 0.064312 0.076693 0.858504 0.000469
0.006211 0.013826 0.842666 0.093417 0.043880
0.000071 0.217960 0.101478 0.680078 0.000413
0.017962 0.281082 0.661287 0.039669 0.000000
0.000210 0.061499 0.209343 0.728653 0.000296
0.886619 0.000388 0.038907 0.073362 0.000724
0.008189 0.053494 0.339600 0.594297 0.004421
0.030273 0.000857 0.624190 0.326619 0.018061
0.925684 0.007159 0.019386 0.043622 0.004149
0.927398 0.000088 0.033781 0.038462 0.000272
0.914328 0.000435 0.040576 0.032391 0.012271
0.064684 0.007165 0.412416 0.480779 0.034956
0.000017 0.020957 0.120909 0.023278 0.834839
0.002413 0.000649 0.351951 0.626111 0.018876
0.970176 0.000019 0.023980 0.005057 0.000768
0.004117 0.007028 0.059174 0.922541 0.007140
0.002762 0.063275 0.930984 0.002422 0.000556
0.913269 0.000121 0.035563 0.050639 0.000408
0.041292 0.046603 0.198263 0.711161 0.002681
0.000316 0.050154 0.285286 0.664046 0.000198
0.000000 0.028617 0.957579 0.006161 0.007642
0.000053 0.005953 0.061085 0.168805 0.764103
0.000642 0.033027 0.948617 0.017421 0.000293
0.273573 0.008107 0.489882 0.226146 0.002292
0.016815 0.074054 0.129980 0.770312 0.008840
0.000016 0.005881 0.123608 0.027653 0.842842
0.012186 0.763954 0.126964 0.096581 0.000314
0.038478 0.000918 0.219270 0.741305 0.000029
0.001213 0.667152 0.082858 0.248669 0.000108
0.001016 0.200278 0.791137 0.005758 0.001811
0.000665 0.020497 0.155516 0.759664 0.063657
0.024457 0.695116 0.230091 0.048485 0.001852
0.000022 0.012400 0.147080 0.026234 0.814265
0.000099 0.007276 0.513587 0.034741 0.444297
0.946369 0.000047 0.031388 0.022107 0.000089
0.000193 0.195042 0.118357 0.683829 0.002578
0.824048 0.115957 0.030084 0.019846 0.010065
0.006588 0.531473 0.333856 0.128074 0.000009
0.971718 0.000016 0.023506 0.004274 0.000486
0.321171 0.007924 0.152729 0.468975 0.049200
0.005199 0.148850 0.696471 0.071531 0.077950
0.001438 0.777398 0.063698 0.157395 0.000070
0.000384 0.006575 0.073272 0.917547 0.002222
0.002289 0.151468 0.163657 0.675275 0.007311
0.000000 0.031566 0.938134 0.008631 0.021668
0.010484 0.513569 0.154220 0.311171 0.010556
0.186657 0.000988 0.340183 0.472124 0.000047
0.012404 0.004206 0.348163 0.544726 0.090501
0.002538 0.968484 0.023764 0.004821 0.000394
0.947593 0.000147 0.030766 0.016244 0.005250
0.008082 0.849234 0.074920 0.060175 0.007590
0.736558 0.000906 0.057818 0.202497 0.002221
0.000000 0.103653 0.842773 0.013611 0.039964
0.005250 0.238805 0.052830 0.701116 0.002000
0.011828 0.740832 0.128530 0.118458 0.000352
0.162273 0.043634 0.702927 0.075714 0.015452
0.017945 0.052637 0.111932 0.813129 0.004357
0.000369 0.024929 0.079260 0.886889 0.008553
0.000063 0.018107 0.039417 0.932350 0.010063
0.000077 0.069281 0.114945 0.815279 0.000418
