0.034883 0.000942 0.201908 0.762230 0.000037
0.001715 0.007039 0.490646 0.203785 0.296815
0.010205 0.001183 0.201461 0.764135 0.023016
0.978682 0.000266 0.013002 0.007838 0.000212
0.978552 0.000270 0.013020 0.007938 0.000221
0.536325 0.003714 0.196964 0.249378 0.013618
0.005017 0.019636 0.289843 0.425097 0.260407
0.002501 0.924505 0.045267 0.026193 0.001533
0.927940 0.005265 0.034774 0.029047 0.002973
0.950271 0.001311 0.016866 0.029423 0.002130
0.001853 0.057605 0.296765 0.575852 0.067925
0.006454 0.617443 0.158751 0.208717 0.008634
0.000864 0.841579 0.148608 0.008944 0.000005
0.013474 0.006207 0.112872 0.861954 0.005492
0.001651 0.954264 0.031015 0.013059 0.000012
0.890248 0.001152 0.038387 0.069306 0.000908
0.967632 0.000024 0.024762 0.006349 0.001233
0.038111 0.000810 0.227551 0.730735 0.002794
0.000003 0.005935 0.063732 0.026488 0.903842
0.008221 0.001623 0.285795 0.607918 0.096444
0.009366 0.004664 0.071365 0.883978 0.030627
0.000000 0.431692 0.561856 0.006426 0.000027
0.964556 0.000707 0.014936 0.018641 0.001160
0.000452 0.010267 0.162355 0.170911 0.656015
0.020302 0.001232 0.131493 0.846900 0.000073
0.933348 0.004638 0.034389 0.025549 0.002075
0.069121 0.010614 0.101173 0.728991 0.090101
0.000432 0.131553 0.084397 0.773046 0.010571
0.007494 0.320912 0.236005 0.266339 0.169251
0.000652 0.010906 0.083615 0.902594 0.002232
0.024433 0.464016 0.116361 0.391322 0.003868
0.006360 0.002745 0.064178 0.926604 0.000113
0.000063 0.018088 0.039395 0.932391 0.010063
0.000109 0.162384 0.132068 0.705056 0.000381
0.000003 0.005510 0.062950 0.026595 0.904943
0.000493 0.556303 0.132022 0.309681 0.001500
0.049829 0.345390 0.366426 0.150225 0.088130
0.000000 0.332507 0.604875 0.012540 0.050077
0.015736 0.001209 0.114358 0.860573 0.008124
0.971761 0.000016 0.023492 0.004252 0.000478
0.000847 0.090981 0.238006 0.626456 0.043711
0.382258 0.050793 0.301910 0.250504 0.014536
0.925011 0.005631 0.034979 0.030923 0.003457
0.000000 0.005885 0.590245 0.183589 0.220282
0.020044 0.004633 0.105573 0.842913 0.026836
0.002391 0.562797 0.199741 0.231263 0.003807
0.000058 0.006470 0.061999 0.168103 0.763371
0.013831 0.008412 0.104679 0.860086 0.012991
0.947835 0.000044 0.031203 0.020842 0.000075
0.000000 0.389772 0.567883 0.007496 0.034849
0.002819 0.003067 0.421321 0.559342 0.013452
0.018018 0.125721 0.108739 0.743174 0.004348
0.000003 0.005663 0.063229 0.026556 0.904549
0.003494 0.337007 0.123693 0.498473 0.037333
0.026785 0.014654 0.137407 0.819353 0.001802
0.003388 0.001693 0.052355 0.912713 0.029851
0.000003 0.005502 0.063003 0.026598 0.904894
0.100564 0.235184 0.155851 0.456957 0.051444
0.036055 0.134899 0.416209 0.405796 0.007041
0.046752 0.016691 0.337265 0.549155 0.050138
0.109638 0.110420 0.579626 0.139858 0.060458
0.000629 0.712053 0.138956 0.147333 0.001029
0.000000 0.096283 0.821541 0.019769 0.062407
0.165913 0.040733 0.710666 0.070601 0.012087
0.000005 0.006644 0.070331 0.026411 0.896609
0.580470 0.000712 0.077542 0.337706 0.003570
0.028644 0.082740 0.149935 0.735095 0.003587
0.032346 0.005343 0.221152 0.738945 0.002214
0.068710 0.007465 0.428809 0.462720 0.032296
0.221229 0.144205 0.220259 0.378097 0.036210
0.000000 0.079853 0.042301 0.288162 0.589685
0.008901 0.151537 0.562182 0.275251 0.002130
0.000004 0.008029 0.067633 0.025962 0.898372
0.153042 0.144027 0.278375 0.278748 0.145808
0.971405 0.007611 0.012812 0.006954 0.001217
0.041282 0.090440 0.752068 0.116183 0.000027
0.000022 0.065373 0.076855 0.857281 0.000468
0.971746 0.000016 0.023497 0.004259 0.000481
0.006549 0.004932 0.315753 0.672088 0.000678
0.676720 0.000646 0.065392 0.254557 0.002686
0.978675 0.000266 0.013003 0.007843 0.000212
0.957488 0.000858 0.015916 0.024109 0.001629
0.133715 0.014539 0.272122 0.579471 0.000153
0.000000 0.145469 0.575301 0.033171 0.246059
0.022919 0.016883 0.884236 0.075962 0.000000
0.008422 0.156094 0.071930 0.758520 0.005035
0.024532 0.409131 0.022599 0.286637 0.257102
0.978681 0.000266 0.013002 0.007839 0.000212
0.956956 0.007473 0.014889 0.018538 0.002144
0.019213 0.070353 0.115765 0.790404 0.004265
0.002538 0.968455 0.023779 0.004834 0.000395
0.005960 0.002268 0.060567 0.901701 0.029503
0.013056 0.017747 0.199326 0.696369 0.073502
0.857521 0.006014 0.029266 0.098715 0.008484
0.009888 0.135150 0.606497 0.247036 0.001429
0.204600 0.128624 0.221434 0.381708 0.063633
0.001284 0.011201 0.232336 0.708874 0.046305
0.945983 0.000422 0.030749 0.016156 0.006691
0.954179 0.000066 0.028870 0.013128 0.003758
0.008419 0.519322 0.143696 0.327847 0.000716
0.000000 0.336813 0.516585 0.015169 0.131433
0.011357 0.026216 0.410872 0.548391 0.003165
0.000000 0.003346 0.789577 0.131275 0.075802
0.000000 0.410803 0.554360 0.005630 0.029207
0.978677 0.000266 0.013003 0.007842 0.000212
0.003970 0.000000 0.961691 0.016442 0.017898
0.004206 0.400463 0.128958 0.454662 0.011711
0.000117 0.170819 0.137154 0.691536 0.000374
0.012180 0.004478 0.344552 0.546627 0.092162
0.822972 0.115792 0.030199 0.020765 0.010272
0.013163 0.001754 0.101339 0.874700 0.009044
0.000017 0.032196 0.112780 0.019899 0.835108
0.000000 0.287441 0.687194 0.025326 0.000039
0.000113 0.031304 0.045554 0.912945 0.010084
0.003451 0.008925 0.055296 0.924964 0.007363
0.048224 0.172224 0.120186 0.640888 0.018479
0.105322 0.152299 0.132137 0.453158 0.157083
0.001575 0.077764 0.860035 0.060627 0.000000
0.909340 0.007437 0.036095 0.041069 0.006059
0.002546 0.973861 0.021148 0.002191 0.000254
0.971021 0.000018 0.023720 0.004628 0.000613
0.965714 0.000468 0.024520 0.005853 0.003444
0.000061 0.187834 0.096598 0.715083 0.000424
0.000124 0.035751 0.046854 0.907148 0.010124
0.007990 0.168124 0.520952 0.300173 0.002762
0.000029 0.006587 0.182475 0.028580 0.782329
0.006685 0.112340 0.067603 0.808209 0.005162
0.000111 0.202603 0.130450 0.666459 0.000377
0.016011 0.001663 0.405129 0.507425 0.069772
0.020214 0.001236 0.469810 0.454827 0.053914
0.046275 0.001420 0.189757 0.748066 0.014483
0.000000 0.028411 0.466317 0.497244 0.008028
0.967109 0.000026 0.024922 0.006613 0.001330
0.017231 0.075918 0.132322 0.765653 0.008876
0.000418 0.045281 0.357184 0.597013 0.000105
0.005445 0.062410 0.065397 0.861493 0.005254
0.002060 0.084662 0.450558 0.462116 0.000604
0.006340 0.117481 0.137105 0.739074 0.000000
0.000912 0.148808 0.246592 0.601863 0.001826
0.026408 0.001000 0.160983 0.811551 0.000057
0.000470 0.055381 0.147888 0.101400 0.694861
0.944782 0.003754 0.017239 0.031561 0.002663
0.011838 0.458687 0.437572 0.089139 0.002764
0.001479 0.009524 0.256489 0.690828 0.041681
0.065264 0.226539 0.125270 0.566155 0.016772
0.050209 0.046986 0.171005 0.295026 0.436773
0.001963 0.418826 0.577975 0.000781 0.000455
0.000869 0.780543 0.187744 0.030835 0.000010
0.007083 0.008641 0.893107 0.069083 0.022085
0.005847 0.225900 0.419628 0.344559 0.004067
0.028001 0.092095 0.552857 0.238258 0.088789
0.881593 0.000417 0.050796 0.049287 0.017908
0.004442 0.041210 0.728894 0.136219 0.089236
0.000162 0.018873 0.083791 0.151189 0.745984
0.977917 0.000286 0.013107 0.008426 0.000263
0.002595 0.010241 0.050346 0.929231 0.007586
0.000000 0.003335 0.791179 0.130838 0.074648
0.000133 0.129079 0.151055 0.719372 0.000362
0.965618 0.000973 0.014741 0.017558 0.001110
0.000030 0.058081 0.160483 0.013392 0.768013
0.057948 0.307126 0.083971 0.420516 0.130439
0.013265 0.003156 0.362060 0.537416 0.084103
0.000035 0.006203 0.211499 0.029248 0.753016
0.971403 0.007611 0.012813 0.006956 0.001217
0.000753 0.006533 0.241987 0.183351 0.567375
0.001506 0.504289 0.176996 0.312064 0.005145
0.933360 0.004637 0.034389 0.025541 0.002073
0.003334 0.001822 0.051615 0.931909 0.011319
0.005653 0.019658 0.067121 0.905139 0.002430
0.000004 0.006851 0.068987 0.026326 0.897831
0.000000 0.078689 0.170251 0.681244 0.069816
0.000000 0.029534 0.955671 0.006359 0.008436
0.060253 0.040814 0.268423 0.629190 0.001320
0.001879 0.001030 0.044259 0.941671 0.011162
0.971678 0.000017 0.023518 0.004294 0.000493
0.025431 0.684444 0.238533 0.049713 0.001879
0.003638 0.245704 0.190384 0.553709 0.006565
0.001573 0.826674 0.055587 0.116112 0.000053
0.041407 0.058825 0.858271 0.041111 0.000387
0.002528 0.958031 0.028873 0.009902 0.000665
0.002517 0.954208 0.030714 0.011795 0.000766
0.915958 0.001945 0.021638 0.056059 0.004400
0.007019 0.025686 0.075255 0.884318 0.007721
0.000393 0.198803 0.761270 0.037819 0.001715
0.016433 0.457350 0.324930 0.201243 0.000045
0.019422 0.000752 0.332154 0.638752 0.008920
0.942302 0.000314 0.032098 0.018409 0.006877
0.059744 0.016104 0.390486 0.492591 0.041075
0.008200 0.033424 0.074950 0.880966 0.002459
0.041627 0.567310 0.349265 0.041023 0.000775
0.000032 0.094763 0.081555 0.823193 0.000458
0.063896 0.449526 0.343334 0.085137 0.058107
0.958271 0.001199 0.015748 0.023179 0.001603
0.002602 0.198912 0.412872 0.385592 0.000021
0.000000 0.030967 0.940385 0.008465 0.020183
0.000275 0.289429 0.499189 0.049652 0.161454
0.941638 0.000291 0.032348 0.018827 0.006896
0.038480 0.000918 0.219282 0.741291 0.000029
0.978680 0.000266 0.013002 0.007840 0.000212
0.017563 0.388916 0.230289 0.362555 0.000676
0.960486 0.000041 0.026955 0.009968 0.002550
0.005909 0.025535 0.068891 0.891763 0.007903
0.001488 0.135199 0.093157 0.754711 0.015445
0.977873 0.000287 0.013113 0.008461 0.000266
0.019941 0.092703 0.097131 0.275782 0.514444
0.000554 0.007124 0.190246 0.178046 0.624030
0.010237 0.039391 0.081434 0.866492 0.002446
0.000000 0.035863 0.872759 0.091323 0.000055
0.001367 0.063985 0.902806 0.015555 0.016286
0.052056 0.154143 0.474148 0.315089 0.004564
0.971705 0.000016 0.023510 0.004280 0.000488
0.000418 0.045280 0.357194 0.597003 0.000105
0.066773 0.001258 0.255429 0.669432 0.007107
0.002669 0.001436 0.046343 0.949437 0.000114
0.002705 0.356915 0.391353 0.061289 0.187737
0.165417 0.001104 0.313008 0.520408 0.000062
0.000029 0.086130 0.080180 0.833200 0.000461
0.002459 0.914901 0.049851 0.030998 0.001791
0.054427 0.118842 0.534481 0.292062 0.000187
0.113063 0.098114 0.082757 0.508414 0.197652
0.001193 0.012509 0.974187 0.000000 0.012111
0.000040 0.120495 0.085887 0.793130 0.000448
0.000000 0.434088 0.486559 0.006036 0.073317
0.965283 0.007552 0.013692 0.011862 0.001610
0.000645 0.032239 0.949846 0.017001 0.000270
0.008018 0.494967 0.145178 0.351081 0.000756
0.000000 0.449676 0.481765 0.004571 0.063989
0.000063 0.018117 0.039401 0.932355 0.010064
0.000000 0.050453 0.871757 0.013368 0.064421
0.002068 0.149813 0.103840 0.729425 0.014854
0.000409 0.039841 0.084135 0.866952 0.008663
0.000000 0.126245 0.581366 0.034962 0.257427
0.039883 0.013391 0.309826 0.583076 0.053824
0.005925 0.000000 0.128153 0.858365 0.007557
0.005214 0.080528 0.172536 0.729345 0.012377
0.000000 0.275545 0.536104 0.020856 0.167495
0.105780 0.016723 0.107881 0.683193 0.086423
0.010668 0.171244 0.079494 0.733721 0.004873
0.044148 0.288195 0.382709 0.182460 0.102488
0.002589 0.006793 0.159971 0.828963 0.001684
0.000000 0.412712 0.493136 0.008045 0.086107
0.000380 0.044678 0.129102 0.115998 0.709843
0.015913 0.765138 0.067291 0.150795 0.000863
0.001493 0.077758 0.074076 0.846673 0.000000
0.006939 0.003566 0.063642 0.895435 0.030417
0.000400 0.046144 0.344447 0.608888 0.000122
0.000179 0.049164 0.053727 0.886810 0.010119
0.042267 0.562685 0.353641 0.040675 0.000731
0.002860 0.592622 0.091260 0.145804 0.167455
0.000014 0.020406 0.107229 0.023173 0.849178
0.936308 0.006958 0.017910 0.035379 0.003445
0.000259 0.052929 0.244773 0.701788 0.000251
0.000097 0.138094 0.124623 0.736791 0.000395
0.002276 0.139548 0.840600 0.017576 0.000000
0.005425 0.249900 0.052957 0.689740 0.001978
0.001377 0.433967 0.202143 0.355044 0.007470
0.000052 0.005766 0.060771 0.169063 0.764349
0.006113 0.060156 0.067965 0.860559 0.005206
0.000000 0.030909 0.940603 0.008449 0.020039
0.000100 0.027572 0.043985 0.918271 0.010071
0.011856 0.000000 0.094448 0.855423 0.038272
0.434696 0.036379 0.326041 0.196175 0.006708
0.000000 0.030912 0.940594 0.008450 0.020044
0.002546 0.973878 0.021140 0.002183 0.000253
0.002539 0.001490 0.047596 0.937081 0.011295
0.004161 0.710706 0.112848 0.172217 0.000068
0.072755 0.244154 0.336657 0.340863 0.005571
0.011812 0.014027 0.194961 0.705987 0.073213
0.024589 0.214322 0.122520 0.637159 0.001409
0.000005 0.006572 0.069781 0.026421 0.897222
0.043060 0.295758 0.377318 0.181358 0.102507
0.000431 0.576584 0.348981 0.014143 0.059860
0.002545 0.973518 0.021315 0.002359 0.000263
0.014331 0.097938 0.736731 0.150999 0.000000
0.002928 0.007822 0.052326 0.929536 0.007389
0.002630 0.006014 0.970368 0.020988 0.000000
0.000027 0.079143 0.079050 0.841317 0.000463
0.000119 0.161428 0.138896 0.699184 0.000373
0.971767 0.000016 0.023491 0.004249 0.000477
0.033755 0.005280 0.229234 0.729762 0.001970
0.000005 0.009342 0.071122 0.025653 0.893878
0.090134 0.207447 0.155752 0.492196 0.054471
0.002495 0.000000 0.857415 0.041352 0.098738
0.001216 0.018590 0.105411 0.872555 0.002228
0.000000 0.181263 0.701971 0.025991 0.090775
0.002800 0.008297 0.168198 0.819045 0.001658
0.566161 0.003228 0.203087 0.218807 0.008718
0.003658 0.008892 0.201878 0.784115 0.001458
0.975746 0.000342 0.013407 0.010098 0.000408
0.000415 0.045425 0.355053 0.599000 0.000108
0.000188 0.586393 0.160385 0.252753 0.000280
0.000016 0.013803 0.121360 0.025338 0.839482
0.005119 0.228069 0.052841 0.711950 0.002021
0.069968 0.000000 0.916372 0.000000 0.013660
0.000260 0.365256 0.593734 0.038629 0.002122
0.796119 0.053928 0.040061 0.088474 0.021418
0.000572 0.008119 0.080600 0.908506 0.002203
0.000087 0.008780 0.068639 0.165172 0.757322
0.034267 0.005257 0.232174 0.726422 0.001881
0.000000 0.158744 0.702723 0.017783 0.120751
0.000196 0.148962 0.123690 0.724485 0.002667
0.036451 0.165841 0.401016 0.396158 0.000535
0.000662 0.020354 0.155134 0.760233 0.063617
0.000103 0.011734 0.071416 0.160939 0.755809
0.002545 0.973467 0.021340 0.002384 0.000264
0.004026 0.000000 0.965420 0.015453 0.015100
0.000259 0.053067 0.244512 0.701912 0.000251
0.000214 0.006406 0.101909 0.829439 0.062031
0.963977 0.000032 0.025886 0.008203 0.001902
0.005073 0.021565 0.064219 0.901326 0.007816
0.002543 0.972081 0.022014 0.003062 0.000300
0.000000 0.041612 0.206757 0.726331 0.025300
0.000000 0.042174 0.583634 0.361244 0.012948
0.051228 0.214033 0.209512 0.522649 0.002578
0.009834 0.043147 0.090877 0.847895 0.008248
0.961290 0.000039 0.026708 0.009562 0.002401
0.933990 0.004564 0.034344 0.025133 0.001969
0.008152 0.059688 0.337856 0.589868 0.004435
0.933879 0.004577 0.034352 0.025205 0.001987
0.003869 0.005980 0.210336 0.778459 0.001355
0.052122 0.041104 0.163200 0.403393 0.340181
0.003835 0.002212 0.054145 0.928363 0.011445
0.002546 0.973880 0.021139 0.002182 0.000253
0.978661 0.000267 0.013005 0.007854 0.000213
0.030614 0.005420 0.211213 0.750238 0.002515
0.000000 0.081100 0.055794 0.294568 0.568537
0.000048 0.140037 0.090269 0.769207 0.000440
0.211335 0.508887 0.160113 0.099365 0.020299
0.504788 0.082836 0.180940 0.185182 0.046255
0.006871 0.130332 0.063394 0.797292 0.002110
0.023258 0.154302 0.407466 0.270961 0.144013
0.001636 0.006811 0.044945 0.939056 0.007552
0.824105 0.115962 0.030081 0.019798 0.010053
0.001182 0.021634 0.103963 0.870931 0.002289
0.004077 0.921602 0.051864 0.021250 0.001208
0.020256 0.414223 0.383819 0.181676 0.000026
0.002015 0.037314 0.914973 0.045698 0.000000
0.002541 0.970821 0.022628 0.003677 0.000333
0.041906 0.179800 0.428565 0.228913 0.120816
0.044972 0.011923 0.197829 0.744004 0.001273
0.012120 0.053258 0.103684 0.822497 0.008441
0.000000 0.112032 0.374090 0.511610 0.002268
0.061347 0.040518 0.272468 0.624425 0.001241
0.171055 0.104994 0.206287 0.505782 0.011882
0.002654 0.005695 0.971777 0.019873 0.000000
0.002545 0.973646 0.021253 0.002297 0.000259
0.000038 0.113846 0.085125 0.800541 0.000450
0.000190 0.593323 0.161496 0.244713 0.000278
0.003310 0.005919 0.188324 0.800955 0.001492
0.006367 0.895540 0.072192 0.024605 0.001296
0.000000 0.100892 0.150711 0.719416 0.028981
0.087189 0.156189 0.391858 0.359504 0.005260
0.002653 0.005708 0.971719 0.019919 0.000000
0.003498 0.070191 0.138560 0.773787 0.013963
0.020235 0.178088 0.674988 0.123475 0.003215
0.002518 0.951352 0.032122 0.013169 0.000839
0.011426 0.003317 0.088650 0.896502 0.000105
0.002595 0.957262 0.029470 0.010006 0.000668
0.001104 0.006674 0.332508 0.190855 0.468860
0.009105 0.876703 0.090437 0.022671 0.001085
0.000006 0.010555 0.072940 0.025340 0.891160
0.014656 0.000840 0.264592 0.703963 0.015949
0.003414 0.280715 0.468959 0.064475 0.182437
0.030666 0.744945 0.130151 0.091062 0.003177
0.978471 0.000272 0.013031 0.008001 0.000226
0.480202 0.064172 0.065752 0.313300 0.076574
0.005441 0.000000 0.124225 0.862785 0.007550
0.006838 0.057195 0.301486 0.629385 0.005096
0.002231 0.815191 0.134691 0.046389 0.001498
0.933979 0.004565 0.034345 0.025141 0.001971
0.000218 0.065527 0.058320 0.865664 0.010271
0.001987 0.415376 0.481639 0.100975 0.000023
0.000000 0.000000 0.208295 0.671712 0.119993
0.020499 0.411479 0.387571 0.180426 0.000025
0.002546 0.973850 0.021153 0.002197 0.000254
0.000000 0.564563 0.210203 0.195319 0.029914
0.000052 0.005788 0.060804 0.169032 0.764324
0.001212 0.000000 0.774537 0.064110 0.160141
0.978626 0.000268 0.013010 0.007881 0.000216
0.948310 0.000043 0.031143 0.020433 0.000071
0.000000 0.081465 0.056475 0.294757 0.567303
0.000370 0.218134 0.740333 0.039328 0.001836
0.000005 0.005539 0.072394 0.026768 0.895295
0.003306 0.339293 0.442514 0.056373 0.158514
0.002537 0.967856 0.024071 0.005126 0.000410
0.001221 0.019327 0.105581 0.871632 0.002240
0.578985 0.000710 0.077729 0.338993 0.003583
0.971767 0.000016 0.023491 0.004249 0.000477
0.029631 0.000878 0.614346 0.334806 0.020339
0.002546 0.973864 0.021146 0.002190 0.000254
0.001735 0.111753 0.152801 0.726093 0.007618
0.035403 0.001665 0.154916 0.789467 0.018550
0.002430 0.826050 0.066974 0.104499 0.000046
0.002588 0.070009 0.923875 0.002830 0.000697
0.026008 0.237920 0.474696 0.220737 0.040639
0.000830 0.805911 0.169470 0.023780 0.000008
0.002643 0.008447 0.050670 0.930766 0.007474
0.002108 0.083407 0.458882 0.455053 0.000550
0.008266 0.001856 0.067975 0.893612 0.028291
0.037063 0.000927 0.212440 0.749537 0.000032
0.971765 0.000016 0.023491 0.004250 0.000478
0.000705 0.123121 0.792646 0.000000 0.083527
0.000000 0.420856 0.547896 0.004738 0.026509
0.961993 0.000035 0.026496 0.009212 0.002264
0.009807 0.610030 0.137434 0.242162 0.000567
0.002536 0.966972 0.024501 0.005557 0.000433
0.410462 0.007735 0.170896 0.375929 0.034978
0.032580 0.122734 0.739884 0.096741 0.008061
0.000000 0.354787 0.510931 0.013493 0.120789
0.963781 0.000654 0.015055 0.019304 0.001206
0.086967 0.177095 0.387364 0.343573 0.005001
0.942548 0.003883 0.017535 0.033216 0.002817
0.002306 0.114309 0.879408 0.003128 0.000849
0.213540 0.000863 0.374579 0.410989 0.000029
0.005903 0.093570 0.016875 0.511617 0.372036
0.000325 0.296742 0.664471 0.036596 0.001866
0.003192 0.057290 0.057336 0.876766 0.005416
0.971717 0.000016 0.023506 0.004274 0.000486
0.003642 0.015372 0.056192 0.917091 0.007703
0.017528 0.004694 0.426349 0.476960 0.074468
0.044661 0.074290 0.785081 0.095953 0.000015
0.000000 0.077237 0.872981 0.013152 0.036630
0.003856 0.003001 0.217982 0.659189 0.115973
0.000000 0.052864 0.947136 -0.000000 0.000000
0.011057 0.691005 0.131923 0.165580 0.000434
0.932811 0.007234 0.018361 0.037902 0.003692
0.000151 0.471870 0.142022 0.385635 0.000322
0.000022 0.064253 0.076811 0.858445 0.000469
0.002627 0.006053 0.970177 0.021143 -0.000000
0.032102 0.780847 0.127318 0.057189 0.002543
0.001003 0.206159 0.785297 0.005731 0.001810
0.817334 0.114943 0.030783 0.025577 0.011363
0.022844 0.001203 0.510141 0.421059 0.044753
0.017599 0.001985 0.429247 0.485807 0.065362
0.086076 0.005651 0.500145 0.388263 0.019866
0.012033 0.754012 0.127652 0.105974 0.000331
0.000165 0.514355 0.148835 0.336339 0.000306
0.027365 0.100989 0.112742 0.266452 0.492452
0.002544 0.972788 0.021670 0.002716 0.000282
0.000000 0.946610 0.019112 0.031658 0.002621
0.002360 0.850960 0.080961 0.062258 0.003459
0.233009 0.037705 0.131189 0.524517 0.073580
0.017307 0.001778 0.123511 0.857240 0.000164
0.971640 0.000017 0.023530 0.004313 0.000500
0.000047 0.141949 0.089710 0.767854 0.000440
0.000000 0.045084 0.127364 0.796969 0.030583
0.000000 0.328609 0.546659 0.012978 0.111755
0.007511 0.786579 0.080831 0.113844 0.011234
0.565960 0.003231 0.203046 0.219013 0.008751
0.000000 0.272629 0.702202 0.025106 0.000063
0.002479 0.000000 0.862968 0.042547 0.092006
0.000000 0.186590 0.184244 0.602492 0.026673
0.001650 0.953541 0.031145 0.013652 0.000012
0.000376 0.006586 0.072947 0.917867 0.002224
0.971767 0.000016 0.023491 0.004249 0.000477
0.000191 0.594748 0.161725 0.243059 0.000277
0.016335 0.058028 0.055514 0.705186 0.164937
0.970576 0.007603 0.012931 0.007619 0.001270
0.000000 0.098139 0.082215 0.300628 0.519018
0.031973 0.777624 0.127572 0.060230 0.002600
0.023653 0.013998 0.127053 0.833411 0.001884
0.000403 0.046180 0.083070 0.861507 0.008840
0.018099 0.295268 0.250465 0.435383 0.000785
0.002825 0.003063 0.422034 0.558731 0.013347
0.210263 0.127307 0.226526 0.377609 0.058295
0.889432 0.012664 0.037153 0.051688 0.009063
0.000807 0.229551 0.712810 -0.000000 0.056832
0.039662 0.154073 0.425453 0.380334 0.000477
0.000000 0.027299 0.960337 0.005873 0.006491
0.014185 0.052477 0.356189 0.572669 0.004481
0.148094 0.554930 0.143042 0.146258 0.007675
0.000313 0.392403 0.441013 0.037854 0.128418
0.002675 0.488410 0.241264 0.262253 0.005398
0.978462 0.000272 0.013032 0.008007 0.000226
0.940943 0.000057 0.032073 0.026787 0.000141
0.929538 0.006035 0.019026 0.041584 0.003817
0.000416 0.045344 0.356258 0.597875 0.000106
0.000553 0.004433 0.143560 0.796783 0.054671
0.082302 0.239938 0.134763 0.527423 0.015574
0.974951 0.000365 0.013516 0.010708 0.000461
0.948444 0.000158 0.030480 0.015769 0.005148
0.009538 0.004063 0.082988 0.892122 0.011289
0.967353 0.000469 0.024008 0.005007 0.003163
0.008391 0.036749 0.082791 0.863944 0.008126
0.000052 0.005764 0.060807 0.169070 0.764308
0.003140 0.034048 0.960832 0.001696 0.000284
0.016613 0.000000 0.214427 0.763390 0.005570
0.000000 0.124801 0.029352 0.261511 0.584335
0.002333 0.000599 0.347681 0.630579 0.018809
0.000292 0.051349 0.267893 0.680246 0.000221
0.721859 0.029909 0.049335 0.161794 0.037104
0.002243 0.069823 0.343266 0.515336 0.069331
0.084630 0.120525 0.471987 0.266798 0.056059
0.010920 0.521329 0.060400 0.405960 0.001392
0.096097 0.003133 0.224277 0.676375 0.000119
0.000000 0.170168 0.280359 0.499973 0.049501
0.942508 0.000146 0.032351 0.018863 0.006132
0.004824 0.716243 0.120458 0.158413 0.000061
0.004667 0.092190 0.236865 0.660117 0.006161
0.002738 0.075396 0.614036 0.174391 0.133438
0.000000 0.027973 0.958926 0.006020 0.007081
0.000621 0.038342 0.940347 0.020239 0.000451
0.903014 0.000176 0.036853 0.059441 0.000516
0.002827 0.938958 0.039230 0.017906 0.001079
0.023545 0.000000 0.270364 0.701890 0.004201
0.024122 0.002314 0.118747 0.831665 0.023152
0.015713 0.006827 0.125696 0.846618 0.005145
0.002679 0.960082 0.028361 0.008304 0.000574
0.000000 0.433330 0.486789 0.006108 0.073774
0.003410 0.287277 0.466632 0.063459 0.179222
0.007113 0.341665 0.146453 0.470455 0.034312
0.020642 0.043175 0.115762 0.818239 0.002182
0.006313 0.089302 0.652433 0.251953 0.000000
0.024362 0.219672 0.307361 0.447865 0.000740
0.014720 0.241778 0.019606 0.405951 0.317945
0.007254 0.308692 0.056836 0.625388 0.001830
0.953900 0.000461 0.028211 0.011953 0.005475
0.001204 0.011971 0.976407 -0.000000 0.010418
0.002492 0.014901 0.155774 0.824982 0.001850
0.917045 0.001856 0.021498 0.055278 0.004323
0.971011 0.000018 0.023723 0.004633 0.000615
0.000000 0.015278 0.439085 0.210102 0.335535
0.076097 0.537969 0.324167 0.029423 0.032344
0.000102 0.305863 0.117652 0.576004 0.000379
0.002526 0.960369 0.027715 0.008785 0.000606
0.969678 0.000574 0.014230 0.014700 0.000818
0.948415 0.000043 0.031130 0.020342 0.000070
0.004740 0.088010 0.240733 0.663941 0.002576
0.000463 0.371148 0.216431 0.087998 0.323960
0.056405 0.011340 0.235759 0.695547 0.000948
0.971586 0.000017 0.023546 0.004341 0.000510
0.933963 0.004567 0.034346 0.025151 0.001973
0.002098 0.001370 0.043585 0.952831 0.000115
0.001022 0.173218 0.817855 0.006036 0.001869
0.000112 0.012962 0.073398 0.159248 0.754279
0.000000 0.362423 0.585449 0.009926 0.042202
0.950828 0.006395 0.015940 0.024374 0.002463
0.006447 0.024471 0.069538 0.897102 0.002443
0.869782 0.014549 0.038598 0.064706 0.012365
0.969705 0.000471 0.023274 0.003792 0.002758
0.024980 0.211752 0.673422 0.087672 0.002174
0.014058 0.001439 0.101345 0.883070 0.000088
0.001024 0.001039 0.071333 0.890649 0.035955
0.146833 0.060158 0.555266 0.220619 0.017125
0.038895 0.155836 0.419796 0.384981 0.000492
0.963630 0.000034 0.025990 0.008376 0.001970
0.001412 0.015015 0.216223 0.764686 0.002664
0.000930 0.030311 0.914329 -0.000000 0.054430
0.000631 0.714293 0.139056 0.144998 0.001022
0.002449 0.001767 0.197248 0.681758 0.116778
0.000338 0.043663 0.074720 0.872146 0.009133
0.850191 0.019215 0.039698 0.075525 0.015371
0.098439 0.004886 0.550830 0.334668 0.011178
0.003755 0.002431 0.051594 0.942103 0.000118
0.002546 0.973710 0.021221 0.002265 0.000258
0.006144 0.260832 0.173243 0.558681 0.001101
0.000000 0.139256 0.592562 0.032104 0.236078
0.012959 0.000866 0.240532 0.727202 0.018442
0.070502 0.010234 0.282546 0.636172 0.000546
0.955438 0.007454 0.015108 0.019758 0.002241
0.004108 0.000000 0.970828 0.014019 0.011045
0.000845 0.017460 0.141930 0.833967 0.005797
0.010500 0.001121 0.084158 0.904125 0.000095
0.002540 0.969695 0.023176 0.004228 0.000362
0.822052 0.115653 0.030294 0.021551 0.010450
0.002387 0.003305 0.368431 0.604590 0.021286
0.000000 0.076493 0.878432 0.012164 0.032911
0.925784 0.005515 0.034927 0.030443 0.003331
0.000000 0.129143 0.580284 0.034710 0.255863
0.032777 0.180457 0.372864 0.413302 0.000599
0.017327 0.010361 0.218215 0.685779 0.068318
0.000016 0.030929 0.110252 0.020214 0.838589
0.004101 0.003213 0.221602 0.655260 0.115824
0.007198 0.004691 0.341266 0.646330 0.000515
0.000301 0.050958 0.274247 0.674282 0.000213
0.100493 0.050312 0.138331 0.605761 0.105104
0.976977 0.000310 0.013237 0.009150 0.000326
0.001715 0.007038 0.490578 0.203779 0.296889
0.000000 0.076307 0.027133 0.281912 0.614648
0.326306 0.006825 0.153903 0.464964 0.048002
0.000187 0.582544 0.159768 0.257220 0.000282
0.002546 0.973673 0.021240 0.002284 0.000259
0.018194 0.128562 0.109252 0.739657 0.004335
0.000977 0.835385 0.110954 0.006069 0.046614
0.000004 0.005516 0.065978 0.026651 0.901852
0.011234 0.173585 0.047566 0.521689 0.245926
0.009065 0.000986 0.080611 0.899836 0.009502
0.163383 0.042747 0.705289 0.074155 0.014427
0.000623 0.038110 0.940836 0.019994 0.000438
0.010128 0.041585 0.395062 0.549768 0.003457
0.951337 0.000057 0.029773 0.014622 0.004213
0.000033 0.063966 0.171400 0.011915 0.752686
0.000137 0.059453 0.158554 0.781493 0.000362
0.975358 0.000352 0.013460 0.010396 0.000434
0.000441 0.031046 0.088605 0.871614 0.008293
0.024353 0.013234 0.902605 0.059808 0.000000
0.006568 0.389005 0.153686 0.449816 0.000926
0.007267 0.028660 0.072068 0.889555 0.002450
0.031845 0.140683 0.214200 0.603154 0.010117
0.023002 0.016593 0.885347 0.075058 0.000000
0.000648 0.006671 0.214526 0.180801 0.597355
0.936332 0.000208 0.034156 0.021832 0.007472
0.008345 0.062788 0.237212 0.681995 0.009660
0.019008 0.024186 0.222409 0.662991 0.071406
0.066795 0.001258 0.255499 0.669348 0.007100
0.000381 0.047100 0.330905 0.621476 0.000139
0.921683 0.000168 0.034496 0.043307 0.000346
0.000000 0.334656 0.521535 0.014911 0.128898
0.000521 0.069662 0.895445 0.033181 0.001191
0.001373 0.755542 0.067232 0.175774 0.000078
0.000000 0.154504 0.787986 0.013781 0.043729
0.000000 0.390042 0.567711 0.007472 0.034775
0.014714 0.342009 0.162388 0.470617 0.010273
0.973135 0.000413 0.013766 0.012104 0.000582
0.013808 0.034170 0.498600 0.451808 0.001615
0.005584 0.237595 0.424819 0.326755 0.005247
0.033088 0.069108 0.166960 0.727575 0.003269
0.002544 0.972681 0.021722 0.002768 0.000284
0.038192 0.000000 0.389933 0.563025 0.008850
0.958993 0.002471 0.015433 0.021455 0.001648
0.029963 0.005451 0.207476 0.754483 0.002628
0.773124 0.066845 0.040441 0.095409 0.024180
0.000183 0.570902 0.157901 0.270728 0.000286
0.000337 0.480125 0.508286 0.010345 0.000907
0.003038 0.012443 0.052818 0.924064 0.007637
0.012472 0.782362 0.125735 0.079147 0.000284
0.926857 0.005430 0.034846 0.029718 0.003149
0.095644 0.005060 0.539369 0.346786 0.013143
0.077181 0.177234 0.154978 0.532581 0.058027
0.008337 0.004817 0.073746 0.912979 0.000120
0.978467 0.000272 0.013031 0.008003 0.000226
0.043685 0.078800 0.775622 0.101874 0.000018
0.000412 0.045580 0.352771 0.601127 0.000111
0.000000 0.027468 0.959982 0.005910 0.006640
0.000000 0.173415 0.688729 0.017423 0.120432
0.000946 0.011528 0.190909 0.744082 0.052535
0.002770 0.077715 0.916754 0.002245 0.000516
0.005034 0.302468 0.158203 0.533223 0.001072
0.000917 0.781128 0.123276 0.015645 0.079033
0.566144 0.003228 0.203083 0.218824 0.008721
0.019289 0.006544 0.103063 0.842150 0.028955
0.008762 0.162538 0.072881 0.750808 0.005010
0.030076 0.020995 0.132235 0.447530 0.369164
0.000509 0.006169 0.179012 0.178533 0.635777
0.001336 0.006755 0.392537 0.195851 0.403522
0.023586 0.253538 0.296013 0.426149 0.000714
0.055512 0.008779 0.374606 0.519380 0.041723
0.187763 0.000991 0.341599 0.469601 0.000047
0.000000 0.096017 0.244515 0.656298 0.003170
0.000997 0.147972 0.842704 0.006377 0.001950
0.566097 0.003229 0.203074 0.218873 0.008728
0.000290 0.357763 0.458201 0.042339 0.141406
0.000133 0.037719 0.047948 0.904081 0.010119
0.000187 0.252317 0.678303 0.065904 0.003289
0.000486 0.547559 0.131637 0.318792 0.001527
0.005286 0.003128 0.131548 0.826210 0.033828
0.911413 0.000127 0.035796 0.052238 0.000426
0.022335 0.366728 0.047813 0.374829 0.188296
0.973440 0.000402 0.013724 0.011872 0.000561
0.946784 0.002910 0.017095 0.030739 0.002472
0.000006 0.010820 0.073456 0.025274 0.890444
0.000668 0.027491 0.118388 0.846469 0.006983
0.964318 0.000744 0.014964 0.018796 0.001178
0.003343 0.024787 0.970512 0.001236 0.000122
0.038109 0.000810 0.227542 0.730744 0.002794
0.006107 0.085669 0.652433 0.255791 0.000000
0.007460 0.048890 0.315532 0.376888 0.251230
0.002496 0.940777 0.037249 0.018361 0.001117
0.970936 0.000018 0.023746 0.004671 0.000629
0.006086 0.321026 0.217888 0.276744 0.178256
0.000092 0.007143 0.480281 0.034138 0.478346
0.000412 0.045565 0.352986 0.600927 0.000110
0.065941 0.033740 0.506851 0.311129 0.082339
0.007141 0.124844 0.068689 0.794197 0.005129
0.034262 0.005257 0.232141 0.726459 0.001882
0.919114 0.001192 0.034738 0.044296 0.000659
0.011500 0.356117 0.184802 0.434380 0.013200
0.001210 0.015588 0.189673 0.789753 0.003777
0.276504 0.032746 0.140631 0.485167 0.064952
0.000100 0.027176 0.043979 0.918682 0.010063
0.005409 0.095972 0.063675 0.829689 0.005254
0.015256 0.050700 0.378001 0.552514 0.003530
0.005381 0.429557 0.358341 0.206708 0.000013
0.004576 0.273493 0.160095 0.560716 0.001120
0.052722 0.097976 0.227490 0.621141 0.000671
0.000181 0.564910 0.156940 0.277680 0.000288
0.127258 0.001749 0.264175 0.606726 0.000091
0.000125 0.006224 0.079615 0.169977 0.744059
0.030240 0.000858 0.623696 0.327028 0.018177
0.002361 0.851580 0.080660 0.061955 0.003443
0.040530 0.700559 0.047357 0.121874 0.089679
0.000125 0.035999 0.046952 0.906799 0.010125
0.018120 0.297018 0.047539 0.428019 0.209304
0.971733 0.000016 0.023501 0.004266 0.000483
0.001166 0.095847 0.834766 0.022760 0.045461
0.000960 0.819702 0.114512 0.008838 0.055988
0.054394 0.118921 0.534236 0.292261 0.000188
0.001699 0.007026 0.486379 0.203440 0.301456
0.012951 0.002100 0.100265 0.875379 0.009305
0.426309 0.038052 0.322279 0.205370 0.007991
0.000067 0.006684 0.361863 0.031997 0.599390
0.065986 0.035689 0.251260 0.606296 0.040770
0.000382 0.006696 0.073184 0.917513 0.002225
0.019452 0.421292 0.160344 0.390201 0.008711
0.968259 0.000023 0.024569 0.006030 0.001119
0.971765 0.000016 0.023491 0.004250 0.000478
0.977206 0.000305 0.013205 0.008974 0.000310
0.000055 0.158703 0.093896 0.746914 0.000432
0.003143 0.285826 0.627500 0.083516 0.000015
0.037239 0.047250 0.183294 0.729246 0.002972
0.001380 0.015089 0.211954 0.768735 0.002842
0.001339 0.015181 0.206617 0.773797 0.003066
0.303941 0.050108 0.297512 0.343916 0.004524
0.010622 0.000983 0.088486 0.890763 0.009147
0.006260 0.025144 0.068887 0.897257 0.002453
0.033049 0.169847 0.376623 0.419874 0.000607
0.000000 0.036675 0.941024 0.007857 0.014444
0.970363 0.000483 0.014148 0.014239 0.000767
0.000000 0.026763 0.499769 0.467665 0.005802
0.000807 0.277653 0.200824 0.512763 0.007953
0.000000 0.920619 0.020746 0.054976 0.003659
0.000000 0.073705 0.811068 0.016939 0.098287
0.000000 0.817793 0.027290 0.147158 0.007759
0.005079 0.044110 0.626690 0.316708 0.007413
0.000000 0.060894 0.286499 0.649655 0.002952
0.003388 0.002215 0.211349 0.668038 0.115010
0.000000 0.032401 0.935006 0.008861 0.023732
0.933868 0.004578 0.034353 0.025212 0.001989
0.006685 0.029150 0.073235 0.882952 0.007979
0.003118 0.571712 0.097062 0.153404 0.174704
0.022230 0.370682 0.021882 0.314049 0.271157
0.970065 0.000020 0.024014 0.005113 0.000788
0.165913 0.040732 0.710668 0.070600 0.012087
0.070401 0.006781 0.435855 0.456033 0.030930
0.011137 0.008998 0.325535 0.543789 0.110542
0.396372 0.006096 0.168231 0.392662 0.036639
0.044581 0.074661 0.784302 0.096442 0.000015
0.863220 0.003472 0.028879 0.096499 0.007930
0.028178 0.022968 0.577299 0.273940 0.097616
0.017124 0.323901 0.096059 0.558516 0.004401
0.000146 0.058558 0.164965 0.775977 0.000354
0.000008 0.005966 0.086241 0.026911 0.880875
0.971749 0.000016 0.023496 0.004258 0.000480
0.001576 0.551016 0.245062 0.044426 0.157919
0.002545 0.973217 0.021461 0.002506 0.000270
0.003323 0.939334 0.040674 0.015725 0.000944
0.002542 0.971601 0.022248 0.003296 0.000313
0.775870 0.089012 0.037494 0.076215 0.021410
0.935689 0.000450 0.033899 0.021355 0.008607
0.006357 0.022681 0.069321 0.899209 0.002432
0.933989 0.004564 0.034344 0.025134 0.001969
0.024544 0.001017 0.151982 0.822395 0.000062
0.006573 0.024882 0.069939 0.896164 0.002442
0.002511 0.946367 0.034551 0.015602 0.000969
0.000022 0.064233 0.077090 0.858186 0.000468
0.978248 0.000277 0.013062 0.008172 0.000241
0.000000 0.058667 0.836563 0.016109 0.088662
0.001411 0.015017 0.216105 0.764798 0.002669
0.027950 0.666123 0.255807 0.048411 0.001710
0.000327 0.017612 0.394042 0.558635 0.029384
0.005281 0.504277 0.143204 0.336998 0.010239
0.978682 0.000266 0.013002 0.007838 0.000212
0.040696 0.049629 0.079791 0.682147 0.147737
0.161619 0.044177 0.701529 0.076621 0.016054
0.000623 0.037775 0.941223 0.019944 0.000434
0.000280 0.018735 0.114309 0.154000 0.712677
0.000665 0.134171 0.775938 0.000000 0.089226
0.089279 0.198676 0.503251 0.140136 0.068658
0.046083 0.140353 0.472583 0.340632 0.000349
0.006372 0.067978 0.068548 0.851916 0.005187
0.968634 0.000530 0.014386 0.015567 0.000882
0.019624 0.044071 0.320217 0.616088 0.000000
0.014357 0.007679 0.087207 0.858964 0.031793
0.001874 0.680363 0.151273 0.163374 0.003117
0.000236 0.251450 0.119757 0.626143 0.002415
0.003768 0.851280 0.085425 0.056433 0.003094
0.000000 0.372248 0.579205 0.009039 0.039508
0.000761 0.572358 0.176444 0.051513 0.198924
0.000003 0.005558 0.063047 0.026583 0.904809
0.971766 0.000016 0.023491 0.004249 0.000477
0.004838 0.005427 0.248429 0.740199 0.001108
0.008866 0.236872 0.196412 0.556780 0.001070
0.971319 0.007610 0.012825 0.007023 0.001223
0.000582 0.006284 0.197759 0.179957 0.615418
0.017723 0.006605 0.098042 0.848064 0.029566
0.003850 0.006788 0.209529 0.778459 0.001374
0.000019 0.014885 0.135088 0.025291 0.824717
0.002546 0.973794 0.021181 0.002225 0.000255
0.012768 0.801449 0.124446 0.061083 0.000253
0.000014 0.019195 0.107503 0.023526 0.849762
0.000246 0.074440 0.061731 0.853266 0.010316
0.015300 0.617565 0.341601 0.024433 0.001100
0.011031 0.008911 0.323980 0.545459 0.110619
0.967762 0.000469 0.023881 0.004796 0.003092
0.002015 0.733307 0.144784 0.117413 0.002481
0.005281 0.308780 0.377228 0.304955 0.003755
0.006785 0.004805 0.325025 0.662767 0.000618
0.971213 0.000017 0.023661 0.004530 0.000579
0.069396 0.121998 0.539728 0.265392 0.003486
0.016052 0.405468 0.216854 0.360937 0.000689
0.032798 0.005322 0.223743 0.736001 0.002136
0.000109 0.210007 0.128627 0.660878 0.000379
0.776681 0.108820 0.035000 0.060273 0.019226
0.978342 0.000275 0.013049 0.008100 0.000235
0.566193 0.003227 0.203093 0.218774 0.008712
0.004614 0.281117 0.373940 0.334548 0.005781
0.080300 0.006067 0.476456 0.413234 0.023942
0.036908 0.008963 0.813194 0.140843 0.000093
0.018445 0.000000 0.229185 0.747278 0.005092
0.002546 0.973706 0.021224 0.002267 0.000258
0.000019 0.015294 0.133162 0.025137 0.826388
0.001115 0.029994 0.209583 0.697158 0.062149
0.000328 0.049864 0.293252 0.656368 0.000188
0.165934 0.397635 0.158224 0.245188 0.033020
0.001271 0.004788 0.231510 0.720286 0.042145
0.044037 0.144166 0.457665 0.353741 0.000391
0.016305 0.772506 0.165291 0.043964 0.001934
0.007538 0.316840 0.390625 0.284860 0.000137
0.000121 0.156776 0.140976 0.701755 0.000371
0.030197 0.125702 0.143743 0.697838 0.002519
0.075102 0.530761 0.325729 0.033964 0.034444
0.029476 0.560593 0.130375 0.276054 0.003501
0.032097 0.005353 0.219721 0.740572 0.002257
0.000026 0.051019 0.147387 0.015166 0.786401
0.000114 0.012855 0.073916 0.159455 0.753660
0.000000 0.135508 0.809455 0.013505 0.041532
0.000141 0.440122 0.136976 0.422428 0.000333
0.000004 0.005516 0.066556 0.026662 0.901263
0.000022 0.064285 0.076693 0.858531 0.000469
0.006211 0.013829 0.842671 0.093412 0.043878
0.000071 0.217985 0.101490 0.680042 0.000413
0.017960 0.281048 0.661316 0.039676 0.000000
0.000210 0.061502 0.209344 0.728648 0.000296
0.886611 0.000388 0.038907 0.073369 0.000724
0.008189 0.053504 0.339606 0.594280 0.004421
0.030273 0.000857 0.624201 0.326608 0.018061
0.925696 0.007158 0.019385 0.043613 0.004148
0.927401 0.000088 0.033780 0.038460 0.000272
0.914361 0.000435 0.040565 0.032375 0.012265
0.064685 0.007164 0.412416 0.480779 0.034956
0.000017 0.020960 0.120872 0.023276 0.834875
0.002412 0.000649 0.351921 0.626141 0.018876
0.970176 0.000019 0.023980 0.005057 0.000768
0.004114 0.007028 0.059154 0.922563 0.007140
0.002762 0.063292 0.930968 0.002422 0.000556
0.913276 0.000121 0.035561 0.050634 0.000408
0.041293 0.046600 0.198267 0.711160 0.002681
0.000316 0.050151 0.285205 0.664129 0.000198
0.000000 0.028615 0.957583 0.006161 0.007642
0.000053 0.005953 0.061089 0.168808 0.764098
0.000642 0.033024 0.948621 0.017421 0.000293
0.273575 0.008106 0.489886 0.226141 0.002292
0.016813 0.074040 0.129977 0.770332 0.008839
0.000016 0.005879 0.123556 0.027652 0.842896
0.012186 0.763912 0.126980 0.096608 0.000314
0.038479 0.000918 0.219279 0.741295 0.000029
0.001213 0.667164 0.082861 0.248655 0.000108
0.001017 0.200359 0.791058 0.005756 0.001811
0.000666 0.020508 0.155572 0.759598 0.063656
0.024457 0.695117 0.230091 0.048483 0.001852
0.000022 0.012403 0.147058 0.026233 0.814285
0.000099 0.007276 0.513594 0.034740 0.444291
0.946370 0.000047 0.031388 0.022106 0.000089
0.000193 0.195146 0.118359 0.683724 0.002577
0.824043 0.115953 0.030088 0.019851 0.010065
0.006588 0.531429 0.333885 0.128089 0.000009
0.971718 0.000016 0.023506 0.004274 0.000486
0.321182 0.007927 0.152727 0.468965 0.049200
0.005199 0.148855 0.696520 0.071499 0.077926
0.001438 0.777434 0.063692 0.157365 0.000070
0.000384 0.006572 0.073267 0.917554 0.002222
0.002290 0.151515 0.163679 0.675206 0.007310
0.000000 0.031564 0.938137 0.008631 0.021669
0.010480 0.513562 0.154193 0.311207 0.010558
0.186653 0.000988 0.340179 0.472132 0.000047
0.012402 0.004206 0.348126 0.544755 0.090511
0.002538 0.968477 0.023769 0.004823 0.000394
0.947590 0.000147 0.030767 0.016245 0.005251
0.008082 0.849204 0.074931 0.060193 0.007590
0.736628 0.000906 0.057806 0.202440 0.002220
0.000000 0.103690 0.842738 0.013610 0.039962
0.005251 0.238828 0.052831 0.701090 0.002000
0.011828 0.740785 0.128546 0.118489 0.000352
0.162274 0.043629 0.702933 0.075712 0.015452
0.017934 0.052627 0.111889 0.813193 0.004358
0.000369 0.024945 0.079254 0.886879 0.008553
0.000063 0.018100 0.039416 0.932359 0.010063
0.000077 0.069289 0.114916 0.815300 0.000418
