0.000000 0.000001 0.098086 0.901912
0.000000 0.000000 0.000151 0.999849
0.000000 0.013829 0.513596 0.472574
-0.000000 0.000000 0.000000 1.000000
-0.000000 0.000000 0.000622 0.999378
-0.000000 0.000543 0.059999 0.939457
0.000000 0.013375 0.926238 0.060388
0.000000 0.600492 0.398762 0.000746
0.000000 0.000006 0.012596 0.987398
0.000000 0.043575 0.133865 0.822560
0.000000 0.692249 0.307747 0.000003
0.000000 0.999792 0.000208 0.000000
0.000000 0.999673 0.000327 0.000000
-0.000000 0.000195 0.636698 0.363107
-0.000000 0.999668 0.000332 0.000000
-0.000000 0.840865 0.159118 0.000016
0.000000 0.000059 0.023058 0.976883
0.000000 0.000000 0.000075 0.999925
-0.000000 0.006705 0.993295 0.000000
0.000000 0.002061 0.788333 0.209606
-0.000000 0.085725 0.905437 0.008838
-0.000000 0.967805 0.032193 0.000002
0.000000 0.010680 0.066937 0.922383
0.000000 0.058285 0.722666 0.219049
-0.000000 0.007070 0.496058 0.496872
0.000000 0.000000 0.001337 0.998662
-0.000000 0.000024 0.999024 0.000953
-0.000000 0.374470 0.625398 0.000131
0.000000 0.348559 0.610089 0.041352
0.000000 0.036068 0.957486 0.006446
-0.000000 0.800647 0.199346 0.000007
-0.000000 0.059414 0.879396 0.061190
0.000000 0.000067 0.999895 0.000038
-0.000000 0.189969 0.670134 0.139896
-0.000000 0.000134 0.999855 0.000010
-0.000000 0.702821 0.297128 0.000052
-0.000000 0.497577 0.500488 0.001935
0.000000 0.643086 0.355647 0.001267
0.000000 0.011165 0.616544 0.372292
-0.000000 0.000000 0.000034 0.999966
0.000000 0.008713 0.897417 0.093870
0.000000 0.009029 0.131250 0.859721
0.000000 0.000274 0.018635 0.981090
0.000000 0.018962 0.377068 0.603970
-0.000000 0.086936 0.737590 0.175474
-0.000000 0.553718 0.361839 0.084443
-0.000000 0.009758 0.990237 0.000005
0.000000 0.315938 0.683809 0.000253
-0.000000 0.000000 0.001780 0.998219
0.000000 0.831113 0.168815 0.000072
-0.000000 0.000000 0.004147 0.995853
-0.000000 0.142327 0.667046 0.190626
0.000000 0.002507 0.997493 0.000000
0.000000 0.000317 0.997802 0.001881
0.000000 0.006818 0.653151 0.340031
0.000000 0.000001 0.998961 0.001038
0.000000 0.000006 0.999847 0.000148
0.000000 0.301487 0.696280 0.002233
-0.000000 0.005363 0.220209 0.774429
-0.000000 0.073877 0.560657 0.365466
-0.000000 0.058363 0.357534 0.584102
-0.000000 0.962879 0.037121 0.000000
0.000000 0.012767 0.579404 0.407829
0.000000 -0.000000 0.000004 0.999996
-0.000000 0.017359 0.972057 0.010584
0.000000 0.006536 0.993323 0.000141
0.000000 0.064662 0.526695 0.408643
0.000000 0.000004 0.058822 0.941175
0.000000 0.006378 0.328271 0.665350
0.000000 0.148854 0.469842 0.381304
0.000000 0.003143 0.927122 0.069736
0.000000 0.001730 0.139506 0.858764
0.000000 0.039114 0.960856 0.000030
0.000000 0.098965 0.500287 0.400749
0.000000 0.999935 0.000065 0.000000
-0.000000 0.001145 0.086213 0.912642
0.000000 0.002098 0.997858 0.000044
-0.000000 0.000000 0.000114 0.999886
-0.000000 0.000504 0.101134 0.898362
-0.000000 0.095885 0.733745 0.170370
-0.000000 0.000000 0.000033 0.999967
-0.000000 0.006310 0.100766 0.892924
-0.000000 0.560865 0.439132 0.000003
0.000000 0.058043 0.941835 0.000123
0.000000 0.000495 0.071178 0.928327
-0.000000 0.196119 0.802694 0.001186
-0.000000 0.560297 0.439346 0.000357
0.000000 0.000000 0.000009 0.999991
0.000000 0.928621 0.071379 0.000000
-0.000000 0.035754 0.704393 0.259852
0.000000 0.955905 0.044094 0.000001
0.000000 0.016874 0.958617 0.024509
-0.000000 0.065090 0.933042 0.001868
-0.000000 0.366496 0.564616 0.068887
-0.000000 0.000055 0.036156 0.963789
-0.000000 0.000001 0.033486 0.966514
0.000000 0.093399 0.570208 0.336393
0.000000 0.789158 0.134780 0.076062
0.000000 0.035297 0.097677 0.867026
-0.000000 0.498955 0.500478 0.000567
0.000000 0.636514 0.363084 0.000402
-0.000000 0.000000 0.007654 0.992346
-0.000000 0.000000 0.017875 0.982125
-0.000000 0.900310 0.099667 0.000022
-0.000000 0.000000 0.000024 0.999976
0.000000 0.000020 0.041916 0.958064
-0.000000 0.600153 0.399777 0.000069
0.000000 0.206340 0.640598 0.153062
-0.000000 0.136907 0.637181 0.225912
0.000000 0.996925 0.003075 0.000000
-0.000000 0.033621 0.688464 0.277916
-0.000000 0.413081 0.586270 0.000649
0.000000 0.997098 0.002902 0.000000
-0.000000 0.043730 0.951078 0.005192
0.000000 0.016975 0.942386 0.040639
-0.000000 0.144286 0.853138 0.002576
0.000000 0.000983 0.527386 0.471631
0.000000 0.440399 0.445571 0.114030
-0.000000 0.000187 0.051285 0.948528
-0.000000 0.999841 0.000159 0.000000
0.000000 0.000013 0.004158 0.995829
-0.000000 0.977390 0.022602 0.000007
-0.000000 0.232952 0.766625 0.000423
0.000000 0.058378 0.939029 0.002593
-0.000000 0.005892 0.232648 0.761460
0.000000 0.009594 0.754917 0.235489
-0.000000 0.110502 0.879016 0.010482
-0.000000 0.264763 0.623790 0.111447
-0.000000 0.015373 0.508910 0.475717
0.000000 0.002275 0.359608 0.638117
0.000000 0.000588 0.324790 0.674623
0.000000 0.000020 0.090788 0.909192
0.000000 0.001109 0.025962 0.972929
-0.000000 0.516235 0.483711 0.000054
-0.000000 0.000000 0.000040 0.999960
-0.000000 0.013185 0.953166 0.033649
0.000000 0.000006 0.027590 0.972405
0.000000 0.114569 0.654573 0.230858
-0.000000 0.055522 0.564291 0.380187
0.000000 0.000016 0.329128 0.670856
0.000000 0.684537 0.315453 0.000010
0.000000 0.365214 0.148884 0.485903
0.000000 0.534134 0.457902 0.007964
-0.000000 0.073287 0.498766 0.427946
0.000000 0.261270 0.727610 0.011120
-0.000000 0.061958 0.671897 0.266145
0.000000 0.980824 0.019176 0.000000
-0.000000 0.847173 0.138394 0.014433
0.000000 0.000007 0.055124 0.944870
0.000000 0.049152 0.423324 0.527524
-0.000000 0.002282 0.264276 0.733442
-0.000000 0.502201 0.497121 0.000678
-0.000000 0.147915 0.437074 0.415011
0.000000 0.180867 0.819097 0.000037
0.000000 0.000030 0.003643 0.996326
-0.000000 0.026416 0.967904 0.005679
-0.000000 0.000000 0.014922 0.985078
0.000000 0.130257 0.644061 0.225682
-0.000000 0.051627 0.060463 0.887911
0.000000 0.813667 0.186329 0.000004
-0.000000 0.585474 0.414344 0.000183
-0.000000 0.078765 0.602543 0.318693
-0.000000 0.001834 0.703100 0.295067
0.000000 0.999923 0.000077 0.000000
-0.000000 0.003229 0.576212 0.420559
0.000000 0.424647 0.565251 0.010103
-0.000000 0.000000 0.001313 0.998687
0.000000 0.033966 0.959047 0.006986
0.000000 0.022517 0.966535 0.010947
0.000000 0.020668 0.972210 0.007123
0.000000 0.000310 0.999668 0.000022
0.000000 0.000031 0.020216 0.979754
0.000000 0.000001 0.018794 0.981205
-0.000000 0.000000 0.997452 0.002548
0.000000 0.000000 0.000495 0.999505
0.000000 0.001589 0.421149 0.577263
-0.000000 0.412247 0.587382 0.000371
0.000000 0.611048 0.383023 0.005930
-0.000000 0.000000 0.002874 0.997126
-0.000000 0.871572 0.128267 0.000161
-0.000000 0.840153 0.159834 0.000013
-0.000000 0.008609 0.298567 0.692824
0.000000 0.141929 0.823956 0.034115
-0.000000 0.269377 0.326836 0.403787
0.000000 0.000178 0.210244 0.789578
-0.000000 0.000004 0.025251 0.974746
0.000000 0.534087 0.158214 0.307699
-0.000000 0.075726 0.417288 0.506986
-0.000000 0.082783 0.917072 0.000145
-0.000000 0.000002 0.017502 0.982496
0.000000 0.057497 0.942503 0.000000
-0.000000 0.767929 0.232046 0.000025
-0.000000 0.056756 0.095289 0.847955
0.000000 0.000085 0.999722 0.000193
0.000000 0.000000 0.000606 0.999394
-0.000000 0.140163 0.821118 0.038720
-0.000000 0.480106 0.162534 0.357360
0.000000 -0.000000 0.000002 0.999998
0.000000 0.000000 0.000012 0.999988
0.000000 0.312748 0.473143 0.214108
0.000000 0.006251 0.062837 0.930912
-0.000000 0.140449 0.858062 0.001489
-0.000000 0.111676 0.886076 0.002248
-0.000000 0.000001 0.003856 0.996143
-0.000000 0.220670 0.779311 0.000019
0.000000 0.013552 0.689287 0.297161
0.000000 0.109166 0.881631 0.009203
-0.000000 0.011938 0.335373 0.652689
0.000000 0.000000 0.000809 0.999191
0.000000 0.288857 0.513415 0.197728
0.000000 0.000000 0.000343 0.999657
0.000000 -0.000000 0.000003 0.999997
0.000000 0.000000 0.002570 0.997430
-0.000000 0.010185 0.976969 0.012846
-0.000000 0.120412 0.502128 0.377460
-0.000000 0.000713 0.268892 0.730394
0.000000 0.041225 0.958740 0.000035
0.000000 0.520852 0.479079 0.000069
-0.000000 0.000000 0.000905 0.999095
0.000000 0.006929 0.307659 0.685411
0.000000 0.000000 0.011704 0.988296
0.000000 0.106027 0.893246 0.000726
0.000000 0.930442 0.069548 0.000010
-0.000000 0.969705 0.030280 0.000015
-0.000000 0.000000 0.001848 0.998152
-0.000000 0.455602 0.544276 0.000121
0.000000 0.977559 0.022441 0.000000
-0.000000 0.000165 0.999830 0.000005
0.000000 0.004204 0.186142 0.809654
-0.000000 0.139880 0.828685 0.031436
-0.000000 0.073890 0.723403 0.202707
-0.000000 0.000070 0.999333 0.000597
0.000000 0.041939 0.640804 0.317258
0.000000 0.079957 0.913835 0.006208
0.000000 0.023866 0.681524 0.294610
-0.000000 0.451915 0.545598 0.002487
0.000000 0.083244 0.916242 0.000514
-0.000000 0.226624 0.747530 0.025845
0.000000 0.352905 0.631197 0.015898
-0.000000 0.006788 0.677244 0.315968
-0.000000 0.865834 0.134134 0.000032
0.000000 0.536871 0.463096 0.000033
-0.000000 0.999535 0.000465 0.000000
0.000000 0.031590 0.957700 0.010710
0.000000 0.054011 0.943423 0.002566
0.000000 0.000001 0.045441 0.954557
-0.000000 0.102723 0.885952 0.011325
0.000000 0.000000 0.001476 0.998524
-0.000000 0.204113 0.787844 0.008043
-0.000000 0.229624 0.737020 0.033356
0.000000 0.782275 0.174827 0.042898
0.000000 0.000079 0.400691 0.599230
-0.000000 0.143734 0.728891 0.127375
0.000000 0.977871 0.022129 0.000000
-0.000000 0.192169 0.806054 0.001777
-0.000000 0.315571 0.684005 0.000423
-0.000000 0.000047 0.999930 0.000023
-0.000000 0.009170 0.943874 0.046956
0.000000 0.000000 0.000000 1.000000
0.000000 0.031410 0.963897 0.004693
-0.000000 0.004221 0.923188 0.072591
0.000000 0.000000 0.000177 0.999823
0.000000 0.000000 0.000025 0.999975
0.000000 0.999976 0.000024 -0.000000
0.000000 0.019667 0.980236 0.000097
-0.000000 0.348404 0.505217 0.146379
-0.000000 0.133543 0.358158 0.508299
0.000000 0.032528 0.951320 0.016152
0.000000 0.154633 0.481205 0.364163
0.000000 0.016263 0.973985 0.009751
0.000000 0.368602 0.628961 0.002437
-0.000000 0.828344 0.171582 0.000074
0.000000 0.997055 0.002945 0.000000
0.000000 0.238033 0.422934 0.339033
-0.000000 0.008657 0.959034 0.032309
-0.000000 0.000029 0.012912 0.987059
0.000000 0.028052 0.971947 0.000001
0.000000 0.189048 0.646438 0.164514
0.000000 -0.000000 0.000000 1.000000
-0.000000 0.000000 0.015688 0.984311
-0.000000 0.059361 0.938498 0.002142
-0.000000 0.233482 0.762146 0.004372
0.000000 0.187014 0.474458 0.338529
0.000000 0.100213 0.871586 0.028202
0.000000 0.145101 0.854272 0.000626
-0.000000 0.019574 0.645748 0.334678
0.000000 0.000000 0.000097 0.999903
-0.000000 0.026372 0.520531 0.453097
0.000000 0.000006 0.013993 0.986001
-0.000000 0.000000 0.007636 0.992364
0.000000 0.984228 0.015772 0.000000
0.000000 0.125827 0.787958 0.086215
-0.000000 0.158087 0.837537 0.004376
-0.000000 0.000000 0.000556 0.999444
-0.000000 0.617245 0.381381 0.001374
-0.000000 0.338451 0.209647 0.451903
0.000000 0.013082 0.970518 0.016400
0.000000 0.041522 0.952433 0.006045
0.000000 0.000000 0.000000 1.000000
0.000000 0.213000 0.388548 0.398451
0.000000 0.025121 0.946617 0.028261
-0.000000 0.007413 0.351156 0.641431
-0.000000 0.206332 0.793214 0.000454
0.000000 0.082373 0.917216 0.000411
-0.000000 0.996640 0.003360 0.000000
0.000000 0.000001 0.025006 0.974994
0.000000 0.000303 0.401467 0.598230
-0.000000 0.024370 0.975582 0.000048
-0.000000 0.000881 0.043429 0.955690
-0.000000 0.110853 0.885816 0.003331
0.000000 0.985375 0.014625 0.000000
0.000000 0.001193 0.786271 0.212537
0.000000 0.000003 0.021645 0.978353
0.000000 0.876133 0.123866 0.000001
0.000000 0.271795 0.728205 0.000000
-0.000000 0.004912 0.058365 0.936723
0.000000 -0.000000 0.000000 1.000000
-0.000000 0.031076 0.437667 0.531257
0.000000 0.000000 0.000232 0.999768
-0.000000 0.003028 0.491125 0.505847
0.000000 0.127005 0.750340 0.122655
0.000000 0.050612 0.946081 0.003306
0.000000 0.999996 0.000004 -0.000000
-0.000000 0.000000 0.000101 0.999899
-0.000000 0.000002 0.111867 0.888131
-0.000000 0.002135 0.866201 0.131663
0.000000 0.143022 0.851849 0.005129
0.000000 0.976114 0.023886 0.000000
0.000000 0.984257 0.015743 0.000000
-0.000000 0.008363 0.918776 0.072861
-0.000000 0.000069 0.999272 0.000660
-0.000000 0.000769 0.999175 0.000055
-0.000000 0.999984 0.000016 -0.000000
-0.000000 0.125039 0.874923 0.000037
-0.000000 0.668598 0.291554 0.039848
-0.000000 0.000000 0.012816 0.987184
0.000000 0.176929 0.278150 0.544921
-0.000000 0.975137 0.024862 0.000001
0.000000 0.094631 0.809214 0.096155
-0.000000 0.000121 0.382151 0.617727
-0.000000 0.347218 0.652664 0.000118
-0.000000 0.151512 0.567655 0.280833
0.000000 0.000000 0.000006 0.999994
-0.000000 0.057795 0.502847 0.439357
-0.000000 0.000000 0.001305 0.998695
0.000000 0.998090 0.001910 0.000000
0.000000 0.093532 0.904667 0.001801
-0.000000 0.997290 0.002710 0.000000
-0.000000 0.001268 0.572744 0.425988
0.000000 0.592026 0.310463 0.097511
0.000000 0.138606 0.858812 0.002582
-0.000000 0.006775 0.338040 0.655185
-0.000000 0.000000 0.001785 0.998215
0.000000 0.000000 0.814933 0.185067
0.000000 0.005479 0.605111 0.389410
-0.000000 0.817259 0.182595 0.000146
0.000000 0.081809 0.742657 0.175533
-0.000000 0.869250 0.128913 0.001837
0.000000 0.001457 0.366926 0.631617
-0.000000 0.599497 0.234528 0.165975
-0.000000 0.078159 0.920566 0.001276
-0.000000 0.000685 0.277677 0.721638
-0.000000 0.009333 0.480722 0.509945
-0.000000 0.933883 0.066113 0.000004
0.000000 0.000000 0.001009 0.998991
0.000000 0.071448 0.928551 0.000001
0.000000 0.069540 0.925783 0.004677
0.000000 0.020177 0.542523 0.437300
-0.000000 0.999524 0.000476 0.000000
0.000000 0.000000 0.000024 0.999976
0.000000 0.156608 0.842699 0.000692
-0.000000 0.149971 0.498305 0.351724
0.000000 0.000000 0.000067 0.999933
-0.000000 0.000000 0.000225 0.999775
-0.000000 0.999748 0.000252 0.000000
0.000000 0.652097 0.347659 0.000244
0.000000 0.000358 0.999634 0.000008
-0.000000 0.133740 0.861839 0.004421
-0.000000 0.000000 0.000271 0.999729
0.000000 0.000000 0.000498 0.999501
0.000000 0.002681 0.862589 0.134730
0.000000 0.304209 0.352297 0.343495
-0.000000 0.000000 0.981173 0.018827
0.000000 0.123940 0.395010 0.481050
0.000000 0.951046 0.048950 0.000004
0.000000 0.106249 0.870464 0.023287
-0.000000 0.002516 0.997323 0.000161
-0.000000 -0.000000 0.000000 1.000000
0.000000 0.000000 0.023122 0.976878
-0.000000 0.999867 0.000133 0.000000
-0.000000 0.116055 0.880242 0.003702
0.000000 0.005455 0.495725 0.498820
0.000000 0.638367 0.312105 0.049527
-0.000000 0.033464 0.269573 0.696963
-0.000000 0.962412 0.037588 0.000000
0.000000 0.903324 0.096676 0.000000
-0.000000 0.013180 0.967436 0.019383
0.000000 0.000000 0.003600 0.996400
-0.000000 0.005588 0.922304 0.072109
-0.000000 0.000000 0.038628 0.961372
-0.000000 -0.000000 0.000009 0.999991
0.000000 0.386308 0.383204 0.230487
-0.000000 0.933391 0.066603 0.000006
-0.000000 0.000444 0.054500 0.945056
0.000000 0.659984 0.339831 0.000185
0.000000 0.943872 0.056122 0.000006
-0.000000 0.027444 0.310010 0.662546
0.000000 0.000195 0.062466 0.937339
0.000000 0.690733 0.309258 0.000009
-0.000000 0.000530 0.070984 0.928487
-0.000000 0.043200 0.310275 0.646525
0.000000 0.375101 0.159185 0.465714
0.000000 0.126925 0.328521 0.544554
-0.000000 0.000028 0.031366 0.968607
-0.000000 0.000217 0.999777 0.000006
-0.000000 0.480744 0.335966 0.183290
0.000000 0.002095 0.997894 0.000011
-0.000000 0.000000 0.000277 0.999723
0.000000 0.064653 0.933060 0.002288
-0.000000 0.154558 0.444750 0.400691
0.000000 0.000000 0.000533 0.999467
0.000000 0.039003 0.307426 0.653571
0.000000 0.057868 0.940415 0.001717
0.000000 0.005348 0.169743 0.824910
0.000000 0.803781 0.196158 0.000061
0.000000 0.808272 0.190592 0.001136
-0.000000 0.768349 0.231649 0.000002
-0.000000 0.000003 0.999474 0.000523
-0.000000 0.000001 0.014523 0.985476
0.000000 0.999999 0.000001 -0.000000
-0.000000 0.225402 0.772817 0.001781
0.000000 0.981702 0.018298 0.000000
0.000000 0.004654 0.265396 0.729950
-0.000000 0.032273 0.450935 0.516791
-0.000000 0.000012 0.137885 0.862104
-0.000000 0.915679 0.084312 0.000009
-0.000000 0.848434 0.151561 0.000004
-0.000000 0.251207 0.710855 0.037939
-0.000000 0.991123 0.008877 0.000000
-0.000000 0.974963 0.025036 0.000000
-0.000000 0.001102 0.998883 0.000015
-0.000000 0.369299 0.629241 0.001460
-0.000000 0.000032 0.999877 0.000090
0.000000 0.000000 0.000706 0.999294
-0.000000 0.146517 0.851405 0.002078
0.000000 0.000175 0.999783 0.000043
0.000000 0.635774 0.280367 0.083859
0.000000 0.838268 0.161691 0.000041
0.000000 0.000000 0.000500 0.999500
0.000000 0.475216 0.412068 0.112716
-0.000000 0.005033 0.488575 0.506392
0.000000 0.350901 0.648719 0.000380
0.000000 0.997443 0.002557 0.000000
0.000000 0.000090 0.999902 0.000008
-0.000000 -0.000000 0.000000 1.000000
-0.000000 0.999977 0.000023 0.000000
-0.000000 0.016200 0.957919 0.025881
-0.000000 0.995844 0.004156 0.000000
0.000000 0.028986 0.720768 0.250246
0.000000 0.994065 0.005935 0.000000
0.000000 0.003099 0.700728 0.296173
-0.000000 0.094604 0.722767 0.182628
-0.000000 0.154504 0.593355 0.252141
0.000000 0.000000 0.001971 0.998029
0.000000 0.000000 0.005270 0.994730
-0.000000 0.029792 0.085965 0.884243
-0.000000 0.891219 0.108781 0.000001
-0.000000 0.000314 0.293351 0.706334
-0.000000 -0.000000 0.000000 1.000000
0.000000 0.000004 0.074482 0.925514
-0.000000 0.960372 0.039627 0.000000
0.000000 0.380905 0.608272 0.010823
-0.000000 0.450102 0.436021 0.113877
-0.000000 0.000000 0.001048 0.998952
-0.000000 0.000076 0.020384 0.979541
0.000000 0.628949 0.212388 0.158662
-0.000000 0.000000 0.003338 0.996662
0.000000 0.001477 0.851078 0.147445
-0.000000 0.295327 0.651553 0.053119
-0.000000 0.000377 0.017768 0.981854
-0.000000 0.215248 0.127601 0.657150
-0.000000 0.130538 0.792963 0.076499
0.000000 0.986646 0.013354 0.000000
0.000000 0.224075 0.775908 0.000018
-0.000000 0.000014 0.999868 0.000118
-0.000000 0.000423 0.076988 0.922589
0.000000 0.039155 0.633579 0.327266
0.000000 0.095238 0.902902 0.001860
-0.000000 0.132594 0.821912 0.045493
0.000000 0.000049 0.318299 0.681652
0.000000 0.007859 0.439911 0.552230
0.000000 0.851625 0.148373 0.000001
-0.000000 0.984499 0.015501 0.000000
0.000000 0.617464 0.382251 0.000285
-0.000000 0.072621 0.612789 0.314590
0.000000 0.210610 0.579451 0.209940
0.000000 0.162324 0.161307 0.676369
0.000000 0.387769 0.432558 0.179673
0.000000 0.086320 0.673455 0.240225
-0.000000 0.327392 0.663197 0.009411
0.000000 0.000000 0.006132 0.993868
0.000000 0.000129 0.047212 0.952659
0.000000 0.042847 0.122849 0.834303
-0.000000 0.735579 0.256156 0.008264
0.000000 0.002635 0.451204 0.546161
0.000000 0.021729 0.673141 0.305131
0.000000 0.005506 0.567749 0.426745
0.000000 0.896823 0.099355 0.003822
0.000000 0.928150 0.071850 0.000000
-0.000000 0.022730 0.469166 0.508104
0.000000 0.027964 0.899655 0.072382
-0.000000 0.128460 0.722244 0.149297
0.000000 0.125730 0.857374 0.016896
-0.000000 0.050472 0.555212 0.394316
0.000000 0.263266 0.736124 0.000610
-0.000000 0.284874 0.702035 0.013091
0.000000 0.910503 0.089245 0.000252
-0.000000 0.000000 0.000987 0.999013
0.000000 0.072913 0.687392 0.239696
0.000000 0.000004 0.293686 0.706310
0.000000 0.000001 0.004214 0.995785
0.000000 0.152697 0.598226 0.249077
0.000000 0.998013 0.001987 0.000000
0.000000 0.455707 0.536362 0.007931
-0.000000 0.890209 0.109785 0.000006
-0.000000 0.010609 0.042538 0.946853
0.000000 0.000000 0.000216 0.999784
-0.000000 0.676176 0.323790 0.000035
-0.000000 0.000045 0.999601 0.000354
0.000000 0.000818 0.210878 0.788304
0.000000 0.000001 0.001008 0.998992
-0.000000 0.000000 0.000057 0.999943
-0.000000 0.007599 0.992376 0.000024
-0.000000 0.130592 0.814528 0.054880
-0.000000 0.099331 0.900669 0.000000
0.000000 0.741085 0.258906 0.000009
-0.000000 0.755911 0.106554 0.137535
-0.000000 0.043560 0.950693 0.005748
0.000000 0.025824 0.127789 0.846387
0.000000 0.999913 0.000087 0.000000
-0.000000 0.140538 0.370208 0.489254
-0.000000 0.013129 0.666645 0.320226
-0.000000 0.000159 0.999724 0.000117
0.000000 0.088126 0.397944 0.513929
-0.000000 0.000212 0.308657 0.691132
-0.000000 0.003241 0.045336 0.951423
-0.000000 0.000000 0.000817 0.999183
0.000000 0.019133 0.275643 0.705224
0.000000 0.966618 0.033382 0.000000
-0.000000 0.000059 0.994832 0.005109
-0.000000 0.085882 0.772750 0.141369
-0.000000 0.050121 0.163022 0.786857
-0.000000 0.000000 0.001705 0.998295
0.000000 0.047175 0.949668 0.003157
0.000000 0.998614 0.001386 0.000000
0.000000 0.046902 0.919319 0.033779
-0.000000 0.052667 0.900709 0.046623
-0.000000 0.000668 0.367570 0.631762
0.000000 -0.000000 0.000007 0.999993
0.000000 0.920548 0.078891 0.000561
-0.000000 0.000000 0.000482 0.999518
-0.000000 0.003810 0.419357 0.576834
0.000000 0.000513 0.762872 0.236615
0.000000 0.965986 0.034012 0.000002
0.000000 0.994439 0.005561 0.000000
0.000000 0.000005 0.165445 0.834549
-0.000000 0.047829 0.267431 0.684740
0.000000 0.000004 0.017086 0.982910
0.000000 0.008662 0.991321 0.000017
0.000000 0.017514 0.415624 0.566862
0.000000 0.004002 0.894578 0.101420
0.000000 0.393486 0.606221 0.000292
0.000000 0.067844 0.930926 0.001230
0.000000 0.000000 0.006738 0.993262
-0.000000 0.000122 0.295597 0.704281
0.000000 0.014437 0.503986 0.481577
-0.000000 0.000006 0.008125 0.991869
-0.000000 0.000000 0.000309 0.999691
0.000000 0.000042 0.999440 0.000518
-0.000000 0.000427 0.482100 0.517473
0.000000 0.976971 0.023029 0.000000
0.000000 0.998309 0.001691 0.000000
0.000000 0.147919 0.660991 0.191090
0.000000 0.999876 0.000124 -0.000000
-0.000000 0.000036 0.993907 0.006057
0.000000 0.000002 0.997055 0.002944
-0.000000 0.000000 0.799643 0.200357
-0.000000 0.000001 0.017727 0.982272
-0.000000 0.000603 0.043840 0.955557
0.000000 0.000451 0.303675 0.695874
-0.000000 0.001611 0.113909 0.884479
-0.000000 0.904737 0.095263 0.000000
0.000000 0.001366 0.707138 0.291495
-0.000000 0.000007 0.015839 0.984154
-0.000000 0.045318 0.707321 0.247361
-0.000000 -0.000000 0.000001 0.999999
-0.000000 0.268189 0.727968 0.003843
0.000000 0.061911 0.934972 0.003117
-0.000000 0.999319 0.000681 0.000000
0.000000 0.000152 0.067166 0.932681
0.000000 0.006271 0.637942 0.355787
0.000000 0.273845 0.194477 0.531677
-0.000000 0.001143 0.478432 0.520425
0.000000 0.123470 0.859279 0.017250
0.000000 0.000000 0.002224 0.997776
-0.000000 0.000076 0.093663 0.906261
-0.000000 0.064400 0.072510 0.863090
0.000000 0.633738 0.352874 0.013388
0.000000 0.015262 0.230330 0.754408
-0.000000 0.389062 0.609646 0.001292
-0.000000 0.213134 0.354831 0.432035
0.000000 0.832009 0.167907 0.000084
-0.000000 0.192184 0.806404 0.001412
0.000000 0.000477 0.026416 0.973107
0.000000 0.000000 0.025560 0.974440
-0.000000 0.080082 0.440425 0.479493
-0.000000 0.040592 0.463421 0.495987
0.000000 0.990252 0.009748 0.000000
-0.000000 0.875667 0.124333 0.000000
0.000000 0.237073 0.085609 0.677318
0.000000 0.000020 0.131812 0.868167
-0.000000 0.442364 0.233751 0.323885
0.000000 0.955026 0.044974 0.000000
-0.000000 0.970803 0.029196 0.000001
0.000000 0.042820 0.953147 0.004034
-0.000000 0.966032 0.033968 0.000001
-0.000000 0.000402 0.014762 0.984836
-0.000000 0.000011 0.032497 0.967492
-0.000000 0.158681 0.838441 0.002878
-0.000000 0.136440 0.830253 0.033307
-0.000000 0.000001 0.001024 0.998975
-0.000000 0.000015 0.025520 0.974465
0.000000 0.000000 0.015769 0.984231
-0.000000 0.000000 0.001544 0.998456
0.000000 0.249068 0.381209 0.369723
0.000000 0.095207 0.696353 0.208440
-0.000000 0.080303 0.176477 0.743220
0.000000 0.113714 0.886078 0.000208
0.000000 0.883017 0.116954 0.000030
0.000000 -0.000000 0.000131 0.999869
0.000000 0.141161 0.749752 0.109087
0.000000 0.208773 0.789967 0.001259
-0.000000 0.014243 0.908163 0.077594
-0.000000 0.000772 0.724413 0.274816
0.000000 0.000099 0.228265 0.771635
0.000000 0.105332 0.525228 0.369440
0.000000 0.010655 0.473045 0.516300
-0.000000 0.000351 0.158596 0.841054
-0.000000 0.086869 0.906090 0.007041
-0.000000 0.052747 0.864013 0.083240
-0.000000 0.000000 0.000226 0.999774
0.000000 0.296584 0.690964 0.012453
-0.000000 0.064889 0.930756 0.004355
0.000000 0.271729 0.720435 0.007835
-0.000000 0.688221 0.311711 0.000069
0.000000 0.103115 0.775149 0.121736
-0.000000 0.014253 0.100117 0.885629
-0.000000 0.325034 0.671311 0.003655
-0.000000 0.000020 0.024976 0.975005
-0.000000 0.254489 0.143181 0.602330
0.000000 0.082268 0.916410 0.001322
0.000000 0.035352 0.542243 0.422405
0.000000 0.015029 0.067923 0.917048
-0.000000 0.000000 0.000059 0.999941
-0.000000 0.000000 0.000119 0.999881
0.000000 0.109332 0.872802 0.017866
0.000000 0.208769 0.788466 0.002764
0.000000 0.730993 0.269001 0.000006
0.000000 0.000000 0.004633 0.995367
-0.000000 0.342581 0.655656 0.001764
0.000000 0.000003 0.169892 0.830105
0.000000 0.000000 0.015003 0.984997
-0.000000 0.099196 0.881835 0.018969
-0.000000 0.134949 0.857917 0.007134
-0.000000 0.000000 0.000176 0.999824
0.000000 0.918476 0.081384 0.000140
0.000000 0.284582 0.571934 0.143484
-0.000000 0.000375 0.150709 0.848915
0.000000 0.315360 0.547730 0.136910
-0.000000 0.030110 0.964351 0.005539
0.000000 0.078145 0.918508 0.003347
-0.000000 0.000000 0.000273 0.999727
-0.000000 0.514596 0.484463 0.000941
0.000000 0.062214 0.937753 0.000032
0.000000 0.000253 0.079584 0.920163
-0.000000 0.943732 0.056268 0.000000
-0.000000 0.020427 0.457711 0.521862
-0.000000 0.005623 0.952176 0.042202
-0.000000 0.000000 0.001338 0.998662
0.000000 0.006142 0.993842 0.000016
0.000000 0.886443 0.113552 0.000005
0.000000 0.059195 0.938208 0.002597
0.000000 0.207643 0.789984 0.002373
0.000000 0.000000 0.000190 0.999810
0.000000 0.004408 0.167948 0.827644
-0.000000 0.966095 0.033904 0.000001
-0.000000 0.000000 0.001563 0.998437
0.000000 0.000002 0.010073 0.989925
-0.000000 0.048202 0.695006 0.256792
0.000000 0.000001 0.021963 0.978036
-0.000000 0.000096 0.405351 0.594553
0.000000 0.979805 0.020195 0.000000
-0.000000 0.001006 0.998950 0.000043
0.000000 0.341262 0.644517 0.014222
-0.000000 0.000300 0.019559 0.980141
0.000000 0.000000 0.000012 0.999988
0.000000 0.000063 0.007033 0.992904
-0.000000 0.178288 0.814345 0.007367
0.000000 0.052403 0.301527 0.646070
0.000000 0.000441 0.413921 0.585639
0.000000 0.000001 0.024937 0.975062
0.000000 0.000001 0.055090 0.944909
0.000000 0.000394 0.102312 0.897294
-0.000000 0.000292 0.756806 0.242902
0.000000 0.046418 0.952958 0.000624
-0.000000 0.000445 0.424342 0.575213
0.000000 0.000720 0.082577 0.916703
0.000000 0.000366 0.039627 0.960007
-0.000000 0.000000 0.001079 0.998921
0.000000 0.000814 0.999125 0.000061
0.000000 0.913705 0.086275 0.000020
0.000000 0.027736 0.324795 0.647469
0.000000 0.671452 0.328035 0.000514
0.000000 0.000000 0.002307 0.997693
0.000000 0.008722 0.860418 0.130860
-0.000000 0.021690 0.959695 0.018615
-0.000000 0.000022 0.015545 0.984433
-0.000000 0.000000 0.000254 0.999746
-0.000000 0.167399 0.832311 0.000290
-0.000000 0.156694 0.826667 0.016639
-0.000000 0.492056 0.507832 0.000112
-0.000000 0.000000 0.009489 0.990511
-0.000000 0.000000 0.000000 1.000000
-0.000000 0.001403 0.310341 0.688256
0.000000 0.339574 0.660045 0.000380
-0.000000 0.004329 0.340858 0.654813
0.000000 0.000000 0.002594 0.997406
0.000000 0.031848 0.549044 0.419107
-0.000000 0.995923 0.004077 0.000000
0.000000 0.525555 0.474292 0.000153
-0.000000 0.000505 0.684886 0.314609
-0.000000 0.005807 0.949210 0.044983
-0.000000 0.000000 0.000099 0.999901
0.000000 0.448559 0.398579 0.152862
-0.000000 0.994605 0.005395 0.000000
0.000000 0.767415 0.212047 0.020538
-0.000000 0.981472 0.018528 0.000000
0.000000 0.670240 0.175898 0.153862
-0.000000 0.807928 0.191967 0.000105
0.000000 0.035794 0.953495 0.010711
-0.000000 0.000000 0.000002 0.999998
0.000000 0.000171 0.379953 0.619876
-0.000000 0.045375 0.948459 0.006166
0.000000 0.776800 0.223031 0.000169
0.000000 0.000001 0.998480 0.001518
0.000000 0.000001 0.002071 0.997928
0.000000 0.000503 0.288802 0.710694
0.000000 0.000000 0.001483 0.998517
0.000000 0.000524 0.359177 0.640298
0.000000 0.000001 0.992048 0.007951
0.000000 0.791359 0.208631 0.000010
-0.000000 -0.000000 0.000000 1.000000
0.000000 0.001791 0.834301 0.163908
-0.000000 0.000065 0.030039 0.969897
-0.000000 0.000094 0.043080 0.956826
0.000000 0.177699 0.750350 0.071952
0.000000 0.426904 0.410810 0.162286
0.000000 0.227262 0.394014 0.378724
0.000000 0.002919 0.163916 0.833165
-0.000000 0.024448 0.931135 0.044417
0.000000 0.000687 0.047855 0.951457
0.000000 0.000001 0.016728 0.983271
-0.000000 0.172517 0.827458 0.000026
0.000000 0.749018 0.250982 0.000000
0.000000 0.194128 0.801971 0.003902
-0.000000 0.085405 0.879740 0.034854
0.000000 0.773578 0.225972 0.000450
0.000000 0.438432 0.548785 0.012783
0.000000 0.000879 0.999094 0.000027
0.000000 -0.000000 0.000005 0.999995
-0.000000 0.000690 0.350315 0.648995
0.000000 0.016928 0.890131 0.092941
-0.000000 0.999510 0.000490 0.000000
0.000000 0.001595 0.680231 0.318174
-0.000000 0.142604 0.774382 0.083014
-0.000000 0.009599 0.493577 0.496824
-0.000000 0.141849 0.748453 0.109698
-0.000000 0.999292 0.000708 0.000000
-0.000000 0.999933 0.000067 0.000000
-0.000000 0.210739 0.750856 0.038405
-0.000000 0.186013 0.813981 0.000006
-0.000000 0.935807 0.064185 0.000008
-0.000000 0.335490 0.664101 0.000409
0.000000 0.988948 0.011052 0.000000
-0.000000 0.847403 0.152541 0.000057
0.000000 0.181236 0.371205 0.447559
0.000000 0.000001 0.066854 0.933145
-0.000000 0.000003 0.003091 0.996905
0.000000 0.222188 0.368705 0.409107
0.000000 0.334957 0.484749 0.180294
-0.000000 0.000000 0.044993 0.955007
-0.000000 0.278341 0.620825 0.100833
-0.000000 0.871931 0.128062 0.000007
0.000000 0.000001 0.001622 0.998376
0.000000 -0.000000 0.000032 0.999968
-0.000000 0.131226 0.499185 0.369588
-0.000000 0.000521 0.201429 0.798050
-0.000000 0.000000 0.001658 0.998342
0.000000 0.014918 0.584497 0.400584
0.000000 0.998578 0.001422 0.000000
0.000000 0.148353 0.747331 0.104316
-0.000000 0.333106 0.613192 0.053702
0.000000 0.000480 0.227600 0.771921
-0.000000 0.701726 0.298267 0.000006
0.000000 0.011111 0.581794 0.407095
0.000000 0.001132 0.205945 0.792922
0.000000 0.179798 0.472114 0.348087
-0.000000 0.145879 0.839259 0.014862
-0.000000 0.180635 0.644885 0.174480
0.000000 0.488131 0.511613 0.000256
-0.000000 0.979260 0.020740 0.000000
-0.000000 0.990264 0.009736 0.000000
0.000000 0.000000 0.066462 0.933538
0.000000 0.704388 0.295597 0.000015
-0.000000 0.097814 0.900533 0.001654
0.000000 0.171622 0.338289 0.490089
0.000000 0.708509 0.291334 0.000156
0.000000 0.000000 0.992785 0.007215
-0.000000 0.000048 0.999862 0.000089
-0.000000 0.013340 0.189756 0.796904
-0.000000 0.289794 0.709583 0.000624
-0.000000 0.998891 0.001109 0.000000
-0.000000 0.011596 0.518960 0.469444
0.000000 0.196106 0.167470 0.636424
0.000000 0.017928 0.441477 0.540594
0.000000 0.000000 0.000161 0.999839
0.000000 0.772007 0.225745 0.002249
-0.000000 0.005742 0.056945 0.937312
0.000000 0.682585 0.312333 0.005083
-0.000000 0.001666 0.373264 0.625070
-0.000000 0.237426 0.703944 0.058631
-0.000000 0.150908 0.812663 0.036429
0.000000 0.000012 0.008873 0.991115
-0.000000 0.003188 0.923109 0.073704
0.000000 0.036722 0.201727 0.761551
0.000000 0.012400 0.095085 0.892515
-0.000000 0.001299 0.343809 0.654892
-0.000000 0.000000 0.256620 0.743380
0.000000 0.000001 0.011967 0.988032
-0.000000 0.002623 0.997377 0.000000
-0.000000 0.000001 0.007731 0.992268
0.000000 0.000024 0.018654 0.981321
0.000000 0.502228 0.497563 0.000209
-0.000000 0.002177 0.877755 0.120069
0.000000 0.933262 0.066738 0.000000
0.000000 -0.000000 0.000020 0.999980
-0.000000 0.116261 0.883725 0.000013
0.000000 0.210106 0.775438 0.014456
0.000000 0.208328 0.791658 0.000015
-0.000000 0.030878 0.416357 0.552766
-0.000000 0.102422 0.754670 0.142907
-0.000000 0.000020 0.103618 0.896361
-0.000000 0.000002 0.005735 0.994262
0.000000 0.100393 0.892512 0.007095
-0.000000 0.999816 0.000184 0.000000
0.000000 0.741525 0.258226 0.000248
0.000000 0.000000 0.000274 0.999726
-0.000000 0.013252 0.490995 0.495752
0.000000 0.851721 0.148279 0.000000
0.000000 0.457495 0.539617 0.002888
-0.000000 0.000001 0.998725 0.001274
-0.000000 0.203934 0.794084 0.001981
0.000000 0.000000 0.006862 0.993138
0.000000 0.542703 0.387304 0.069993
-0.000000 0.000016 0.164065 0.835919
-0.000000 0.124954 0.630120 0.244926
0.000000 0.956094 0.043903 0.000003
0.000000 0.187250 0.132682 0.680068
-0.000000 0.955051 0.044949 0.000000
0.000000 0.403758 0.572750 0.023493
-0.000000 0.096019 0.333431 0.570550
0.000000 0.174866 0.822382 0.002752
-0.000000 0.892188 0.107798 0.000014
-0.000000 0.000001 0.025492 0.974507
0.000000 0.000766 0.745373 0.253860
-0.000000 0.024795 0.766748 0.208457
0.000000 0.000107 0.999764 0.000129
-0.000000 0.014203 0.853748 0.132050
0.000000 0.058961 0.744578 0.196461
0.000000 0.999486 0.000514 0.000000
0.000000 0.005965 0.317009 0.677027
0.000000 0.834642 0.165260 0.000098
0.000000 0.000006 0.035629 0.964365
0.000000 0.937266 0.062731 0.000003
0.000000 0.000039 0.009809 0.990152
0.000000 0.000001 0.062254 0.937745
-0.000000 0.217462 0.128093 0.654445
-0.000000 0.992112 0.007888 0.000000
0.000000 0.384647 0.614966 0.000387
0.000000 0.022059 0.886223 0.091719
0.000000 0.043226 0.905173 0.051601
0.000000 0.165097 0.265335 0.569568
0.000000 0.005504 0.824098 0.170398
-0.000000 0.193441 0.805235 0.001324
-0.000000 0.613115 0.386157 0.000728
-0.000000 0.000000 0.000621 0.999379
-0.000000 0.000369 0.291134 0.708497
-0.000000 0.017898 0.707133 0.274970
0.000000 0.000000 0.000575 0.999425
0.000000 0.006554 0.101412 0.892034
-0.000000 0.248938 0.751038 0.000024
-0.000000 0.856976 0.143020 0.000004
-0.000000 0.014557 0.949293 0.036150
-0.000000 0.000203 0.226594 0.773202
-0.000000 0.661325 0.338675 0.000000
0.000000 0.206029 0.778226 0.015745
0.000000 0.519193 0.451982 0.028825
-0.000000 0.866988 0.132923 0.000088
-0.000000 0.000000 0.006598 0.993402
0.000000 0.028062 0.227714 0.744223
-0.000000 0.000001 0.082199 0.917799
-0.000000 0.999853 0.000147 0.000000
-0.000000 0.188299 0.624738 0.186963
0.000000 0.001367 0.261040 0.737593
0.000000 0.153637 0.769454 0.076909
0.000000 -0.000000 0.000000 1.000000
0.000000 0.010407 0.641460 0.348134
0.000000 0.510830 0.487343 0.001826
-0.000000 0.670958 0.262580 0.066461
0.000000 0.002068 0.444138 0.553794
0.000000 0.000097 0.999871 0.000032
0.000000 0.000002 0.021533 0.978465
0.000000 0.072517 0.489199 0.438284
-0.000000 0.999981 0.000019 -0.000000
0.000000 0.001809 0.107562 0.890629
0.000000 0.155611 0.841965 0.002424
-0.000000 0.000000 0.000487 0.999513
0.000000 0.028565 0.734601 0.236834
0.000000 0.000003 0.036535 0.963463
0.000000 0.000087 0.045537 0.954376
0.000000 0.015070 0.974961 0.009968
0.000000 0.157964 0.841502 0.000534
-0.000000 0.004826 0.960459 0.034716
0.000000 0.107084 0.869576 0.023340
-0.000000 0.992274 0.007726 0.000000
-0.000000 0.134222 0.865631 0.000147
-0.000000 0.000000 0.000034 0.999966
-0.000000 0.006140 0.428937 0.564923
0.000000 0.025188 0.310286 0.664526
0.000000 0.000010 0.006105 0.993885
-0.000000 0.027704 0.694092 0.278204
-0.000000 0.165621 0.809390 0.024988
-0.000000 0.000612 0.312535 0.686853
0.000000 0.456111 0.530523 0.013367
0.000000 0.027674 0.972306 0.000021
0.000000 0.777899 0.222068 0.000032
-0.000000 0.217728 0.716366 0.065906
0.000000 0.378044 0.415179 0.206777
-0.000000 0.000412 0.024486 0.975102
-0.000000 0.901251 0.098748 0.000001
-0.000000 0.001091 0.898939 0.099970
-0.000000 0.004554 0.252255 0.743191
-0.000000 0.001178 0.448575 0.550246
0.000000 0.000000 0.000143 0.999857
0.000000 0.774309 0.225689 0.000001
-0.000000 0.707363 0.268381 0.024257
0.000000 0.025262 0.551430 0.423309
0.000000 0.028118 0.276599 0.695283
0.000000 0.030972 0.412657 0.556371
0.000000 0.012371 0.144136 0.843493
0.000000 0.157094 0.824017 0.018889
-0.000000 0.000602 0.346538 0.652860
0.000000 0.156391 0.785861 0.057748
0.000000 0.001479 0.040045 0.958476
0.000000 0.454169 0.545739 0.000093
-0.000000 0.000001 0.040280 0.959719
0.000000 0.204989 0.288931 0.506080
-0.000000 0.006286 0.492865 0.500849
0.000000 0.120630 0.878240 0.001131
-0.000000 0.160676 0.512812 0.326512
0.000000 0.064853 0.593882 0.341265
0.000000 0.160274 0.833146 0.006580
-0.000000 0.000407 0.059543 0.940050
-0.000000 0.912187 0.087796 0.000018
-0.000000 0.078632 0.921288 0.000080
-0.000000 0.055788 0.940154 0.004058
-0.000000 0.023659 0.574651 0.401690
-0.000000 0.012786 0.918288 0.068926
0.000000 0.050893 0.449093 0.500013
0.000000 0.195309 0.783597 0.021094
0.000000 0.000048 0.038699 0.961254
-0.000000 0.000034 0.999838 0.000128
-0.000000 0.484606 0.514940 0.000454
-0.000000 0.000000 0.001123 0.998877
0.000000 0.001973 0.516009 0.482018
-0.000000 0.112918 0.886951 0.000131
0.000000 0.387256 0.600139 0.012605
0.000000 0.003862 0.957739 0.038400
0.000000 0.000005 0.992603 0.007392
0.000000 0.989799 0.010201 0.000000
0.000000 0.001741 0.119049 0.879210
-0.000000 0.003272 0.958044 0.038684
0.000000 0.998467 0.001533 0.000000
-0.000000 0.268211 0.731508 0.000281
0.000000 0.017670 0.982326 0.000004
0.000000 0.000001 0.997135 0.002865
-0.000000 0.000002 0.024034 0.975964
-0.000000 0.937170 0.062822 0.000008
0.000000 0.844259 0.155735 0.000006
-0.000000 0.999718 0.000282 0.000000
0.000000 0.000000 0.802755 0.197245
0.000000 0.000008 0.023971 0.976021
0.000000 0.999617 0.000383 0.000000
-0.000000 0.003770 0.149460 0.846770
0.000000 0.000190 0.005305 0.994504
0.000000 0.708484 0.291489 0.000027
-0.000000 0.946076 0.053924 0.000000
0.000000 0.999789 0.000211 0.000000
0.000000 0.148886 0.486204 0.364911
0.000000 0.034111 0.965883 0.000006
0.000000 0.107837 0.383268 0.508895
0.000000 0.630820 0.263877 0.105302
0.000000 0.001175 0.331317 0.667508
-0.000000 0.000017 0.148836 0.851146
-0.000000 0.125690 0.763182 0.111128
0.000000 0.000633 0.161825 0.837542
-0.000000 0.000000 0.084266 0.915734
0.000000 0.067400 0.917625 0.014976
0.000000 0.000000 0.000007 0.999993
-0.000000 0.000000 0.000492 0.999508
0.000000 0.017293 0.969720 0.012987
-0.000000 0.000010 0.999730 0.000261
-0.000000 0.000000 0.000014 0.999986
0.000000 0.999995 0.000005 -0.000000
-0.000000 0.111588 0.880057 0.008355
-0.000000 0.071882 0.915119 0.012999
-0.000000 0.000378 0.225911 0.773711
-0.000000 0.005116 0.053616 0.941268
-0.000000 0.172999 0.742649 0.084353
0.000000 0.199071 0.795728 0.005201
0.000000 0.506976 0.453043 0.039981
0.000000 0.016784 0.983202 0.000014
0.000000 0.000034 0.288352 0.711613
-0.000000 0.000027 0.023081 0.976892
0.000000 0.381533 0.616521 0.001946
0.000000 0.057088 0.639493 0.303419
0.000000 0.156510 0.842501 0.000989
-0.000000 0.020846 0.736986 0.242167
0.000000 0.322393 0.677377 0.000230
-0.000000 0.001037 0.328411 0.670552
0.000000 0.000762 0.820639 0.178600
0.000000 0.001535 0.133064 0.865401
0.000000 0.000000 0.000014 0.999986
-0.000000 0.298727 0.701065 0.000207
0.000000 0.173624 0.792840 0.033535
-0.000000 0.004866 0.076655 0.918479
-0.000000 0.000001 0.023169 0.976830
-0.000000 0.000328 0.999645 0.000027
0.000000 0.315399 0.669118 0.015483
0.000000 0.000288 0.999704 0.000008
-0.000000 0.000000 0.013468 0.986532
0.000000 0.007090 0.424249 0.568661
-0.000000 0.442774 0.556959 0.000266
0.000000 -0.000000 0.000000 1.000000
0.000000 0.932230 0.067631 0.000139
-0.000000 0.014909 0.985091 0.000000
0.000000 0.000281 0.085055 0.914664
0.000000 0.204821 0.792307 0.002872
0.000000 0.114015 0.881170 0.004815
-0.000000 0.216970 0.369525 0.413505
0.000000 0.000000 0.005021 0.994979
0.000000 0.000131 0.445177 0.554691
0.000000 0.003121 0.996878 0.000002
-0.000000 0.000105 0.075240 0.924655
0.000000 0.628071 0.371157 0.000772
0.000000 0.032766 0.966725 0.000509
-0.000000 0.016484 0.579325 0.404191
0.000000 0.049013 0.945903 0.005084
0.000000 0.005393 0.969797 0.024811
-0.000000 0.067515 0.932485 0.000000
0.000000 0.779730 0.219992 0.000278
0.000000 0.018871 0.784861 0.196268
-0.000000 0.000512 0.781213 0.218276
0.000000 0.684494 0.315470 0.000036
0.000000 0.033026 0.966350 0.000624
-0.000000 0.000000 0.002796 0.997204
-0.000000 0.121259 0.878378 0.000363
0.000000 0.000120 0.133459 0.866421
0.000000 0.082040 0.553630 0.364329
-0.000000 0.343856 0.655785 0.000360
-0.000000 0.009240 0.379470 0.611290
-0.000000 0.000056 0.998702 0.001242
0.000000 0.455823 0.544096 0.000081
0.000000 0.000000 0.000328 0.999672
-0.000000 0.769852 0.229653 0.000495
-0.000000 0.447947 0.520420 0.031633
