0.000180 0.976881 0.021313 0.000265 0.001352 0.000008
0.005530 0.617524 0.336389 0.003448 0.032671 0.004438
0.874966 0.007553 0.105427 0.006314 0.005405 0.000335
0.735565 0.086210 0.121909 0.053814 0.002337 0.000165
0.000274 0.972847 0.026000 0.000343 0.000482 0.000054
0.000160 0.979570 0.018242 0.000240 0.001783 0.000004
0.144184 0.183764 -0.000000 0.656226 0.015410 0.000415
0.827505 0.010593 0.144565 0.006566 0.010746 0.000026
0.000035 0.995288 0.000047 0.000134 0.004496 0.000000
0.002929 0.021067 0.097116 0.876710 0.002119 0.000059
0.008594 0.000000 0.002804 0.004972 0.174624 0.809006
0.186864 0.137645 0.000000 0.669008 0.000815 0.005669
0.971377 0.009722 0.012668 0.001033 0.004662 0.000539
0.935315 0.019608 0.039581 0.001180 0.004261 0.000055
0.000486 0.028791 0.005721 0.896967 0.026034 0.042001
0.682596 0.069740 0.177957 0.004016 0.065681 0.000010
0.000581 0.037146 0.007546 0.889843 0.024833 0.040051
0.038762 0.272961 0.506282 0.106547 0.070857 0.004593
0.000212 0.977091 0.021215 0.000268 0.001195 0.000019
0.188747 0.064668 0.481204 0.206209 0.004541 0.054631
0.015730 0.000000 0.011006 0.005888 0.171843 0.795534
0.000253 0.975070 0.023455 0.000321 0.000853 0.000048
0.003330 0.024750 0.117322 0.853188 0.001367 0.000043
0.803610 0.042309 0.130984 0.015983 0.001735 0.005380
0.259024 0.160446 0.089527 0.422251 0.037172 0.031581
0.002612 0.030516 0.135412 0.827023 0.004430 0.000006
0.962623 0.012375 0.021130 0.000925 0.002641 0.000305
0.041321 0.374741 0.090723 0.040375 0.452608 0.000231
0.000698 0.087925 0.029736 0.872504 0.004578 0.004560
0.972770 0.006647 0.006370 0.002020 0.010931 0.001263
0.000835 0.324206 0.016838 0.018997 0.638813 0.000311
0.000600 0.981330 0.013624 0.001068 0.002793 0.000585
0.039561 0.002809 0.851638 0.000945 0.104422 0.000625
0.000271 0.973741 0.024959 0.000342 0.000630 0.000057
0.488176 0.004185 0.350209 0.006672 0.130328 0.020430
0.002532 0.000000 0.000868 0.002388 0.993543 0.000670
0.000252 0.975381 0.023141 0.000312 0.000871 0.000044
0.922295 0.024924 0.034570 0.001216 0.016945 0.000051
0.000272 0.971254 0.027891 0.000333 0.000212 0.000039
0.000231 0.976541 0.021819 0.000290 0.001087 0.000033
0.972326 0.008275 0.009585 0.001468 0.007482 0.000865
0.000770 0.064377 0.016497 0.873852 0.017048 0.027455
0.267423 0.572847 0.043990 0.039792 0.075932 0.000016
0.643384 0.228247 0.080209 0.009780 0.030472 0.007908
0.041937 0.898063 0.019187 0.032559 0.008156 0.000098
0.005018 0.000000 0.001049 0.004958 0.175570 0.813404
0.092319 0.808765 0.047535 0.049992 0.000499 0.000890
0.483885 0.362126 0.089817 0.000692 0.063334 0.000147
0.106398 0.787560 0.040575 0.060857 0.001629 0.002981
0.196186 0.047963 0.268072 0.367156 0.009254 0.111369
0.000232 0.971259 0.027842 0.000306 0.000348 0.000013
0.000273 0.971389 0.027731 0.000335 0.000232 0.000040
0.000041 0.994847 0.000577 0.000136 0.004399 0.000000
0.000237 0.976039 0.022369 0.000301 0.001016 0.000038
0.000224 0.972051 0.026890 0.000304 0.000516 0.000014
0.603792 0.041382 0.007180 0.041511 0.242855 0.063280
0.000172 0.000881 0.060968 0.062839 0.874390 0.000750
0.013024 0.000000 0.007961 0.005553 0.172934 0.800528
0.737859 0.059486 0.142363 0.003853 0.056390 0.000049
0.000055 0.993006 0.002707 0.000148 0.004084 0.000000
0.000340 0.973799 0.024509 0.000467 0.000741 0.000144
0.007297 0.004179 0.843018 0.100820 0.038460 0.006226
0.793698 0.014821 0.164503 0.022336 0.004562 0.000080
0.000226 0.977626 0.020665 0.000269 0.001188 0.000026
0.932942 0.004489 0.041998 0.008672 0.010789 0.001110
0.000182 0.976501 0.021750 0.000267 0.001293 0.000008
0.953806 0.014141 0.027406 0.001168 0.003156 0.000324
0.008623 0.731475 0.251604 0.006784 0.000304 0.001211
0.008419 0.083742 0.042640 0.821590 0.028903 0.014706
0.720415 0.099646 0.000017 0.002599 0.177323 0.000000
0.233783 0.499236 0.260175 0.006714 0.000000 0.000092
0.000034 0.995305 0.000024 0.000134 0.004502 0.000000
0.615087 0.146501 0.209024 0.012629 0.016542 0.000217
0.000326 0.129069 0.010690 0.698162 0.161592 0.000162
0.340105 0.429978 0.029123 0.077598 0.123171 0.000026
0.824764 0.105299 0.026701 0.001616 0.030748 0.010873
0.958994 0.012507 0.022744 0.001238 0.004054 0.000462
0.602648 0.263839 0.108337 0.009219 0.012681 0.003276
0.190754 0.592537 0.112618 0.092288 0.006601 0.005201
0.874112 0.007454 0.109114 0.005868 0.003190 0.000262
0.000628 0.980932 0.013288 0.001229 0.003244 0.000679
0.000250 0.970676 0.028507 0.000323 0.000219 0.000024
0.724757 0.074369 0.095254 0.088879 0.010956 0.005785
0.240838 0.005868 0.533918 0.003675 0.214886 0.000815
0.003328 0.000327 0.075366 0.231213 0.425368 0.264398
0.024172 0.000000 0.951238 0.011246 0.012101 0.001243
0.000204 0.973808 0.024855 0.000288 0.000835 0.000010
0.632974 0.228007 0.136078 0.000674 0.001869 0.000397
0.000655 0.041502 0.007879 0.884655 0.024977 0.040333
0.000054 0.993344 0.002322 0.000146 0.004132 0.000001
0.000716 0.083654 0.027307 0.872812 0.006645 0.008866
0.544680 0.006922 0.407265 0.030432 0.008129 0.002570
0.270069 0.005554 0.567054 0.003639 0.152563 0.001120
0.568109 0.147934 0.216498 0.052189 0.014612 0.000658
0.012289 0.000000 0.008031 0.005631 0.173029 0.801020
0.839214 0.009222 0.140489 0.006296 0.004703 0.000075
0.003683 0.000000 0.000466 0.004967 0.175909 0.814976
0.002812 0.215032 0.652266 0.026750 0.094292 0.008848
0.000141 0.981887 0.015545 0.000227 0.002195 0.000005
0.436328 0.115552 0.397303 0.027947 0.021447 0.001424
0.757612 0.018972 0.148866 0.023274 0.051229 0.000046
0.000212 0.971832 0.027131 0.000296 0.000523 0.000006
0.719244 0.063545 0.154443 0.003715 0.059026 0.000027
0.000149 0.979364 0.018416 0.000242 0.001829 0.000001
0.116064 0.001204 0.008704 0.082267 0.575136 0.216625
0.069119 0.047215 0.697678 0.000000 0.159590 0.026399
0.000302 0.973414 0.025166 0.000398 0.000626 0.000094
0.000253 0.140328 0.004841 0.649053 0.205145 0.000380
0.031022 0.025042 0.763293 0.016805 0.163789 0.000049
0.000149 0.979326 0.018460 0.000242 0.001823 0.000001
0.020980 0.000000 0.018946 0.006922 0.169393 0.783759
0.000282 0.971934 0.027104 0.000342 0.000289 0.000050
0.007169 0.000000 0.002057 0.004958 0.175011 0.810805
0.000043 0.000626 0.001868 0.029768 0.967663 0.000032
0.000044 0.994465 0.001021 0.000139 0.004330 0.000000
0.000627 0.055205 0.015351 0.883525 0.017638 0.027654
0.294266 0.110328 0.530191 0.006338 0.058874 0.000003
0.000261 0.970727 0.028528 0.000318 0.000141 0.000025
0.000287 0.001123 0.118019 0.093320 0.786608 0.000642
0.004294 0.004179 0.882259 0.004333 0.101290 0.003645
0.011256 0.000000 0.006544 0.005442 0.173493 0.803264
0.000279 0.009626 0.001283 0.912713 0.029100 0.046999
0.030196 0.003723 0.687006 0.000935 0.278027 0.000113
0.658100 0.076155 0.169400 0.004043 0.092295 0.000006
0.000380 0.974956 0.022909 0.000548 0.001002 0.000205
0.000120 0.984731 0.012268 0.000206 0.002671 0.000004
0.232967 0.269740 0.217101 0.101326 0.178587 0.000279
0.703570 0.068379 0.208042 0.014804 0.003939 0.001266
0.019768 0.003112 0.005143 0.013444 0.958368 0.000166
0.000219 0.977133 0.021120 0.000282 0.001218 0.000029
0.338182 0.202926 0.286665 0.109803 0.058311 0.004113
0.002969 0.026646 0.133046 0.835774 0.001542 0.000022
0.924754 0.024193 0.033722 0.001188 0.016081 0.000061
0.967524 0.010483 0.015617 0.001135 0.004700 0.000542
0.138052 0.074766 0.116759 0.006513 0.663901 0.000009
0.000053 0.993387 0.002273 0.000146 0.004141 0.000001
0.133882 0.427152 0.004665 0.006203 0.428083 0.000015
0.336239 0.384312 0.269227 0.009035 0.000000 0.001187
0.930322 0.022291 0.032943 0.001162 0.013189 0.000092
0.000312 0.974673 0.023593 0.000427 0.000876 0.000120
0.126885 0.005942 0.068938 0.043650 0.744553 0.010033
0.220194 0.106974 0.551650 0.115574 0.005609 0.000000
0.000065 0.991938 0.003950 0.000156 0.003890 0.000001
0.306556 0.017271 0.663487 0.005077 0.007030 0.000579
0.000233 0.976573 0.021794 0.000290 0.001076 0.000034
0.003177 0.000000 0.002380 0.002625 0.990642 0.001176
0.058932 0.865791 0.031398 0.038664 0.005048 0.000168
0.686117 0.201066 0.106820 0.000642 0.003986 0.001369
0.000235 0.970866 0.028258 0.000314 0.000310 0.000016
0.003793 0.000000 0.205802 0.777611 0.002798 0.009996
0.860869 0.026761 0.049127 0.006915 0.056018 0.000310
0.000135 0.982762 0.014534 0.000222 0.002342 0.000005
0.648733 0.141947 0.177547 0.011875 0.019314 0.000583
0.032773 0.002753 0.855227 0.000879 0.108196 0.000171
0.000174 0.979216 0.018680 0.000248 0.001671 0.000010
0.110949 0.173590 0.628697 0.047803 0.027095 0.011866
0.952368 0.014846 0.029434 0.001047 0.002094 0.000211
0.244707 0.000000 0.628264 0.016441 0.086627 0.023960
0.024762 0.000000 0.921374 0.007363 0.046500 0.000001
0.000410 0.120915 0.014909 0.734837 0.128041 0.000888
0.000037 0.995213 0.000147 0.000134 0.004469 0.000000
0.155514 0.684328 0.024385 0.119186 0.004845 0.011741
0.000584 0.107537 0.022349 0.798281 0.068749 0.002500
0.000284 0.972023 0.027000 0.000344 0.000298 0.000051
0.368469 0.353941 0.078513 0.008332 0.190453 0.000292
0.000205 0.146029 0.001917 0.623953 0.227720 0.000176
0.000653 0.102650 0.025431 0.823062 0.045333 0.002871
0.922969 0.024717 0.034370 0.001209 0.016681 0.000054
0.129705 0.657832 0.150083 0.059006 0.002950 0.000424
0.000322 0.973189 0.025322 0.000433 0.000616 0.000117
0.021521 0.000000 0.027530 0.008410 0.192912 0.749627
0.309687 0.523883 0.024872 0.000703 0.140810 0.000044
0.000120 0.984754 0.012237 0.000207 0.002678 0.000004
0.789095 0.074635 0.009703 0.002077 0.124481 0.000010
0.000264 0.974274 0.024326 0.000338 0.000742 0.000056
0.002080 0.000000 0.000086 0.002274 0.995502 0.000057
0.019222 0.000000 0.946375 0.006048 0.028355 0.000000
0.708869 0.000968 0.259400 0.002757 0.027052 0.000953
0.000228 0.976759 0.021576 0.000286 0.001120 0.000031
0.024858 0.000000 0.023306 0.007401 0.167698 0.776736
0.000265 0.000353 0.001110 0.037375 0.960870 0.000026
0.010151 0.000000 0.004324 0.005121 0.174054 0.806350
0.007237 0.000000 0.011564 0.004062 0.969571 0.007566
0.003732 0.000000 0.003447 0.776883 0.043842 0.172095
0.000711 0.055466 0.013506 0.878930 0.019686 0.031702
0.000038 0.995162 0.000207 0.000134 0.004459 0.000000
0.224776 0.149794 0.284916 0.280074 0.002792 0.057649
0.000339 0.974871 0.023940 0.000352 0.000412 0.000086
0.075348 0.012019 -0.000000 0.816314 0.006001 0.090318
0.000295 0.972824 0.025897 0.000383 0.000520 0.000081
0.000000 0.088937 0.699102 0.135870 0.007295 0.068796
0.000168 0.978363 0.019606 0.000253 0.001605 0.000006
0.005889 0.000000 0.949194 0.042698 0.000005 0.002213
0.011635 0.002881 0.000033 0.011204 0.974242 0.000005
0.401802 0.079244 0.480824 0.002315 0.035326 0.000488
0.874805 0.027454 0.044210 0.005752 0.047516 0.000263
0.588162 0.285460 0.039944 0.030289 0.056072 0.000073
0.000081 0.989841 0.006370 0.000170 0.003536 0.000002
0.018302 0.000000 0.020356 0.007422 0.170533 0.783387
0.034521 0.002750 0.860549 0.000868 0.101132 0.000180
0.154257 0.006424 0.079582 0.050229 0.691048 0.018460
0.000769 0.075875 0.022315 0.871945 0.011250 0.017846
0.387529 0.449818 0.057633 0.000703 0.104279 0.000038
0.000477 0.023774 0.003408 0.898325 0.028304 0.045712
0.091749 0.169215 0.680430 0.041432 0.013899 0.003274
0.000182 0.978774 0.019187 0.000256 0.001586 0.000014
0.022015 0.000000 0.961013 0.006341 0.010630 0.000000
0.008117 0.004071 0.854393 0.104510 0.016315 0.012594
0.572776 0.279377 0.119623 0.009879 0.015848 0.002496
0.265332 0.112005 0.555163 0.006431 0.061068 0.000000
0.013372 0.002918 0.000682 0.011446 0.971508 0.000075
0.000347 0.973884 0.024335 0.000487 0.000789 0.000158
0.031528 0.000000 0.040992 0.010146 0.164389 0.752945
0.004955 0.000000 0.001019 0.004958 0.175587 0.813481
0.973520 0.006448 0.005697 0.002019 0.011040 0.001276
0.247463 0.000000 0.357134 0.005592 0.389419 0.000392
0.707382 0.114235 0.112048 0.057370 0.008903 0.000062
0.927064 0.023688 0.032263 0.001131 0.015796 0.000058
0.000178 0.978952 0.018970 0.000254 0.001634 0.000013
0.008282 0.000000 0.013529 0.004384 0.955993 0.017811
0.000177 0.979138 0.018778 0.000250 0.001645 0.000011
0.000188 0.978700 0.019298 0.000256 0.001543 0.000015
0.000304 0.973045 0.026002 0.000330 0.000264 0.000055
0.000632 0.096217 0.022487 0.824532 0.048788 0.007344
0.000567 0.048460 0.012682 0.885248 0.022184 0.030860
0.006354 0.748563 0.214234 0.003385 0.026555 0.000909
0.412739 0.340648 0.094488 0.008843 0.142984 0.000297
0.090756 0.000000 0.756413 0.067111 0.038197 0.047523
0.000209 0.977438 0.020738 0.000278 0.001310 0.000026
0.936099 0.019154 0.041263 0.001170 0.002281 0.000033
0.512839 0.009146 0.363413 0.031171 0.081742 0.001689
0.028769 0.003360 0.010741 0.016024 0.940375 0.000731
0.088788 0.813337 0.047124 0.049257 0.000739 0.000754
0.014016 0.949407 0.000045 0.023416 0.013115 0.000000
0.027867 0.000000 0.033195 0.008999 0.166165 0.763773
0.000097 0.987770 0.008765 0.000185 0.003181 0.000002
0.813682 0.041572 0.122712 0.015104 0.001685 0.005245
0.000373 0.016228 0.002239 0.905913 0.028774 0.046472
0.002155 0.000652 0.145215 0.126189 0.719686 0.006103
0.219970 0.107536 0.000000 0.613618 0.003708 0.055167
0.000045 0.994302 0.001205 0.000140 0.004308 0.000000
0.000245 0.970735 0.028429 0.000320 0.000249 0.000021
0.859363 0.007989 0.125484 0.005679 0.001357 0.000128
0.000249 0.970548 0.028650 0.000322 0.000209 0.000023
0.000039 0.000620 0.000880 0.029281 0.969169 0.000010
0.278712 0.056306 0.444011 0.008154 0.212760 0.000057
0.024235 0.000000 0.961747 0.010563 0.001631 0.001823
0.722948 0.101192 0.158952 0.011488 0.003923 0.001497
0.027814 0.925246 0.008783 0.027329 0.010783 0.000046
0.355239 0.016926 0.614415 0.005152 0.006587 0.001680
0.026697 0.004616 0.529723 0.000989 0.437940 0.000036
0.000363 0.975612 0.022878 0.000408 0.000611 0.000128
0.034195 0.004237 0.801888 0.132183 0.021463 0.006034
0.546910 0.122369 0.277838 0.051621 0.001016 0.000246
0.055122 0.220974 0.497972 0.107999 0.117801 0.000131
0.000225 0.976954 0.021352 0.000283 0.001157 0.000030
0.000179 0.979088 0.018838 0.000250 0.001633 0.000012
0.863538 0.030257 0.062440 0.026821 0.004119 0.012825
0.561003 0.196891 0.197612 0.035369 0.003945 0.005180
0.115016 0.089106 0.652978 0.117341 0.011219 0.014340
0.950445 0.015363 0.030645 0.001066 0.002286 0.000195
0.544569 0.305846 0.112639 0.000681 0.036126 0.000139
0.660589 0.101887 0.182514 0.050002 0.003278 0.001729
0.000045 0.994313 0.001194 0.000140 0.004308 0.000000
0.000092 0.988341 0.008097 0.000182 0.003286 0.000003
0.007301 0.000000 0.907707 0.084293 0.000185 0.000514
0.008211 0.024753 0.392202 0.057272 0.142811 0.374752
0.070917 0.850322 0.033547 0.040643 0.004058 0.000513
0.589334 0.260107 0.101599 0.010354 0.033160 0.005446
0.722305 0.001034 0.226011 0.002627 0.046797 0.001225
0.061909 0.002600 0.884041 0.001320 0.047311 0.002818
0.517765 0.168945 0.238505 0.055025 0.019558 0.000201
0.030881 0.918353 0.011821 0.028842 0.010072 0.000031
0.000674 0.096452 0.023437 0.829265 0.042700 0.007472
0.741248 0.000931 0.218905 0.002619 0.034207 0.002090
0.239223 0.052534 0.037739 0.295030 0.005383 0.370091
0.234056 0.005896 0.534260 0.003701 0.221355 0.000732
0.000137 0.982463 0.014882 0.000223 0.002291 0.000004
0.000757 0.053585 0.011388 0.876447 0.022113 0.035710
0.000716 0.000137 0.979969 0.001679 0.017392 0.000108
0.928345 0.023069 0.032794 0.001155 0.014562 0.000076
0.521486 0.008623 0.379279 0.029521 0.060047 0.001045
0.827606 0.012578 0.128354 0.006785 0.024630 0.000048
0.699499 0.000950 0.279091 0.002753 0.017340 0.000367
0.175224 0.000000 0.684058 0.021862 0.116969 0.001887
0.630708 0.172733 0.145749 0.022253 0.028355 0.000202
0.003824 0.004498 0.047285 0.044737 0.078872 0.820785
0.008132 0.004515 0.961228 0.005383 0.011933 0.008810
0.792147 0.066591 0.093901 0.046028 0.000742 0.000592
0.679032 0.067161 0.234883 0.015244 0.002858 0.000821
0.161672 0.164784 -0.000000 0.659704 0.009941 0.003899
0.000131 0.982552 0.014764 0.000220 0.002330 0.000002
0.000040 0.994726 0.000705 0.000137 0.004392 0.000000
0.124231 0.773750 0.036057 0.060590 0.001570 0.003802
0.476321 0.224838 0.197121 0.060111 0.041476 0.000134
0.000169 0.978271 0.019711 0.000254 0.001588 0.000007
0.013392 0.000000 0.006788 0.005299 0.173013 0.801508
0.006353 0.619107 0.303262 0.003764 0.054106 0.013408
0.000182 0.147163 0.001055 0.617379 0.234175 0.000045
0.000619 0.050466 0.013257 0.885152 0.019446 0.031060
0.001998 0.624280 0.085863 0.001917 0.285436 0.000506
0.000195 0.978408 0.019646 0.000261 0.001470 0.000018
0.000145 0.980814 0.016774 0.000232 0.002032 0.000003
0.000659 0.089028 0.030379 0.871218 0.006224 0.002493
0.255266 0.410104 0.327583 0.006955 -0.000000 0.000091
0.000285 0.973752 0.024846 0.000371 0.000671 0.000076
0.000239 0.976005 0.022326 0.000316 0.001067 0.000047
0.741077 0.020798 0.142409 0.023879 0.071798 0.000039
0.060347 0.227940 0.541205 0.128316 0.015908 0.026285
0.000648 0.090008 0.030040 0.867440 0.009641 0.002224
0.000160 0.148537 0.000036 0.609704 0.241557 0.000007
0.610940 0.245120 0.134299 0.000695 0.008582 0.000365
0.574767 0.007754 0.320052 0.032619 0.059145 0.005664
0.022358 0.000000 0.959563 0.006408 0.011670 0.000000
0.973960 0.008291 0.008962 0.001301 0.006710 0.000776
0.070633 0.850690 0.033502 0.040592 0.004080 0.000503
0.002319 0.008536 0.019537 0.965354 0.004122 0.000132
0.000040 0.994762 0.000666 0.000137 0.004394 0.000000
0.638175 0.081235 0.162983 0.004097 0.113506 0.000004
0.000331 0.974026 0.024659 0.000389 0.000495 0.000100
0.000653 0.089930 0.020361 0.830406 0.046553 0.012097
0.000503 0.107838 0.021743 0.792306 0.076818 0.000792
0.003476 0.018490 0.064461 0.910457 0.003019 0.000096
0.046718 0.013155 0.899838 0.019348 0.020010 0.000932
0.231609 0.238872 0.517636 0.011409 0.000004 0.000472
0.000000 0.012459 0.002245 0.000000 0.985258 0.000038
0.000250 0.970579 0.028663 0.000315 0.000174 0.000019
0.861805 0.025454 0.044610 0.007355 0.060441 0.000335
0.949746 0.015569 0.029695 0.001115 0.003641 0.000234
0.358670 0.356077 0.073091 0.008181 0.203552 0.000429
0.621116 0.139999 0.213404 0.012534 0.012714 0.000234
0.025484 0.000000 0.043361 0.009113 0.763322 0.158720
0.959403 0.012415 0.022126 0.001241 0.004340 0.000474
0.002601 0.000000 0.007022 0.652888 0.336388 0.001100
0.000216 0.977327 0.020903 0.000278 0.001248 0.000027
0.002044 0.000000 0.000010 0.002263 0.995640 0.000044
0.015350 0.947204 0.000828 0.023717 0.012899 0.000002
0.017345 0.003029 0.003170 0.012564 0.963655 0.000237
0.088771 0.172658 0.673243 0.041071 0.021660 0.002598
0.817114 0.013531 0.144891 0.020725 0.003554 0.000185
0.000737 0.076319 0.023022 0.872582 0.011201 0.016138
0.001072 0.971164 0.024695 0.001931 0.001136 0.000002
0.022123 0.000000 0.043291 0.009138 0.840997 0.084451
0.625678 0.170531 0.154954 0.036276 0.003795 0.008766
0.550812 0.000000 0.231586 0.010764 0.189599 0.017238
0.000000 0.096044 0.811865 0.074885 0.008913 0.008293
0.000048 0.993982 0.001580 0.000142 0.004248 0.000001
0.835903 0.057129 0.018871 0.001770 0.086310 0.000017
0.548382 0.149173 0.236976 0.052047 0.013062 0.000361
0.202672 0.507123 0.236021 0.023062 0.023458 0.007664
0.000040 0.994732 0.000699 0.000137 0.004391 0.000000
0.000207 0.145893 0.001998 0.624614 0.227106 0.000182
0.666845 0.067010 0.247964 0.015294 0.002383 0.000504
0.704130 0.067748 0.150986 0.003615 0.073504 0.000017
0.000035 0.995237 0.000103 0.000135 0.004490 0.000000
0.964129 0.011449 0.018718 0.001118 0.004116 0.000470
0.057403 0.293474 -0.000000 0.595171 0.053922 0.000030
0.113559 0.787346 0.040106 0.055273 0.001091 0.002625
0.007055 0.621723 0.322804 0.003942 0.028982 0.015494
0.607637 0.088804 0.154885 0.004208 0.144465 0.000001
0.232663 0.035167 0.700242 0.011511 0.012682 0.007735
0.047959 0.245246 0.510504 0.127603 0.048276 0.020412
0.572436 0.099819 0.120851 0.004167 0.202722 0.000005
0.902709 0.031849 0.033443 0.001371 0.030596 0.000032
0.000774 0.000165 0.964800 0.001818 0.032314 0.000129
0.639173 0.105721 0.225547 0.018053 0.011416 0.000089
0.698387 0.068630 0.154530 0.003693 0.074743 0.000016
0.000782 0.085306 0.026789 0.869770 0.006686 0.010668
0.618858 0.087122 0.145519 0.004097 0.144398 0.000007
0.786805 0.083793 0.103872 0.013591 0.008601 0.003338
0.000036 0.995180 0.000176 0.000135 0.004473 0.000000
0.005608 0.000000 0.007415 0.003413 0.973650 0.009914
0.000349 0.014457 0.001949 0.907657 0.028905 0.046683
0.000262 0.970877 0.028300 0.000329 0.000201 0.000031
0.968418 0.009466 0.013338 0.001419 0.006598 0.000760
0.265395 0.259660 0.460362 0.012838 0.000030 0.001715
0.211891 0.094652 0.184668 0.261183 0.001343 0.246264
0.002069 0.190759 0.001461 0.489714 0.315960 0.000037
0.004388 0.003577 0.927768 0.004155 0.055217 0.004894
0.011379 0.689154 0.270135 0.005430 0.008898 0.015004
0.306597 0.000000 0.318990 0.175011 0.001535 0.197866
0.000159 0.979693 0.018079 0.000243 0.001821 0.000006
0.000000 0.042912 0.874763 0.000000 0.073318 0.009007
0.947756 0.016315 0.030077 0.001101 0.004545 0.000206
0.974983 0.007727 0.007498 0.001407 0.007516 0.000869
0.429087 0.057947 0.508143 0.002095 0.001796 0.000931
0.087774 0.815785 0.045732 0.048852 0.001056 0.000801
0.481984 0.200004 0.228518 0.058732 0.030712 0.000050
0.030121 0.017707 0.861293 0.014323 0.076512 0.000044
0.000165 0.978162 0.019839 0.000250 0.001580 0.000003
0.000152 0.978944 0.018897 0.000245 0.001762 0.000001
0.130773 0.035499 -0.000000 0.746502 0.005434 0.081791
0.711125 0.183979 0.091522 0.000825 0.009399 0.003150
0.566847 0.283787 0.123711 0.009945 0.013662 0.002048
0.004201 0.000000 0.004238 0.002910 0.982706 0.005945
0.148015 0.208213 0.068688 0.083988 0.491088 0.000007
0.000046 0.994243 0.001281 0.000140 0.004290 0.000000
0.000213 0.978854 0.019157 0.000272 0.001474 0.000031
0.000234 0.978605 0.019406 0.000297 0.001409 0.000049
0.252863 0.049189 0.322167 0.007362 0.368297 0.000122
0.952966 0.014459 0.027791 0.001153 0.003327 0.000304
0.000570 0.055382 0.015638 0.882155 0.020506 0.025749
0.437118 0.058623 0.496328 0.002165 0.004328 0.001438
0.077090 0.841197 0.035120 0.042381 0.003486 0.000727
0.067657 0.000000 0.135198 0.024190 0.301585 0.471370
0.803156 0.041950 0.121050 0.004901 0.028801 0.000142
0.672018 0.001250 0.249066 0.002959 0.074430 0.000277
0.000035 0.995296 0.000037 0.000134 0.004499 0.000000
0.000546 0.035142 0.007417 0.892294 0.024724 0.039878
0.000184 0.979065 0.018883 0.000251 0.001603 0.000014
0.000657 0.089056 0.030398 0.871180 0.006283 0.002425
0.388001 0.078660 0.516637 0.006697 0.009987 0.000018
0.267721 0.073386 0.063842 0.328971 0.004016 0.262064
0.000254 0.970612 0.028588 0.000325 0.000196 0.000026
0.184889 0.000000 0.703720 0.022496 0.086342 0.002554
0.046208 0.851976 0.026276 0.037397 0.038099 0.000043
0.000674 0.081950 0.022864 0.857697 0.024092 0.012724
0.000703 0.000172 0.959299 0.001800 0.037977 0.000048
0.738405 0.039373 0.150903 0.005673 0.039665 0.025980
0.185068 0.019305 -0.000000 0.757795 0.008093 0.029737
0.858013 0.010265 0.108318 0.006063 0.017178 0.000163
0.000050 0.993623 0.001991 0.000144 0.004192 0.000000
0.039300 0.244409 0.562097 0.108726 0.040335 0.005132
0.010362 0.029905 0.647354 0.069189 0.027329 0.215862
0.000592 0.096508 0.027372 0.841316 0.032952 0.001260
0.000068 0.991400 0.004568 0.000159 0.003803 0.000001
0.948928 0.015806 0.031255 0.001082 0.002741 0.000187
0.184141 0.601283 0.116706 0.087235 0.006073 0.004561
0.000231 0.972800 0.026048 0.000307 0.000593 0.000022
0.645698 0.078132 0.177840 0.004172 0.094157 0.000002
0.694491 0.047956 0.006329 0.014037 0.237185 0.000001
0.000225 0.971987 0.026964 0.000305 0.000504 0.000015
0.055348 0.004650 0.658329 0.173987 0.076969 0.030717
0.000558 0.107230 0.022430 0.798302 0.069656 0.001824
0.590762 0.264978 0.124494 0.000692 0.018697 0.000376
0.904291 0.006263 0.079470 0.005479 0.004079 0.000419
0.002886 0.000000 0.001659 0.002511 0.991785 0.001158
0.586307 0.274320 0.117454 0.009502 0.009997 0.002420
0.140555 0.666710 0.125246 0.059214 0.007054 0.001221
0.000044 0.994269 0.001235 0.000140 0.004312 0.000000
0.000202 0.978283 0.019832 0.000260 0.001404 0.000019
0.000236 0.973613 0.025116 0.000310 0.000697 0.000029
0.968194 0.009687 0.013823 0.001361 0.006220 0.000715
0.000340 0.013781 0.001850 0.908349 0.028940 0.046741
0.705211 0.116216 0.111108 0.057972 0.009420 0.000073
0.597890 0.262855 0.108023 0.009773 0.017401 0.004058
0.000155 0.979721 0.018040 0.000241 0.001839 0.000004
0.484549 0.076255 0.406493 0.008999 0.023660 0.000043
0.001123 0.069673 0.002968 0.879527 0.046708 0.000000
0.006710 0.144523 0.060603 0.698230 0.089250 0.000685
0.438721 0.109616 0.418218 0.027273 0.005201 0.000970
0.000171 0.979304 0.018569 0.000247 0.001700 0.000009
0.025370 0.005112 0.609940 0.117808 0.240096 0.001674
0.928601 0.022964 0.032847 0.001156 0.014354 0.000077
0.008694 0.000000 0.003262 0.005050 0.174515 0.808479
0.557299 0.007652 0.358851 0.030729 0.041922 0.003546
0.171327 0.080097 0.000000 0.693100 0.003583 0.051892
0.191440 0.124808 0.000000 0.661073 0.002523 0.020155
0.002074 0.000000 0.000026 0.002264 0.995559 0.000077
0.000356 0.975176 0.023335 0.000410 0.000599 0.000124
0.219864 0.137748 0.504677 0.126893 0.010818 0.000000
0.000674 0.084850 0.022890 0.851676 0.028146 0.011764
0.948391 0.015964 0.033493 0.001017 0.001020 0.000114
0.478919 0.300050 0.096675 0.015253 0.109012 0.000091
0.000205 0.973253 0.025504 0.000287 0.000744 0.000007
0.000480 0.978595 0.018192 0.000722 0.001664 0.000347
0.008390 0.581604 0.262238 0.006127 0.090909 0.050732
0.022601 0.000000 0.042082 0.008875 0.838947 0.087495
0.001476 0.248717 -0.000000 0.108123 0.624852 0.016831
0.697796 0.193374 0.095368 0.000791 0.009962 0.002709
0.790942 0.083235 0.100855 0.013222 0.008460 0.003286
0.000159 0.979618 0.018159 0.000244 0.001814 0.000006
0.000171 0.979936 0.017889 0.000238 0.001758 0.000008
0.000261 0.970804 0.028384 0.000328 0.000194 0.000030
0.665080 0.084587 0.227052 0.016112 0.006764 0.000405
0.005377 0.000000 0.947966 0.045983 0.000032 0.000643
0.109105 0.005759 0.066268 0.041472 0.773689 0.003707
0.000255 0.140841 0.004750 0.647694 0.206098 0.000363
0.026230 0.000000 0.954478 0.012159 0.004167 0.002965
0.000153 0.980524 0.017115 0.000238 0.001963 0.000007
0.000670 0.087195 0.026583 0.860826 0.017537 0.007189
0.000058 0.992795 0.002957 0.000150 0.004040 0.000001
0.000101 0.987269 0.009334 0.000189 0.003104 0.000003
0.453524 0.322574 0.088881 0.008345 0.125724 0.000952
0.106252 0.005643 0.063707 0.040596 0.779165 0.004637
0.002929 0.706059 0.288079 0.002609 0.000299 0.000024
0.000274 0.973768 0.024904 0.000349 0.000644 0.000061
0.084122 0.829556 0.037453 0.045108 0.002758 0.001003
0.037192 0.012304 0.929334 0.013984 0.006887 0.000300
0.388881 0.146591 0.350942 0.028095 0.084961 0.000530
0.015263 0.039732 0.767671 0.177274 0.000000 0.000059
0.948208 0.016163 0.028486 0.001151 0.005731 0.000262
0.000312 0.133783 0.008565 0.679473 0.177479 0.000387
0.000073 0.990899 0.005150 0.000163 0.003713 0.000002
0.000650 0.061769 0.017677 0.879454 0.016645 0.023804
0.000774 0.061202 0.014804 0.874165 0.018769 0.030285
0.652573 0.102909 0.188647 0.050961 0.003217 0.001692
0.116065 0.711434 0.108637 0.050541 0.012876 0.000447
0.002128 0.000654 0.147198 0.126908 0.718596 0.004517
0.000166 0.979377 0.018469 0.000245 0.001736 0.000007
0.004578 0.806021 0.140271 0.002938 0.046005 0.000188
0.004121 0.000000 0.016401 0.758090 0.216111 0.005277
0.959124 0.013337 0.024327 0.000919 0.002056 0.000237
0.012662 0.002899 0.000284 0.011272 0.972837 0.000046
0.091894 0.195643 0.569856 0.121277 0.012047 0.009283
0.000286 0.971941 0.027121 0.000341 0.000260 0.000051
0.923270 0.024607 0.034376 0.001208 0.016484 0.000056
0.290590 0.007562 0.119330 0.097253 0.362159 0.123105
0.214156 0.296726 0.476739 0.011988 0.000059 0.000333
0.000034 0.995318 0.000010 0.000134 0.004504 0.000000
0.000600 0.095010 0.026617 0.841852 0.033208 0.002714
0.000534 0.035924 0.008089 0.892822 0.023989 0.038642
0.021378 0.000000 0.045142 0.009381 0.892020 0.032079
0.307247 0.227342 0.268809 0.100805 0.094227 0.001569
0.082091 0.193018 0.622367 0.039451 0.062351 0.000721
0.319640 0.166895 0.003579 0.004820 0.505067 0.000000
0.015789 0.006625 0.264758 0.104166 0.608389 0.000273
0.005693 0.000694 0.178967 0.250495 0.346491 0.217659
0.000042 0.994754 0.000683 0.000137 0.004385 0.000000
0.000038 0.995146 0.000225 0.000134 0.004456 0.000000
0.018247 0.003064 0.004026 0.012932 0.961601 0.000130
0.000356 0.975731 0.022942 0.000368 0.000498 0.000104
0.000140 0.982119 0.015278 0.000225 0.002234 0.000005
0.000186 0.147676 0.000934 0.615965 0.235135 0.000103
0.876824 0.007308 0.107438 0.005661 0.002519 0.000250
0.177982 0.018489 0.000000 0.750184 0.015676 0.037669
0.000333 0.129506 0.010818 0.698009 0.161236 0.000097
0.003408 0.000000 0.173386 0.799559 0.017805 0.005842
0.000035 0.995259 0.000081 0.000134 0.004490 0.000000
0.018567 0.000000 0.966010 0.005799 0.009623 0.000000
0.000156 0.979850 0.017893 0.000241 0.001855 0.000005
0.002723 0.029821 0.132835 0.830553 0.004056 0.000011
0.000039 0.995018 0.000376 0.000135 0.004431 0.000000
0.938974 0.018430 0.038793 0.001150 0.002582 0.000070
0.326673 0.165572 0.001986 0.004739 0.501031 0.000000
0.000307 0.973215 0.025814 0.000331 0.000275 0.000057
0.003910 0.574496 0.416001 0.003434 0.001603 0.000555
0.163091 0.176341 -0.000000 0.644205 0.013018 0.003345
0.177112 0.069558 0.211928 0.006946 0.534441 0.000015
0.960234 0.011806 0.020773 0.001378 0.005225 0.000585
0.736054 0.095207 0.143872 0.014524 0.007577 0.002765
0.000250 0.970840 0.028319 0.000323 0.000243 0.000025
0.000247 0.975521 0.022930 0.000316 0.000940 0.000046
0.002863 0.000711 0.168310 0.146711 0.657925 0.023480
0.961914 0.011593 0.019713 0.001290 0.004938 0.000553
0.000196 0.978085 0.019982 0.000268 0.001449 0.000020
0.298029 0.024094 0.034982 0.043189 0.599619 0.000086
0.000181 0.979574 0.018332 0.000243 0.001661 0.000011
0.000489 0.110581 0.019832 0.778630 0.089010 0.001458
0.000952 0.001586 0.238350 0.271421 0.433328 0.054363
0.190539 0.517078 0.257883 0.020125 0.010577 0.003798
0.000281 0.971840 0.027216 0.000341 0.000273 0.000048
0.000584 0.051440 0.013794 0.883884 0.021040 0.029258
0.018473 0.003061 0.003916 0.012905 0.961358 0.000286
0.003460 0.000000 0.179218 0.795901 0.015396 0.006025
0.003883 0.593987 0.393716 0.003587 0.004134 0.000693
0.060342 0.000000 0.936601 0.002526 0.000474 0.000058
0.951400 0.015102 0.030050 0.001058 0.002186 0.000204
0.451256 0.073182 0.442648 0.002237 0.029052 0.001624
0.000037 0.995117 0.000251 0.000135 0.004460 0.000000
0.013444 0.000000 0.008923 0.005697 0.172646 0.799290
0.145933 0.423427 0.008444 0.006304 0.415874 0.000018
0.529896 0.305090 0.020692 0.087800 0.056511 0.000010
0.740905 0.058571 0.056022 0.119852 0.016131 0.008519
0.000220 0.976974 0.021287 0.000286 0.001202 0.000031
0.044808 0.160968 0.738333 0.012165 0.041300 0.002426
0.024117 0.000000 0.033099 0.009173 0.208841 0.724770
0.759368 0.052136 0.176132 0.003783 0.008547 0.000034
0.000126 0.983888 0.013239 0.000213 0.002530 0.000004
0.000328 0.001204 0.136637 0.103803 0.757127 0.000901
0.971355 0.008345 0.010104 0.001538 0.007761 0.000897
0.135330 0.059969 0.609451 0.160571 0.002732 0.031947
0.000226 0.977142 0.021165 0.000278 0.001160 0.000029
0.048385 0.884382 0.025206 0.035262 0.006714 0.000049
0.000234 0.971022 0.028114 0.000307 0.000311 0.000013
0.343259 0.016933 0.627373 0.005135 0.005881 0.001419
0.000238 0.975976 0.022429 0.000304 0.001013 0.000040
0.129994 0.066549 0.691678 0.015021 0.094150 0.002608
0.000277 0.972844 0.026003 0.000346 0.000475 0.000056
0.085629 0.824677 0.038493 0.047432 0.002570 0.001200
0.939661 0.018358 0.037493 0.001140 0.003264 0.000084
0.000292 0.972352 0.026746 0.000329 0.000233 0.000048
0.026391 0.000000 0.921163 0.007989 0.044456 0.000001
0.681425 0.078205 0.218426 0.015526 0.005676 0.000742
0.964047 0.010891 0.017663 0.001332 0.005448 0.000620
0.000349 0.014476 0.001968 0.907676 0.028883 0.046648
0.955410 0.014048 0.026951 0.001032 0.002308 0.000252
0.006960 0.612240 0.309605 0.004284 0.046330 0.020582
0.166767 0.038398 0.753913 0.010144 0.029680 0.001097
0.121568 0.066916 0.697550 0.014995 0.097718 0.001252
0.737532 0.056457 0.185102 0.003877 0.017009 0.000023
0.430702 0.079508 0.448811 0.002275 0.037662 0.001043
0.929481 0.021720 0.039100 0.001216 0.008438 0.000044
0.000176 0.979022 0.018898 0.000251 0.001642 0.000011
0.017654 0.003036 0.003299 0.012614 0.963151 0.000246
0.724805 0.100394 0.113010 0.055575 0.006042 0.000175
0.168433 0.041096 0.734566 0.010368 0.044259 0.001277
0.000555 0.105094 0.022517 0.803025 0.066475 0.002334
0.427613 0.000000 0.180329 0.027124 0.184024 0.180910
0.429632 0.333297 0.092095 0.008604 0.135847 0.000525
0.009310 0.000000 0.015888 0.004760 0.949171 0.020872
0.161499 0.053910 0.726202 0.015465 0.032581 0.010343
0.175890 0.021637 -0.000000 0.785239 0.008310 0.008923
0.010055 0.684150 0.291759 0.004317 0.003486 0.006233
0.943360 0.017152 0.037610 0.001083 0.000723 0.000071
0.245438 0.005488 0.598986 0.003775 0.145631 0.000681
0.000536 0.980976 0.015259 0.000802 0.002006 0.000420
0.000171 0.979130 0.018750 0.000250 0.001688 0.000010
0.000209 0.977654 0.020516 0.000273 0.001323 0.000024
0.515591 0.169856 0.239377 0.055199 0.019791 0.000185
0.298340 0.000000 0.669814 0.011117 0.016834 0.003895
0.300373 0.407829 0.283699 0.007524 0.000000 0.000576
0.000046 0.993961 0.001591 0.000143 0.004259 0.000000
0.929554 0.021667 0.039315 0.001217 0.008205 0.000043
0.007046 0.743741 0.219718 0.003486 0.024069 0.001940
0.000805 0.000166 0.965230 0.001798 0.031873 0.000129
0.000038 0.995105 0.000274 0.000135 0.004447 0.000000
0.000202 0.978021 0.020125 0.000262 0.001371 0.000019
0.873325 0.007490 0.108518 0.006211 0.004148 0.000308
0.231874 0.499083 0.262106 0.006828 0.000000 0.000108
0.459162 0.000000 0.475250 0.006137 0.058661 0.000791
0.603872 0.111510 0.230162 0.051353 0.002071 0.001032
0.939780 0.019236 0.030961 0.001088 0.008803 0.000133
0.000489 0.979768 0.017155 0.000676 0.001582 0.000331
0.000147 0.981194 0.016344 0.000232 0.002079 0.000005
0.562516 0.192514 0.206093 0.032943 0.001909 0.004025
0.001747 0.005440 0.011653 0.976803 0.004222 0.000135
0.000243 0.970774 0.028380 0.000319 0.000263 0.000020
0.087773 0.822518 0.038842 0.047279 0.002377 0.001211
0.000642 0.057698 0.016256 0.882278 0.016795 0.026330
0.000678 0.088137 0.030465 0.874133 0.003375 0.003213
0.877640 0.000384 0.050932 0.005032 0.045882 0.020129
0.971240 0.009542 0.012387 0.001112 0.005128 0.000593
0.732323 0.051638 0.196278 0.015615 0.001220 0.002926
0.046569 0.170586 0.717488 0.012289 0.050454 0.002614
0.000260 0.970573 0.028709 0.000317 0.000119 0.000023
0.000258 0.000352 0.000615 0.037092 0.961659 0.000024
0.412096 0.066744 0.502672 0.002217 0.015529 0.000741
0.413782 0.341393 0.098373 0.009012 0.137269 0.000170
0.058488 0.000000 0.939036 0.002343 0.000088 0.000044
0.001306 0.625012 0.035981 0.001641 0.335957 0.000101
0.009515 0.004158 0.767080 0.125666 0.053097 0.040484
0.867597 0.045021 0.026803 0.001580 0.058988 0.000011
0.000681 0.086067 0.028755 0.872010 0.006812 0.005676
0.011333 0.381525 0.420508 0.009163 0.177332 0.000139
0.921961 0.025031 0.034641 0.001218 0.017099 0.000050
0.661617 0.116362 0.206849 0.011967 0.002613 0.000592
0.269606 0.151787 0.097574 0.423686 0.029454 0.027893
0.000236 0.969687 0.029630 0.000314 0.000122 0.000010
0.949707 0.015545 0.031669 0.001059 0.001847 0.000173
0.000035 0.995286 0.000049 0.000134 0.004496 0.000000
0.650044 0.122568 0.209674 0.012137 0.005090 0.000486
0.011343 0.095420 0.886356 0.004799 0.001369 0.000712
0.044448 0.002498 0.902881 0.001016 0.048042 0.001115
0.000347 0.014325 0.001950 0.907839 0.028886 0.046653
0.000597 0.096251 0.024668 0.831607 0.042676 0.004201
0.144466 0.060909 0.704789 0.015440 0.067640 0.006757
0.650403 0.077332 0.175306 0.004124 0.092832 0.000003
0.333027 0.052849 0.454590 0.008409 0.150973 0.000151
0.350549 0.159080 0.014664 0.004691 0.471015 0.000000
0.075105 0.832427 0.045119 0.045475 0.001711 0.000163
0.002450 0.676860 0.302825 0.002806 0.014976 0.000083
0.000723 0.053934 0.012419 0.878437 0.020853 0.033634
0.002067 0.000000 0.000047 0.002268 0.995567 0.000051
0.003513 0.000000 0.002806 0.002688 0.986842 0.004151
0.000151 0.979851 0.017880 0.000239 0.001877 0.000003
0.000165 0.978803 0.019099 0.000250 0.001678 0.000006
0.091763 0.213214 0.553824 0.039907 0.098155 0.003137
0.074273 0.835359 0.042738 0.045108 0.002220 0.000301
0.000039 0.994800 0.000617 0.000137 0.004406 0.000000
0.000800 0.000435 0.040213 0.061520 0.894920 0.002113
0.430075 0.058775 0.503857 0.002159 0.003912 0.001222
0.000036 0.995198 0.000154 0.000135 0.004477 0.000000
0.185722 0.135224 0.000000 0.668903 0.001418 0.008734
0.001380 0.000000 0.000005 0.577504 0.421096 0.000015
0.000058 0.992537 0.003246 0.000151 0.004007 0.000000
0.036773 0.002233 0.949859 0.000856 0.009972 0.000307
0.003594 0.000000 0.003145 0.002739 0.988453 0.002069
0.084439 0.063672 0.751807 0.096358 0.001638 0.002086
0.029678 0.000000 0.937692 0.007905 0.024724 0.000001
0.000417 0.000376 0.011835 0.043717 0.943395 0.000260
0.264435 0.057500 0.436170 0.007985 0.233884 0.000026
0.147379 0.640992 0.147729 0.061378 0.001528 0.000993
0.006272 0.011613 0.191141 0.049183 0.065101 0.676689
0.025299 0.000000 0.044809 0.009489 0.737544 0.182859
0.000227 0.971310 0.027737 0.000309 0.000404 0.000014
0.009903 0.000000 0.017793 0.005044 0.955384 0.011875
0.000081 0.989836 0.006379 0.000170 0.003532 0.000002
0.000034 0.995323 0.000003 0.000134 0.004506 0.000000
0.516100 0.302234 0.113690 0.009595 0.056850 0.001532
0.000248 0.975376 0.023130 0.000311 0.000893 0.000043
0.000035 0.995246 0.000096 0.000134 0.004488 0.000000
0.000171 0.147454 0.000685 0.614927 0.236741 0.000022
0.015414 0.044737 0.754303 0.185493 0.000000 0.000053
0.000247 0.975892 0.022631 0.000294 0.000900 0.000036
0.936658 0.020340 0.031240 0.001096 0.010552 0.000113
0.817618 0.013412 0.141385 0.021438 0.005894 0.000253
0.526028 0.168218 0.232354 0.053586 0.019612 0.000202
0.000255 0.970657 0.028539 0.000325 0.000198 0.000026
0.000499 0.977707 0.018386 0.000881 0.002092 0.000435
0.000038 0.994938 0.000457 0.000136 0.004431 0.000000
0.717556 0.064005 0.154077 0.003707 0.060629 0.000026
0.170598 0.630635 0.018908 0.156551 0.006798 0.016510
0.493983 0.055981 0.441056 0.002101 0.004168 0.002711
0.114344 0.075297 0.671106 0.121660 0.004525 0.013067
0.011916 0.010770 0.833751 0.116779 0.014399 0.012386
0.000668 0.068122 0.020418 0.877282 0.014013 0.019498
0.000290 0.135920 0.007124 0.668583 0.187538 0.000545
0.000566 0.099690 0.024859 0.823899 0.048962 0.002025
0.936071 0.020421 0.031723 0.001121 0.010544 0.000120
0.176109 0.144804 -0.000000 0.670247 0.003556 0.005284
0.000176 0.148502 0.000430 0.611900 0.238927 0.000064
0.354987 0.000000 0.553659 0.012793 0.045524 0.033037
0.000090 0.987872 0.008614 0.000184 0.003241 0.000001
0.031138 0.298526 0.459248 0.104513 0.106007 0.000568
0.000040 0.994834 0.000582 0.000137 0.004408 0.000000
0.000262 0.971331 0.027775 0.000329 0.000269 0.000034
0.452148 0.287955 0.208839 0.033968 0.016582 0.000507
0.003505 0.021989 0.090970 0.881259 0.002207 0.000070
0.203590 0.569733 0.219833 0.006782 0.000000 0.000062
0.285630 0.021135 0.678934 0.004434 0.009438 0.000429
0.000534 0.106781 0.022546 0.798794 0.070163 0.001182
0.793154 0.000688 0.175585 0.003103 0.020591 0.006878
0.000467 0.024469 0.004017 0.898835 0.027615 0.044597
0.075779 0.098211 0.711016 0.090296 0.019540 0.005158
0.650351 0.141344 0.177026 0.011740 0.018977 0.000562
0.816173 0.014068 0.126130 0.021705 0.021583 0.000341
0.000298 0.135920 0.007349 0.669734 0.186171 0.000528
0.013087 0.000000 0.025260 0.006223 0.938392 0.017038
0.542454 0.296787 0.127029 0.009818 0.022902 0.001010
0.947441 0.016123 0.033618 0.001072 0.001605 0.000142
0.000129 0.982928 0.014335 0.000217 0.002388 0.000002
0.092386 0.202824 0.579901 0.041063 0.079867 0.003958
0.915288 0.027009 0.036907 0.001294 0.019476 0.000026
0.156357 0.639031 0.128961 0.068339 0.005128 0.002184
0.088531 0.012343 0.010839 0.298599 0.002939 0.586748
0.025637 0.000000 0.045681 0.009660 0.726514 0.192508
0.000091 0.988530 0.007887 0.000179 0.003310 0.000002
0.129798 0.745894 0.033992 0.081403 0.002612 0.006302
0.379075 0.010868 0.182215 0.111286 0.233349 0.083208
